Energy 
 
3.8998005448887016 
2.4734860236183747 
0.7661908380949873 
-1.0450680372746772 
-3.2189957165693537 
-5.572212780110626 
-7.636439611294097 
-9.504220283726251 
-11.017022315885331 
-12.151860928098639 
-13.07013697517591 
-13.774350786626595 
-14.267607879689002 
-14.6461808590608 
-14.955699332143375 
-15.322550127167474 
-15.663585331281412 
-15.968594220637087 
-16.30945562288339 
-16.5937495515231 
-16.85631997686505 
-17.10799722454804 
-17.34653835327382 
-17.570677762427213 
-17.794381734321874 
-18.01383446689849 
-18.222378172404813 
-18.416395477595703 
-18.60425793876721 
-18.783034896087123 
-18.94980788862179 
-19.104936469944263 
-19.25327115847157 
-19.39428282262298 
-19.528478959983254 
-19.662662779572948 
-19.79323421276354 
-19.93829396218036 
-20.069301259852928 
-20.19421948413123 
-19.92015181681202 
-20.41710478446783 
-20.563940750689216 
-20.68835063379961 
-20.796055971982135 
-20.902391391200975 
-21.01015321031513 
-21.117465107102422 
-21.226719393933042 
-21.337841027914248 
-21.443821403962815 
-21.548297117706557 
-21.580615569292398 
-21.710076766847738 
-21.82737863119063 
-21.925070929139057 
-22.01692272455873 
-22.10319051553622 
-22.17216507603128 
-22.276218208215308 
-22.36415974428918 
-22.44471695388289 
-22.52344777798309 
-22.601963727616294 
-22.485347865761312 
-22.73264420851558 
-22.821859773336893 
-22.898386577914433 
-22.970769037695213 
-23.02298197704687 
-23.089666440000528 
-23.159296278026577 
-23.22257987668692 
-23.282129776271454 
-23.34131657804029 
-23.396303983607783 
-23.451843709242784 
-23.504897095781715 
-23.556096016080122 
-23.608033300014164 
-23.65738269580515 
-23.705867290770545 
-23.752726869894516 
-23.798239951945654 
-23.84178441550107 
-23.884744254328183 
-23.92388027886561 
-23.961141637608506 
-23.976258564841274 
-24.007643299074083 
-24.069799040022254 
-24.10293505516006 
-24.125124529353414 
-24.155458867070916 
-24.201909761530313 
-24.232114082590478 
-24.26177301862967 
-24.28919859923202 
-24.315132895382476 
-24.338631926998666 
-24.34584120176385 
-24.351736278680853 
-24.39350747699024 
-24.433746087017315 
-24.456266161801196 
-24.48022723787401 
-24.50156237193047 
-24.52194810783937 
-24.541418812096904 
-24.560307452055724 
-24.57870571976842 
-24.596757536158616 
-24.61552532603065 
-24.633105376144453 
-24.64964722203502 
-24.665749814403274 
-24.68136617578308 
-24.69662022485482 
-24.710670091034068 
-24.71575471047516 
-24.691076741671363 
-24.74434563426008 
-24.76410285341277 
-24.775222801745265 
-24.777707346599605 
-24.744525690916912 
-24.79533473556298 
-24.814626370713324 
-24.832461826666915 
-24.84816261906365 
-24.860816042171443 
-24.871738107676947 
-24.88320852077211 
-24.89329667037489 
-24.90294618007275 
-24.912663432639427 
-24.923921232798268 
-24.93438743135728 
-24.94479312260425 
-24.954302210701375 
-24.963435930478163 
-24.97235383753202 
-24.98114339017683 
-24.989693267157236 
-24.99797094097494 
-24.99896083346082 
-25.013389678421202 
-25.02228829791545 
-25.02994024154654 
-25.037091056624096 
-25.04407557643353 
-25.050908074162688 
-25.05732387133371 
-25.06247197105809 
-25.053893629112352 
-25.0573268720092 
-25.058004014948896 
-25.07989160260352 
-25.093309641231073 
-25.096075565784215 
-25.06591508666064 
-25.052149348552344 
-25.05158473972053 
-25.10672870794071 
-25.109625791679974 
-25.12083821328099 
-25.13107259501879 
-25.138836379328872 
-25.14610744032328 
-25.14703061485628 
-25.137266926874123 
-25.132611229951863 
-25.14495692314455 
-25.159600466196828 
-25.17096983291311 
-25.178710106421946 
-25.183207932637917 
-25.18736711858205 
-25.191384131814253 
-25.195304398636107 
-25.19909319864391 
-25.201884597034926 
-25.204481731177612 
-25.20299589517259 
-25.20337212167879 
-25.203358393549514 
-25.204315712094992 
-25.21140902341201 
-25.222375240395117 
-25.224124685510827 
-25.22660461936624 
-25.230477429295224 
-25.234975106686633 
-25.239350347967815 
-25.24314124240536 
-25.24631875398728 
-25.249215493784604 
-25.251922020641747 
-25.25455436705106 
-25.257129574580887 
-25.25963849303986 
-25.26210171352969 
-25.264504009303185 
-25.26685624885752 
-25.26917581727401 
-25.271440183517637 
-25.27365334941468 
-25.275818435699428 
-25.27792361614402 
-25.278525998011258 
-25.27663568669827 
-25.282163688264397 
-25.285524831190763 
-25.287788877316853 
-25.28974587507053 
-25.29160797320784 
-25.29342723393974 
-25.29518032231178 
-25.296923064956147 
-25.29863104932241 
-25.300316891008997 
-25.301977015799327 
-25.303612269418934 
-25.30520200517508 
-25.306796178100225 
-25.308358354259816 
-25.309877919240833 
-25.311364354917995 
-25.31280142593275 
-25.31421255275184 
-25.315601555975505 
-25.316951095085134 
-25.318275107286 
-25.319560072369462 
-25.32081159046866 
-25.322040557161642 
-25.323300503777926 
-25.32451252750159 
-25.32568877640617 
-25.326833236369552 
-25.32795365146685 
-25.329042290973543 
-25.330098648694506 
-25.331125218704454 
-25.332124145751894 
-25.333076091473327 
-25.334005639982344 
-25.3349104381366 
-25.335793161906132 
-25.336655727535362 
-25.33750167346119 
-25.338326321689223 
-25.339137614091864 
-25.33993272322423 
-25.3407104793941 
-25.34147130907752 
-25.342213723716956 
-25.34293929650758 
-25.343654233244628 
-25.34435046349615 
-25.345029446185983 
-25.34569331553464 
-25.346341122872353 
-25.34697315073264 
-25.347599972523014 
-25.348211044138047 
-25.348812537087287 
-25.34939781136115 
-25.349968015861077 
-25.35052335897539 
-25.351064851797922 
-25.351592036203396 
-25.35210602813796 
-25.352598938338417 
-25.353080140600895 
-25.353547878447145 
-25.354004316080196 
-25.354451113538985 
-25.354888647833477 
-25.355315844407993 
-25.355734461191425 
-25.35614299832539 
-25.356548257662112 
-25.35694447580424 
-25.357331419529682 
-25.35771002832346 
-25.35807971248482 
-25.35844283641861 
-25.358797406580972 
-25.359142702885947 
-25.359479434178805 
-25.35980543066891 
-25.36012295054453 
-25.360432161997227 
-25.360723869120008 
-25.36100758932351 
-25.36128505420675 
-25.361555535166406 
-25.361819361445967 
-25.362076917068745 
-25.36232893747293 
-25.362575760539382 
-25.362817814189263 
-25.363053725752355 
-25.363283818512617 
-25.36350822926257 
-25.363726932809758 
-25.363943715211462 
-25.364151546383695 
-25.36435501757722 
-25.36455369673444 
-25.364747532216665 
-25.36493654188606 
-25.365120754653333 
-25.36529866079356 
-25.365472368896476 
-25.365642026553296 
-25.365807787532784 
-25.365969579489214 
-25.36612736768476 
-25.366281780434896 
-25.36643155251204 
-25.366583728866715 
-25.36673226414865 
-25.366877168958094 
-25.367018572729986 
-25.367156522473813 
-25.367291869748477 
-25.367423917569845 
-25.367553230339787 
-25.367679730239654 
-25.367802776631365 
-25.36792312766932 
-25.368040489701357 
-25.3681550547972 
-25.368266880131085 
-25.3683757905524 
-25.368482164383604 
-25.36858509638705 
-25.36868558201635 
-25.368783750036027 
-25.36887993695515 
-25.36897396131877 
-25.369065849505162 
-25.369156286530455 
-25.369245394879236 
-25.369332548620797 
-25.36941698166073 
-25.36949973821814 
-25.36958047872013 
-25.36965933558821 
-25.369736337167495 
-25.369811208090344 
-25.369884346948144 
-25.369955800148787 
-25.370025806817225 
-25.370094233612164 
-25.37016117480388 
-25.370226923642754 
-25.370291181381273 
-25.370354036956723 
-25.37041544342898 
-25.37047577980022 
-25.37053461813434 
-25.37059183656352 
-25.370647769113646 
-25.370702479375492 
-25.370755849748143 
-25.37080799461303 
-25.370858983289253 
-25.37090899264499 
-25.37095778064572 
-25.371005296138843 
-25.37105173531837 
-25.37109694817541 
-25.371141121897523 
-25.371184476160863 
-25.371226828143786 
-25.37126818268951 
-25.371307863992673 
-25.371346737427956 
-25.371383811914157 
-25.37142016498879 
-25.37145551686154 
-25.371490065836525 
-25.371523832977424 
-25.371556742517274 
-25.371589046022986 
-25.371620248158706 
-25.37165027215913 
-25.371679523281962 
-25.371708182707884 
-25.371736214619414 
-25.37176369831108 
-25.371790515999972 
-25.37181675601063 
-25.37184235599391 
-25.371867904557075 
-25.371892892344405 
-25.371917323775 
-25.371941228115197 
-25.371964714942465 
-25.37198769204245 
-25.372010246938746 
-25.372032191215407 
-25.3720536738767 
-25.372074738338636 
-25.37209529977192 
-25.372115293095142 
-25.372135090668177 
-25.37215447110129 
-25.372173408378497 
-25.372191938538506 
-25.372210060153428 
-25.372227857418824 
-25.372245177045386 
-25.372262181066695 
-25.372278829532572 
-25.372295327576 
-25.372311455241388 
-25.372327223787188 
-25.372342637831615 
-25.37235774572133 
-25.372372481267092 
-25.372386900007506 
-25.3724010086383 
-25.372414801862313 
-25.372428299503987 
-25.37244150114565 
-25.372454423108195 
-25.372467012147517 
-25.372479318382506 
-25.37249134713305 
-25.3725031033131 
-25.37251455050014 
-25.37252572816764 
-25.37253665675119 
-25.37254734442601 
-25.372557803041275 
-25.37256799762369 
-25.37257809056022 
-25.372587951891145 
-25.372597588056085 
-25.372607002627742 
-25.37261618320904 
-25.372625154314893 
-25.37263392619097 
-25.372642507405008 
-25.37265089223208 
-25.37265907704918 
-25.372667101914377 
-25.372674949437002 
-25.372682620777955 
-25.37269016611498 
-25.37269750092337 
-25.372704693421937 
-25.372711697739877 
-25.37271849733355 
-25.372725145518384 
-25.3727316026141 
-25.3727379176438 
-25.3727440734811 
-25.372750095078256 
-25.37275598573422 
-25.372761702463244 
-25.372767295101944 
-25.372772870333954 
-25.37277831946953 
-25.372783631070362 
-25.372788849404955 
-25.37279394002705 
-25.372798923280858 
-25.37280383287173 
-25.37280863117508 
-25.372813316805686 
-25.372817884432813 
-25.372822351845947 
-25.372826725387803 
-25.372831032203678 
-25.37283512508661 
-25.372839127882248 
-25.372843043420605 
-25.37284689147617 
-25.37285065518961 
-25.372854337557353 
-25.372857938192077 
-25.372861459152524 
-25.37286490580878 
-25.372868280462797 
-25.372871582648962 
-25.372874813886412 
-25.372877990199527 
-25.37288110053628 
-25.372884141253955 
-25.372887115354413 
-25.37289002375717 
-25.372892876301407 
-25.372895672164027 
-25.372898407359685 
-25.372901086344065 

 Time 
416.282555103302 
