Energy 
 
3.8998005448887016 
2.7655833448228497 
1.7234107734810735 
1.2852968747646991 
1.2800425709555385 
-0.12594537759007263 
-0.09310150200615985 
-2.9513670494397326 
-3.7179168027665837 
-3.8876185935076326 
-3.8836966867616614 
-3.8755966121868903 
-4.081837598266551 
-4.082728331598967 
-4.629562844845911 
-4.625854622332104 
-5.205890414423648 
-5.467499523699668 
-5.488697538448936 
-5.535896446408411 
-5.553892344113751 
-5.533607348879765 
-6.291393662577611 
-6.538675077495172 
-6.575898509708576 
-6.870723563282496 
-6.691602722756251 
-6.887169670581024 
-7.125682810513961 
-7.719220412101189 
-7.948774011968376 
-8.56751946703952 
-8.864678923550342 
-9.283377765532803 
-9.298660793506345 
-9.252223873734772 
-9.279227203890422 
-9.273521641218084 
-8.291577156477757 
-8.436275388316092 
-8.705660083401236 
-8.679693429751575 
-8.746444659876712 
-8.738084325578512 
-8.70833205547772 
-8.75143067014353 
-9.364976862331275 
-9.616378201860073 
-10.150723927823902 
-10.266246938085756 
-10.319861479134852 
-12.344904019344884 
-12.1176212516574 
-12.381347672686205 
-12.48825082187534 
-12.746325405461564 
-12.746255490732205 
-12.586227716087214 
-12.260492493309643 
-10.779140164328574 
-10.03540008065119 
-11.405064949635229 
-11.59964843710058 
-11.835899853184685 
-11.756095082069452 
-11.777013527171942 
-13.691726010619027 
-13.078853208464462 
-13.017712554257084 
-13.164645361596227 
-13.38692535353201 
-12.382269618372348 
-12.383056800676108 
-12.144074020872452 
-2.5631059078325724 
-2.5677385432495825 
-2.564457956343017 
-7.711453583834794 
-7.909905131160395 
-8.167210314967132 
-9.197618859801564 
-11.60848922850907 
-11.621138613915678 
-11.747179599101957 
-11.713998136557368 
-12.544251718944343 
-12.565345276736874 
-12.695654827823407 
-12.739089184637036 
-12.882127514787616 
-12.823845047265372 
-12.832015096937834 
-13.109579062718636 
-12.708161516404962 
-12.797277812776493 
-12.96077554663501 
-12.69279451702419 
-13.087016507442694 
-13.078683591523877 
-13.806699911941603 
-14.725773124426189 
-14.157587554608844 
-14.035739523836964 
-14.243820164526651 
-14.32852927730175 
-13.552965052547819 
-14.331475614694808 
-9.064253340444495 
-9.174181539539482 
-9.154909169650772 
-7.953206050623975 
-7.885708379463715 
-10.117811545817691 
-10.059090420409833 
-10.07525070228146 
-10.078288553741329 
-12.116017548069365 
-11.574530934587438 
-11.268937947311827 
-11.918530037705247 
-12.148476076825709 
-12.616137897953024 
-12.611818949791184 
-12.976380838427652 
-12.890761804785173 
-13.291081626852305 
-12.383630250100758 
-12.461369349254962 
-12.917516202437323 
-12.83521413121199 
-12.66655406940604 
-12.646239992024368 
-12.71416513234206 
-13.1080327934448 
-12.696110368908812 
-12.84498428414109 
-11.434943156529426 
-12.756128559272007 
-13.284440532690098 
-13.143336964906773 
-12.650800512636826 
-12.594065937536309 
-12.608568617411555 
-13.158639711256 
-13.648125155688646 
-14.718249659575422 
-12.02735226111223 
-13.274077446141089 
-14.172124820406452 
-14.27506504018045 
-11.496280337804466 
-11.161621771304075 
-11.200791657558586 
-11.145582751675455 
-11.158240553308227 
-11.352185324621086 
-11.459615158602356 
-11.750944767860103 
-13.061196880224887 
-13.06124262871381 
-13.13434206630431 
-13.19908413116649 
-14.215209154009553 
-13.793778395192865 
-14.754760645081179 
-14.782888793839305 
-14.695920919808554 
-14.673371778290944 
-14.46904720722543 
-14.444726744544496 
-14.38827688747205 
-14.445189404855775 
-14.60597422714558 
-14.451080163202548 
-13.806064620057667 
-13.099820796784362 
-13.580520789201964 
-13.804682184660305 
-13.5298443265264 
-13.520322210796696 
-13.207628900453892 
-13.30367214103778 
-12.879274988159153 
-12.58944100023204 
-10.232212435689306 
-10.225223173229715 
-10.518292619270301 
-10.487479175757867 
-10.912186929183525 
-11.19597304437754 
-11.398693824903896 
-11.730424710402586 
-12.561237089173297 
-12.971868230982295 
-13.19027598291262 
-12.0970452668124 
-14.743740515340692 
-13.842247328088279 
-14.07926801051638 
-13.737453669158246 
-13.703175331105257 
-12.843515025285503 
-12.945889086808576 
-13.015817897803144 
-12.736109543344204 
-11.61614390219628 
-11.599501926144608 
-10.363404497177433 
-11.67082030099257 
-12.11672566253499 
-14.007307784652578 
-13.536005607679156 
-13.654131407783568 
-13.331809395663338 
-11.795033892440598 
-9.849904550696264 
-9.2360120456803 
-8.56785931392075 
-8.636479214465988 
-6.899225929704194 
-6.828864817502717 
-11.27165507769029 
-9.727424380152351 
-9.828463463353398 
-10.874726904631856 
-10.240902588474698 
-10.156816505210447 
-11.714261102594742 
-12.796517665514516 
-13.130327059332899 
-13.22778559468959 
-13.350085928731726 
-9.988819212614729 
-11.416650936165372 
-10.26901752093349 
-11.897084393410433 
-11.703074675658767 
-12.112273366488834 
-12.263838904531841 
-12.634244626576656 
-12.093682779512735 
-11.95796004957976 
-12.195527084399805 
-12.194950208087153 
-12.062697208596973 
-12.69803679984636 
-12.496625916196486 
-12.667613147236963 
-12.651532613898212 
-13.034190222460547 
-13.316403743004921 
-14.304077308173424 
-14.536304365375582 
-14.801737246071015 
-14.815662268903676 
-14.760662610816656 
-14.779794414917793 
-14.7733488879319 
-14.601398113441702 
-14.683201283187607 
-14.866996628002449 
-14.596178321900641 
-14.294318779193112 
-13.66796312833994 
-13.652652792658667 
-12.424450784870073 
-12.33568762145809 
-12.34486955536065 
-11.63271453871951 
-10.741498652615737 
-11.193315991418636 
-11.240602952344375 
-8.466890968118266 
-8.231880194007681 
-8.020642494290827 
-9.660314558198806 
-9.519699078078139 
-11.270488351317555 
-11.281246858873402 
-6.459504345721625 
-7.905307993943264 
-8.99626902349376 
-13.169694320153699 
-13.257303672496862 
-13.252052325746785 
-13.179461670708834 
-13.401028643310852 
-13.422745910761638 
-13.470169106583867 
-13.41890883159245 
-12.532854619668822 
-12.892746019947221 
-12.036738902859668 
-12.666493963082052 
-12.737015961033169 
-12.75551903562614 
-12.570260343200298 
-12.613961770859838 
-12.839952506889968 
-12.485605835399696 
-12.488552668683207 
-13.620766337004003 
-13.479905043086967 
-13.529644067227919 
-13.624972627214724 
-13.645274802965478 
-12.83473880808187 
-12.822127305783155 
-13.547076171850783 
-13.517045000907753 
-13.545110601113816 
-13.46730217147128 
-13.454331868842251 
-14.237789482680865 
-14.379015404690396 
-13.59902951219511 
-13.29580059135529 
-12.98369719293979 
-12.891045599363189 
-12.731817151372946 
-13.005268786532184 
-13.015391390765318 
-13.00321603414988 
-14.102989631685322 
-14.156485660287423 
-12.22355897355094 
-12.219748318356075 
-13.086882950178582 
-13.172214527828398 
-13.342327212828824 
-13.671416440095776 
-14.029686390116419 
-14.420244568301767 
-14.387912663481018 
-14.221804481797506 
-13.587143186147374 
-14.752427233500981 
-15.024131340607935 
-14.882849815815828 
-14.811296760068013 
-14.818096948039083 
-14.986669280089966 
-14.785831455991762 
-14.873947018492512 
-14.009325647895986 
-15.292061891381037 
-15.254154359108025 
-14.815073090795577 
-14.74345778930015 
-14.73579970779716 
-8.937582107147703 
-11.082532661607068 
-13.15172404821827 
-13.183067582688265 
-13.174288999085531 
-13.286558047940794 
-13.854110297069244 
-13.360532587218694 
-10.265071993016136 
-10.30587236869799 
-11.174090294289966 
-7.941514619303138 
-6.378114791301998 
-7.481589127765484 
-7.301915462662937 
-7.739679326747268 
-6.588154764581763 
-4.0497067422535755 
-3.956056855999482 
-3.31760799864308 
-5.8380966395240455 
-6.0128305449315 
-10.27494644034909 
-11.521058648362118 
-11.481976016672485 
-11.407561428918534 
-12.22977703270677 
-12.553604781180285 
-12.575413894748587 
-12.444545649277078 
-12.412339835631435 
-12.374159214599967 
-12.240876595907697 
-12.148342259144513 
-12.532228413666793 
-12.682159409892456 
-12.673224099819684 
-12.675864386712185 
-13.41030874942893 
-12.95783925957399 
-12.719778011224811 
-12.933489650034609 
-12.555719248162372 
-12.588455017984794 
-12.53007192538681 
-12.334740017848805 
-11.850320562598885 
-13.641067334719539 
-13.630434199435818 
-13.669667898365281 
-13.402763780194274 
-13.638364191958544 
-13.643699688008397 
-13.61140787892498 
-13.697773525962514 
-13.69377774582695 
-13.917905739348083 
-13.877934823218233 
-13.838964446674781 
-13.893037174281815 
-13.90815202219568 
-14.15009458359745 
-14.147459773019973 
-14.371583879233498 
-14.272634179004028 
-13.819138740126505 
-14.585179915489526 
-14.800845524354141 
-14.821146916278039 
-14.984573493954915 
-14.956726080362994 
-14.805488618798062 
-14.748334505217324 
-14.750705366613065 
-14.60097236778472 
-14.929933937491207 
-14.411187044390639 
-14.109072398080901 
-13.985319201480202 
-13.866629856599683 
-15.61939954091346 
-14.759093012695242 
-14.334359371139916 
-14.29708370936765 
-14.2437690843764 
-13.653968976800156 
-13.296372322266278 
-13.41644702304208 
-13.307340770323755 
-13.652101705029654 
-13.615750982260863 
-13.607904451908954 
-13.825291485922548 
-13.894150223301276 
-14.966210354711386 
-15.334010298397343 
-15.62905468760495 
-15.499770575735345 
-13.472498029489428 
-12.153397911690268 
-12.089743290933008 
-12.06862356596854 
-12.069059634174955 
-12.057996620279669 
-13.40471734423178 
-13.420407992270226 
-13.634731437377681 
-13.491841614179307 
-13.986882854235413 
-14.003545082838366 
-14.369180283407538 
-14.633230337325168 
-15.002739244364975 
-15.045812032632623 
-13.64251423528598 
-13.364141034762651 
-12.760989846566282 
-12.6285727321 
-13.699719984863957 
-13.736349385244402 
-13.691677337697941 
-13.597080625677016 
-12.792793801443267 
-12.905672199483107 
-12.716511854812303 
-10.192929209415064 
-11.7048348075103 
-8.489095290078888 
-9.766473920940367 
-9.81120227899357 
-9.800079626372947 
-8.060816829669966 
-9.695765126480689 
-10.148556877084705 
-9.916659101958725 
-7.547289247254648 
-8.360568311378998 
-8.368089241513692 
-8.347454729667636 
-9.648556836349044 
-10.169757687457395 
-9.795188000360795 
-5.9941695743680015 
-5.535604881216978 
-8.233181747918854 
-9.080356339005316 
-10.226928366635608 
-10.529788210250292 
-10.638581471465315 
-10.672516551619449 

 Time 
463.1195728778839 
