Energy 
 
2.878301087752058 
-3.835917786068693 
-4.432327729617881 
-5.529686820545322 
-7.4367095213747 
-7.5051321041655426 
-7.634877316270922 
-7.725663804832207 
-7.882812537437903 
-8.290857343058983 
-8.283965014686181 
-7.8587546182831165 
-9.898636154216334 
-9.883691214182754 
-10.034375629386568 
-10.379410234487306 
-10.40397230026786 
-10.403305186573562 
-10.983896717105567 
-10.849737982079088 
-10.86700223557024 
-11.040865122453022 
-11.284922381357637 
-11.301402945858978 
-11.423417254130833 
-11.592482528011395 
-11.962386103813213 
-11.970272297660928 
-11.941300783814253 
-11.914653683560914 
-11.934303036084579 
-12.15333132120631 
-12.311919077631662 
-12.280999298218925 
-12.225731449689583 
-12.169747309592347 
-12.333768210898773 
-12.34438500866239 
-12.554981476846487 
-12.667512355815088 
-12.737810818517989 
-12.830493125183981 
-12.805552626997976 
-12.943331031531688 
-13.135487719434044 
-13.154292679187295 
-13.172168638267966 
-13.196068465076848 
-13.175391978855739 
-13.176740673199458 
-13.172956330856977 
-13.094130767104833 
-12.78929178645838 
-12.93704099665914 
-12.91179944847383 
-12.913398260873976 
-12.915028192502579 
-12.62832202794921 
-12.888929270152119 
-13.030396817335854 
-13.180240360219205 
-13.191548191152137 
-13.1940546317017 
-13.193212184628692 
-13.18230004115251 
-12.99885473239717 
-13.00704912644343 
-13.275877465123889 
-13.270097685324039 
-13.274207105688188 
-13.126802953713884 
-13.070105938862508 
-13.072293837194215 
-13.293942721204731 
-13.442573893977736 
-13.471661266455337 
-13.504885222388822 
-12.937267943175565 
-12.949324135879827 
-12.922397466270652 
-12.785159549195862 
-12.86798934252084 
-13.079608770651115 
-13.083121971606197 
-13.099651867928651 
-13.186176220887225 
-13.18536222586291 
-13.200472487079013 
-13.207139650128717 
-13.228818955782991 
-12.85769289283952 
-12.846696728093361 
-12.961138509082817 
-13.026683249780088 
-12.99990815623811 
-13.008617769507373 
-13.034285320254533 
-13.026810934204944 
-13.034375237651862 
-13.1848022843932 
-13.180162177722483 
-13.19433039828446 
-13.189695775996613 
-13.182910499482446 
-13.253185521129176 
-13.272483941973961 
-13.279551892409533 
-13.422376540579922 
-13.471624564624863 
-13.243344615802568 
-13.441924853915179 
-13.565371239417892 
-13.616711009126393 
-13.817896904156918 
-13.794755480550224 
-13.814568586295314 
-13.814389213495275 
-13.807347454557583 
-13.820355388881088 
-13.844210713282942 
-13.899244148217234 
-13.908386297316262 
-13.906068952538227 
-13.904993360688758 
-13.931122801184724 
-13.933155408305971 
-13.936350081014576 
-13.940928451566194 
-13.944784380272651 
-13.944135614789763 
-13.94538629305599 
-13.945598832754087 
-13.945168733592089 
-13.944342022231705 
-13.956956704842735 
-13.957589376544192 
-13.957679375410594 
-13.957688005774452 
-13.959112623184811 
-13.95909663992996 
-13.958377540112625 
-13.959214825380492 
-13.959721876212315 
-13.95893020446872 
-13.960264150235949 
-13.965190225197352 
-13.965229735694157 
-13.963445120813919 
-13.963698122072573 
-13.965268828319292 
-13.964777080125746 
-13.966650783684335 
-13.967188689659967 
-13.967439455605993 
-13.9680355269935 
-13.968077156557232 
-13.968668865897733 
-13.96878809877133 
-13.969192856011349 
-13.970816834726318 
-13.970927910395876 
-13.968416932882079 
-13.969686872897459 
-13.971237164253955 
-13.970907618224011 
-13.971057890169284 
-13.971134798076752 
-13.971682519568837 
-13.972866827818123 
-13.973171865716441 
-13.973162844606108 
-13.973111593626097 
-13.973191651753343 
-13.9731356431046 
-13.972730437672416 
-13.97383507208296 
-13.97380924050582 
-13.974774696619743 
-13.974805797102105 
-13.97478390015341 
-13.974785166978608 
-13.974793341902021 
-13.974580168418141 
-13.974604966896978 
-13.975629224909166 
-13.975660996719887 
-13.975837585567412 
-13.975847651920242 
-13.97584194388943 
-13.975953207665977 
-13.975952593886188 
-13.97598382244302 
-13.975983661883072 
-13.975957055721185 
-13.975800165278514 
-13.975837759703197 
-13.976063627833366 
-13.97602672582519 
-13.976081436525174 
-13.976092973330777 
-13.976360893331123 
-13.976727767547175 
-13.97674511370737 
-13.976792751413944 
-13.97677158151299 
-13.976803802328083 
-13.97679991867222 
-13.97690744399842 
-13.976870671970833 
-13.976875124489885 
-13.976879500017821 
-13.977005629536038 
-13.977052630163461 
-13.976988540073869 
-13.977008302568908 
-13.977136242776147 
-13.977051588124988 
-13.977066295587228 
-13.977083573390793 
-13.976894274833676 
-13.976864676593848 
-13.976651255604748 
-13.976735461265292 
-13.977158071275511 
-13.976873223234884 
-13.976931020240908 
-13.977067289504433 
-13.978026015249544 
-13.978031464595707 
-13.978030065491518 
-13.97801632279955 
-13.978072573039723 
-13.978052914761538 
-13.97802688693474 
-13.978260950784748 
-13.978302629191212 
-13.978352940847914 
-13.978367279005337 
-13.978369041724513 
-13.978403383623005 
-13.97840259046687 
-13.97844984495356 
-13.97851331976098 
-13.97850213523664 
-13.97852187956106 
-13.978134555793357 
-13.9782860811122 
-13.978064485674457 
-13.978256115693608 
-13.978242065722258 
-13.978276754995777 
-13.978283028569258 
-13.978563829115018 
-13.978604407171789 
-13.978605541673618 
-13.978660956981606 
-13.978739376885667 
-13.97872177957493 
-13.978731731196179 
-13.978740316952798 
-13.978800612852115 
-13.97849692726852 
-13.978297909213802 
-13.97829268112679 
-13.978389570272006 
-13.978393920160018 
-13.977774101254415 
-13.97787685388886 
-13.977870473114809 
-13.977894064416219 
-13.97791985756166 
-13.977917957216892 
-13.977916670426643 
-13.977847105442066 
-13.977863118735067 
-13.977965503713284 
-13.978006975085858 
-13.978316839249315 
-13.978322858775986 
-13.978851412785277 
-13.979095438578025 
-13.97913109686161 
-13.979229504259393 
-13.979175130714848 
-13.979194014684477 
-13.97917748213295 
-13.979052226619382 
-13.979111714977194 
-13.979276511338671 
-13.978971029010856 
-13.978821775203578 
-13.979085278585199 
-13.978629721019495 
-13.979291353580942 
-13.979314068424463 
-13.979335871884762 
-13.979308319025812 
-13.979315943389153 
-13.979356621162047 
-13.979578424512237 
-13.979354717926064 
-13.979395869813986 
-13.979593400454554 
-13.979648137814571 
-13.979647822462303 
-13.979592528367988 
-13.979224879840261 
-13.979386569221662 
-13.979558840140381 
-13.979675958366103 
-13.979834377598218 
-13.979917450864535 
-13.980153429509468 
-13.980173579044662 
-13.980249351997543 
-13.980256653435289 
-13.980260435334548 
-13.980391810305141 
-13.980188079856116 
-13.980211650818134 
-13.980183544794697 
-13.980182112843648 
-13.980182708942726 
-13.980205318205451 
-13.980367702325866 
-13.980332743755007 
-13.980332235533742 
-13.98073921590687 
-13.980570831949676 
-13.980589206696909 
-13.980582598651795 
-13.980558916413964 
-13.98055944086612 
-13.980575525387124 
-13.980838247831471 
-13.9808460114342 
-13.980863111735996 
-13.980849898516698 
-13.98089996111589 
-13.980874429061693 
-13.98100083589174 
-13.981047747335294 
-13.98104350279665 
-13.981044753323102 
-13.981049614953434 
-13.981063126598361 
-13.981101182966821 
-13.981142495333213 
-13.981142916977634 
-13.98114248968315 
-13.981148823607054 
-13.98118552482356 
-13.981191138179298 
-13.98121034013108 
-13.981192988728626 
-13.98116104331435 
-13.98116119358439 
-13.981061581339898 
-13.981010008303887 
-13.98105782514438 
-13.981051185918467 
-13.980884960581756 
-13.980823789076647 
-13.981058127575807 
-13.981105427589275 
-13.981160027390526 
-13.981299635729911 
-13.981201461708219 
-13.980683606560962 
-13.981030043527877 
-13.981170398241048 
-13.981173392835517 
-13.981181854780107 
-13.981253893731395 
-13.981259892933252 
-13.981405095994122 
-13.98140651739557 
-13.980970770891904 
-13.980992858022264 
-13.980991600772287 
-13.981007223714176 
-13.981141466777213 
-13.981143282285387 
-13.981512282098643 
-13.981462323558745 
-13.981462599457773 
-13.981495274243349 
-13.981524363892182 
-13.981605408624453 
-13.981763044142266 
-13.981700202096377 
-13.981512383701308 
-13.98136119038907 
-13.981374820774036 
-13.981377374521168 
-13.981376846233648 
-13.98170859120652 
-13.981875279110936 
-13.981817115996275 
-13.98177520416392 
-13.981939797360257 
-13.98187628881139 
-13.982015781954606 
-13.981926612707658 
-13.981887910916006 
-13.981888540478892 
-13.981883150527807 
-13.981886823341087 
-13.981751488857654 
-13.981833283903326 
-13.981834953979572 
-13.981942924712842 
-13.981938815275267 
-13.982038970409217 
-13.982084687089925 
-13.982074501053079 
-13.982101675872263 
-13.98211546384761 
-13.982127656032391 
-13.982126959134106 
-13.982121619741228 
-13.982130056015103 
-13.98213108504674 
-13.982140132103787 
-13.982138302918893 
-13.982154887724127 
-13.98215828545685 
-13.982158155778267 
-13.982173607306581 
-13.982173165830918 
-13.982174481465853 
-13.982181445025736 
-13.982172812557945 
-13.982170274709121 
-13.982156945107203 
-13.982155009387125 
-13.982085423222696 
-13.982095856339392 
-13.982250248090079 
-13.982277963445242 
-13.982277807585874 
-13.982280633196725 
-13.982263157978462 
-13.98223784392355 
-13.982245834217707 
-13.982249858755905 
-13.98224836701912 
-13.982256607321501 
-13.982266934320942 
-13.98231354441172 
-13.982290038400414 
-13.982281007389277 
-13.982200664004031 
-13.982198901276496 
-13.98216545267229 
-13.982217808871539 
-13.982216944259228 
-13.98221696089639 
-13.982422613485134 
-13.98242570181149 
-13.982424616673084 
-13.982430997094937 
-13.982432011512453 
-13.982433306924547 
-13.982435355808597 
-13.982437658673321 
-13.982511154842742 
-13.982510453064563 
-13.982510783162505 
-13.982506489897432 
-13.982507078484598 
-13.982507635440365 
-13.98251346272565 
-13.982525823244845 
-13.98253189149468 
-13.98255226946997 
-13.9825505723132 
-13.982550954670982 
-13.982562216830564 
-13.982621675797738 
-13.982625958935694 
-13.982625962795435 
-13.982635243708646 
-13.982644970780743 
-13.982667664073821 
-13.982679001346023 
-13.982662184918151 
-13.9826562468368 
-13.982656915406908 
-13.982665087973176 
-13.98266386025513 
-13.982673592864293 
-13.982681789038645 
-13.982679599611762 
-13.982703722444212 
-13.98269212232523 
-13.982692543050455 
-13.982719258528492 
-13.982757037498054 
-13.982788444102738 

 Time 
42.246330976486206 
