Energy 
 
2.390142678989272 
2.209425845149758 
-0.6168278186922127 
-1.6779357756595161 
-1.8546204047829435 
-2.223286542340645 
-2.437994885106017 
-3.0015651917127997 
-3.5828591337935345 
-6.564093235064751 
-10.216573268942485 
-10.191157705332374 
-7.793489883664014 
-8.617338354585403 
-8.30845275541878 
-6.863659076875107 
-8.326512572284278 
-7.995179929622781 
-8.259418988062345 
-9.229570754482227 
-9.088676325157923 
-9.32700854967431 
-8.430988199449605 
-8.457481273514203 
-8.594849894168243 
-7.757595120286061 
-7.103493085553775 
-6.373660523914853 
-6.23774209337236 
-6.271871534412865 
-6.197564862427302 
-6.1999754627994035 
-5.793065840526129 
-4.416384394401256 
-2.2763977080817472 
-2.157345638358408 
-1.4893585796106685 
-1.6022454186396726 
-1.8787197573476924 
-2.4245453052151094 
-2.5700325878266725 
-2.4305744418797346 
-2.4830221060193445 
-3.167263835808825 
-3.3329979141208868 
-3.2308902886386033 
-3.7113588597531946 
-4.010466791967431 
-3.43665105076406 
-4.070545212043359 
-4.461779283462564 
-4.815318910230299 
-5.565666418511174 
-6.772843936103866 
-6.905865828645327 
-6.935131266345042 
-7.851317806800918 
-7.485913020607403 
-9.020795369643544 
-9.243892004950565 
-6.031977749279049 
-6.605250230630772 
-6.236850451830219 
-6.297559040166174 
-6.945827809148791 
-6.690613567008473 
-6.294576010724835 
-6.250920045825613 
-8.054537130617028 
-6.91984414745175 
-7.0955576203389015 
-6.784628291638047 
-6.940479041582457 
-6.461293968198323 
-6.290569711426414 
-5.872752443837797 
-6.409199356509556 
-7.01271002002282 
-6.273569825166743 
-6.7341407673778395 
-6.831724829108458 
-6.912143811551903 
-6.714489815800796 
-6.938960826708055 
-5.216268970905398 
-5.138789800626716 
-4.646471589781791 
-4.850755835004065 
-5.568554064878491 
-4.038595058153092 
-4.034652945456844 
-4.953544743793929 
-4.865775112838579 
-6.367624571736739 
-7.025872336928905 
-6.822215324889589 
-7.0688671936031735 
-6.691526232082781 
-5.107896486994657 
-5.870791163596321 
-6.714741831105484 
-5.222429024174978 
-4.740261243856344 
-4.897238483291271 
-5.312843935795428 
-5.819500582188555 
-6.761045550062223 
-6.957223154256372 
-6.926138017240011 
-6.537032338726068 
-7.687908231151579 
-8.635682218525742 
-9.409127681093887 
-8.247928940051802 
-8.326845706018151 
-8.147456378947492 
-8.810584766665908 
-8.72902737465932 
-8.533768189049223 
-8.696770841668004 
-7.9899262055780245 
-8.378549232695516 
-8.603725794105308 
-9.024262689726022 
-7.84500119659166 
-4.383000481053403 
-7.367392021301494 
-7.79666942934981 
-7.800590206125021 
-8.337499316497325 
-7.750625570737482 
-8.625265480011901 
-8.828584585693093 
-8.824392089671369 
-9.072430943221441 
-9.18440354234917 
-9.30314893588456 
-9.139164433924723 
-8.627118068071224 
-9.33573832948823 
-8.024413878615531 
-8.004586104653548 
-8.095675540435193 
-7.659070060765671 
-7.587506025166264 
-7.496607532231576 
-8.151971229943989 
-8.51002565717663 
-9.593558480417473 
-9.449839505932784 
-8.836680428382675 
-8.416557765448896 
-8.082045646954493 
-7.941014527060155 
-6.333808154599808 
-6.220558914968641 
-5.9770296856913046 
-6.377414678600571 
-9.500580803099009 
-5.626601688996355 
-7.068360486095985 
-7.14874966498625 
-4.987594501253761 
-5.01507574571967 
-4.502197969336752 
-2.152323459057598 
-2.1902023164443953 
-2.6716339287529016 
-3.1812971164053865 
-3.1621776273637603 
-2.3092686372605544 
-3.7672764045126503 
-4.139045281426681 
-4.160990673421627 
-4.376388397276514 
-4.480742958286844 
-4.689221326319754 
-4.702319646200388 
-4.686435657428572 
-4.627755448626732 
-5.1520081077308575 
-6.208430595593112 
-5.8266941345423025 
-4.733292369785929 
-4.568797490494049 
-5.219396341620484 
-4.878956846734281 
-4.806194267271832 
-5.329155508822223 
-3.6516753650457225 
-3.5577411055107957 
-3.6734991227922595 
-3.807532379003176 
-7.24878541931163 
-5.023689665423926 
-7.237600398163775 
-7.243943916322652 
-7.114633900469947 
-8.277641161132498 
-7.449190771993914 
-6.819901865161155 
-6.987908511001847 
-6.978647087070301 
-8.539710534861852 
-8.974655763203817 
-8.945955214460762 
-7.311075591916451 
-6.885776675528527 
-12.731166067249955 
-13.406587359218106 
-9.035205831545865 
-9.683749938444521 
-10.111980715310185 
-10.03320961868537 
-10.249770445509661 
-10.096145067624379 
-10.112226981705328 
-9.780273093334374 
-9.804958684466646 
-9.837316191631066 
-10.031210775456293 
-6.919107718204121 
-6.921588355971149 
-6.659322792302614 
-6.503572736651076 
-7.911613982800357 
-7.599799306122254 
-7.692514712023026 
-8.720901171176667 
-9.564626074457996 
-7.920070762037442 
-9.216682889555988 
-9.051994560975443 
-9.09557627275418 
-9.505900360750813 
-9.83300435434445 
-9.74364335514294 
-9.615450815859138 
-11.088611224031673 
-11.758056038933155 
-11.672124092838441 
-12.58216035052237 
-4.76655440208115 
-5.036039536211912 
-4.7316683797789185 
-7.2571639483422015 
-7.32873590153066 
-7.760810334337276 
-7.012045407819452 
-7.316446785792484 
-7.604173486646233 
-7.872659388536292 
-7.190767357947417 
-7.380357598016717 
-7.734328094040939 
-5.615502466037535 
-5.6155232219797595 
-6.668834064193425 
-6.688311491941547 
-4.62448921783578 
-5.175251951269417 
-6.209825783315095 
-6.081126939174126 
-7.606793370847553 
-6.993685357687232 
-8.821194147341707 
-6.081759026022209 
-7.506998683558867 
-7.704715839036125 
-7.7835543212602225 
-6.757992996842428 
-7.352267932081473 
-7.391362680842682 
-7.067576703254561 
-7.059512175381123 
-8.491810431146877 
-8.235765093047554 
-8.18910152032815 
-7.058209579511654 
-6.90153524415982 
-6.782113199828715 
-6.417465259550345 
-6.429187042955952 
-7.682110251154491 
-7.850842066380537 
-7.861954977491106 
-9.007513714824865 
-7.733236609747658 
-7.851214999869821 
-8.025558374283138 
-8.00896679418704 
-7.954073668971637 
-7.260877495770271 
-6.914362099744523 
-4.66611912622862 
-5.612287141611369 
-6.173076253036247 
-5.949925113323322 
-6.311098989462077 
-7.738553810156474 
-6.7234977873616275 
-7.1914952010986894 
-6.775909041945391 
-7.638303397532404 
-7.503016302456375 
-7.197691301731886 
-5.9882693997940155 
-5.6852962709957895 
-6.677269497989064 
-6.294311609763543 
-7.4806089018972335 
-7.006573567008397 
-7.422256764084908 
-7.279547383466767 
-6.181278959045655 
-6.180254613640951 
-7.230224589344491 
-8.047987011867255 
-5.749764472018494 
-4.836584983179931 
-4.917831513462026 
-4.921654175507575 
-7.285919473003741 
-7.517994209627287 
-7.528359461650469 
-8.602924930058705 
-8.42493203979654 
-7.651623720856289 
-7.684492701767636 
-8.101926999329331 
-6.986826102681039 
-5.609079090541334 
-8.337229504346887 
-7.50693470999859 
-7.523890237792598 
-6.987946898873751 
-7.108219053362427 
-8.742330792058697 
-8.484693276920552 
-7.848677557262665 
-7.139763006951146 
-8.530309788565436 
-9.354148576586274 
-8.539715346650102 
-8.458736313718477 
-8.689359589809738 
-8.99980960496276 
-8.27280175773803 
-8.04595730944375 
-5.640125896475904 
-5.576590334210162 
-5.576923964152904 
-6.713806794746496 
-6.715057801903732 
-7.728837194245901 
-7.219394615080766 
-7.86216021890826 
-7.84602186676357 
-8.231056026683667 
-6.94234670008187 
-7.418719009004512 
-6.187577440302841 
-5.9996928621820365 
-6.086035056415763 
-6.775922674304917 
-7.460000954313948 
-7.11425376028653 
-7.055795007370057 
-7.3175055681603025 
-7.316098963642395 
-7.3166166418118435 
-7.791471661510797 
-8.717690724107685 
-8.889568376994827 
-8.688001758350051 
-7.1761061121082355 
-6.482938938691258 
-7.8405513544602865 
-8.124572127328321 
-8.471032625212233 
-7.623453424186023 
-8.435314078899456 
-7.112036155806295 
-7.362656509992973 
-7.469031760867376 
-6.8385875274201116 
-6.811097513474253 
-6.654676832452656 
-8.254832643271358 
-8.353339810424366 
-8.117748911935038 
-8.278213682221379 
-6.313661369595941 
-6.83009168905795 
-7.816679117127197 
-7.722076509718526 
-8.02728371443909 
-10.364380155163435 
-8.782595740571342 
-6.5373926709760335 
-6.502415356161822 
-6.985695306114472 
-6.540822586125193 
-5.8680850706009835 
-5.896037762370736 
-7.868631290391933 
-8.393129114420617 
-8.335948357510048 
-7.9936876959184495 
-8.145922723630118 
-8.337692610825718 
-8.394337348433838 
-8.701404942669205 
-8.928888034674017 
-8.75443811269149 
-8.784058282850072 
-8.451413446306058 
-8.479240402427072 
-8.432306181371555 
-8.448256570025586 
-7.370894224127948 
-7.213945321704197 
-7.169978965823088 
-6.84039387202177 
-7.114116424376862 
-6.643634003475171 
-6.510386211564397 
-6.732264746586607 
-6.628657607625522 
-5.667664196191308 
-6.0025659163312906 
-5.975213455434549 
-7.91693597991103 
-9.31174847950552 
-8.590276997877835 
-8.663914055487973 
-8.265615293619659 
-9.03043584860228 
-8.905872731017713 
-8.775289166066687 
-9.200977663692107 
-9.282901648499 
-9.601135341138109 
-9.776525866899899 
-8.946602923986422 
-8.944789752798197 
-6.260610596861957 
-7.187802718911053 
-7.127351571577298 
-3.8336704897500105 
-4.785648985762251 
-4.934534249189997 
-5.0623977925860855 
-4.828661369357977 
-5.350817335491809 
-5.541375897592341 
-5.473958675573519 
-5.181177834292877 
-7.656787750658041 
-7.955863932524535 
-7.898261407650886 
-8.726899918358203 
-8.089054618622448 
-8.109840357203483 
-5.705695997427438 
-5.631962495857185 
-5.6521469178063715 
-5.292224336266968 
-7.77829661475384 
-7.854469618926366 
-8.352596016797868 
-10.320982721804096 
-7.960756384265993 
-8.162704647879663 
-7.352592248182978 
-7.408197448342719 
-8.58649447998118 
-8.610514061816076 
-8.847631370817886 
-7.958662962403697 
-9.66948799914167 
-9.831430335445734 
-9.627084663639895 
-9.661885431968434 
-9.123848421055824 
-9.24212828253274 
-8.718608299004597 
-9.28744459956173 
-10.737311603694813 
-11.41880875533103 
-10.856601287422807 
-4.516083751978391 
-5.7250877889018685 
-5.552793833782761 
-6.1930970118753965 
-5.649390398466057 
-3.608254427620941 
-2.3156552722897437 
-2.9620831647373818 
-4.050848009732061 

 Time 
580.8326289653778 
