Energy 
 
-0.3013136220446028 
-1.004390322850567 
-1.1877212773586778 
-1.1135271697659024 
-1.105488588182827 
-1.092549825229168 
-2.086420914151696 
-2.1238297177836687 
-2.1219498466376194 
-2.395345849093111 
-2.5720854084687956 
-2.8458381733985014 
-3.032798248126075 
-3.026260454428118 
-3.284925889216724 
-3.6107757867347545 
-3.5801316081577843 
-3.757201098488802 
-3.7496043758136874 
-4.092849193260528 
-4.435923803932262 
-4.454528072265114 
-4.528513339130247 
-4.7445642342849865 
-4.770285215201316 
-4.840712582914168 
-4.908624746863555 
-4.993905277197841 
-4.807122316039836 
-4.993746767918525 
-5.013820110176878 
-5.802559034044184 
-6.208591829725429 
-6.522370732609914 
-6.583211984945554 
-6.799646500097511 
-6.982493568806831 
-6.9457416685445565 
-7.149158863714754 
-7.147572030094489 
-7.148835023705935 
-7.133059365148931 
-7.207154373734717 
-7.23111764674794 
-7.472665304527288 
-7.471667132886823 
-7.464503364332414 
-7.461316488692953 
-7.819739549851792 
-7.864630071451321 
-7.8907470424758 
-7.886011395660691 
-8.20028318444762 
-8.205010829994654 
-8.301377468600313 
-8.312772846803067 
-8.326315615200887 
-8.433642187732604 
-8.439267769950694 
-8.442170207029717 
-8.446680038913115 
-8.48198875864451 
-8.568109440572604 
-8.623246414543695 
-8.625836054943779 
-8.628176383058538 
-8.63015321883394 
-8.691599205689998 
-8.692366530617024 
-8.695499060841257 
-8.714839709987263 
-8.72070570670409 
-8.726057839937015 
-8.728259529893986 
-8.741709333584406 
-8.741830681363703 
-8.741895718502676 
-8.745949931495245 
-8.753572325459281 
-8.761854418123624 
-8.764235822111267 
-8.764758677215806 
-8.765416761277148 
-8.76922208637924 
-8.769334991843627 
-8.769251586280998 
-8.770705055425218 
-8.774816957409445 
-8.784608799257684 
-8.785254787285277 
-8.78549969774701 
-8.791159069962154 
-8.791263915294303 
-8.793600749211935 
-8.793542059577947 
-8.793916719565416 
-8.793938949339994 
-8.793892786653199 
-8.793989707980833 
-8.794246073854268 
-8.79517622731642 
-8.795352878249282 
-8.79648285847042 
-8.801060905032577 
-8.801948466667305 
-8.805881213396793 
-8.808969749331744 
-8.809478227693987 
-8.809478552392672 
-8.81093843689121 
-8.812158382748763 
-8.812531323767175 
-8.813168112596049 
-8.81586860820406 
-8.816047201288983 
-8.816065688108225 
-8.816214469028216 
-8.816426606623594 
-8.816836460209771 
-8.816842009377375 
-8.817262552247296 
-8.818355582129442 
-8.819291638073377 
-8.820355262754086 
-8.821596418793721 
-8.822206365792649 
-8.822457464480989 
-8.822497022121796 
-8.822503862467222 
-8.822532851042139 
-8.822636985666927 
-8.823095887786149 
-8.823081202781005 
-8.823572889389988 
-8.824130805990333 
-8.824131390546771 
-8.824190804281686 
-8.824226731399257 
-8.82424238326959 
-8.824232211459138 
-8.824739294630039 
-8.824790702334967 
-8.824802195873831 
-8.824841895197387 
-8.826223794627015 
-8.826468227817271 
-8.826493412918005 
-8.82652595741514 
-8.82665801623764 
-8.827216636149748 
-8.827257311930122 
-8.827422856680673 
-8.82776602889383 
-8.827774096816944 
-8.827821222364665 
-8.82786383215044 
-8.828086983241462 
-8.828406444238999 
-8.828406639160153 
-8.828473743970541 
-8.828473723935847 
-8.828545849276917 
-8.828974855878398 
-8.82897307074798 
-8.829083245297207 
-8.829630600244306 
-8.829739153895652 
-8.829770088759398 
-8.82976389050061 
-8.829757938733287 
-8.830114578934266 
-8.831040663788967 
-8.831133512827012 
-8.83118560709617 
-8.831225683100675 
-8.831428469969213 
-8.831938126370762 
-8.832090044224625 
-8.832333020152564 
-8.832333147867292 
-8.832339758699138 
-8.832416475695663 
-8.832485490981764 
-8.83249809399188 
-8.832530264700635 
-8.832598292628509 
-8.832828829254058 
-8.832859466483653 
-8.832894919656763 
-8.83293420610871 
-8.833122840709725 
-8.83315788284945 
-8.833221972589278 
-8.833493253119379 
-8.83348981846625 
-8.83350684598452 
-8.833560765303131 
-8.833570554489567 
-8.833599465347882 
-8.833654959545049 
-8.833689623822144 
-8.833862059477635 
-8.833961678393687 
-8.83397786773173 
-8.833976448118003 
-8.8339740656567 
-8.834203920989912 
-8.83420755816879 
-8.834215536589474 
-8.834336625892556 
-8.834536073139837 
-8.834746371953944 
-8.834745573025335 
-8.834859271522928 
-8.834858403751998 
-8.835096097892118 
-8.83509538164801 
-8.83516026825843 
-8.83523285488919 
-8.835276882853798 
-8.835293324073596 
-8.83548755096186 
-8.835528466201325 
-8.835555155297863 
-8.835553638042773 
-8.835567966805664 
-8.835572898058189 
-8.835948881049212 
-8.836057095762113 
-8.83605711773948 
-8.836085778212034 
-8.836172998698089 
-8.836208629808946 
-8.836234643966014 
-8.83623224365582 
-8.8363251563092 
-8.836355757026423 
-8.836357160075769 
-8.83636435787515 
-8.836401616817787 
-8.83641893364237 
-8.836895695814755 
-8.836999316247619 
-8.837044152993515 
-8.837272347970487 
-8.837278446675477 
-8.837284056454422 
-8.837286916739503 
-8.837393500429041 
-8.837393472650486 
-8.837393858078862 
-8.837459235118784 
-8.83752453260227 
-8.837542396059122 
-8.838051019296806 
-8.838062686314501 
-8.838091540505333 
-8.838108617222034 
-8.83811791847014 
-8.838130744082136 
-8.838182678604694 
-8.838198692406468 
-8.83823014813097 
-8.838281168537511 
-8.838695130824158 
-8.838811630069527 
-8.838823209618525 
-8.838822458367037 
-8.839108855934436 
-8.839132030382821 
-8.839237536502617 
-8.839238207348773 
-8.839288154996698 
-8.839448051508972 
-8.839496476154338 
-8.839613930301237 
-8.83962396866611 
-8.839622496582209 
-8.839665200977803 
-8.839686622567175 
-8.83968870707334 
-8.839689952421011 
-8.839687160748149 
-8.839766808882633 
-8.839786932027621 
-8.840068193602967 
-8.840078656538912 
-8.840209642152018 
-8.840236281423213 
-8.840249612239212 
-8.84025521679599 
-8.840270200099456 
-8.840295393915028 
-8.840297883483295 
-8.840365057477914 
-8.840388015554034 
-8.840404625097907 
-8.840494950937947 
-8.840517648154977 
-8.840532523436494 
-8.840561315364853 
-8.840576564836248 
-8.840576693236708 
-8.840697271316913 
-8.84082231678303 
-8.840825752924028 
-8.840826724475717 
-8.840834902853357 
-8.840858478992994 
-8.840861646816156 
-8.84086784928556 
-8.840867764507989 
-8.840925919392568 
-8.84093157602805 
-8.840950172118191 
-8.840950407143986 
-8.840976527763303 
-8.840976282977383 
-8.840982815031598 
-8.841007569470516 
-8.841117638489209 
-8.841125799278155 
-8.841155832795355 
-8.841262458608934 
-8.841263930746129 
-8.841317318065737 
-8.841320456316515 
-8.841338351505012 
-8.84135897606511 
-8.84136054537845 
-8.841401797116664 
-8.841471836509962 
-8.841566339332172 
-8.841583434279034 
-8.841585252695761 
-8.841612793603783 
-8.84164586556192 
-8.841645395333165 
-8.84164657837073 
-8.841847562651298 
-8.841847631040658 
-8.84193132078384 
-8.841931367881694 
-8.841932205291789 
-8.841932229701765 
-8.841933041006333 
-8.841946779923635 
-8.841946751051982 
-8.84195300816364 
-8.842083215951806 
-8.842083239561427 
-8.842095936558314 
-8.842096485916164 
-8.842096745982403 
-8.842117562682146 
-8.84217032250259 
-8.842170956795917 
-8.842170759355357 
-8.842183656438852 
-8.842235373594702 
-8.842265937298476 
-8.8422663447457 
-8.842331061177864 
-8.842354504914464 
-8.842387053203996 
-8.84242929244979 
-8.842464361006769 
-8.842468408828184 
-8.842480818405075 
-8.842543957389628 
-8.842549104440149 
-8.842605413882584 
-8.842606959079891 
-8.842619726098386 
-8.842642948514902 
-8.842650625972354 
-8.842665574403167 
-8.84266551157175 
-8.842678173238424 
-8.842678223312873 
-8.84270227397983 
-8.8427221147478 
-8.84272205914823 
-8.842724350170027 
-8.842724393897274 
-8.842726575507253 
-8.842783264344165 
-8.8427860109046 
-8.842790985135005 
-8.84279920323206 
-8.842813264391422 
-8.842840874080341 
-8.842840872687587 
-8.84284091379925 
-8.842841565346763 
-8.842871035812244 
-8.842874218650028 
-8.842880248556119 
-8.842880563124565 
-8.842922409706263 
-8.842955712451529 
-8.842962778883704 
-8.843013569161444 
-8.843014828201245 
-8.843020516959344 
-8.843052613514528 
-8.843054610395221 
-8.84306375202494 
-8.843070312281272 
-8.84307557878363 
-8.843131526546665 
-8.84313152599254 
-8.843132905483309 
-8.843133049900782 
-8.84313313209475 
-8.843137333649679 
-8.843142457567968 
-8.843166402489478 
-8.843168237797114 
-8.843177948759774 
-8.843192256926752 
-8.843199892058692 
-8.843231480424093 
-8.84323661910095 
-8.843236619513343 
-8.843245236058959 
-8.843248090447124 
-8.843248119521197 
-8.84324832173327 
-8.84326070715733 
-8.843263776519436 
-8.84326651125101 
-8.843267666627026 
-8.843274182484425 
-8.843275352838395 
-8.843279440819625 
-8.843281580576107 
-8.843281558114382 
-8.843286162077089 
-8.843288047246531 
-8.843293427502484 
-8.843294339530479 
-8.843305089355052 
-8.843305583892436 
-8.843310052366189 
-8.843311950078522 
-8.843318751754325 
-8.84331911223759 
-8.843324949784709 
-8.843326501924096 
-8.843326578265854 
-8.843328555360971 
-8.843328564023325 
-8.843329224130839 
-8.843332134191648 
-8.843334784650423 
-8.843334879362788 
-8.843334864249904 
-8.843345196395486 
-8.843345341488392 
-8.843347593565843 
-8.843350097041968 
-8.84335018046198 
-8.84335081571545 
-8.843350843077289 
-8.843350984706209 
-8.843351172639792 
-8.84335131222083 
-8.843351401106544 
-8.843351774504347 
-8.843354197493323 
-8.843357223891767 
-8.843360085343997 
-8.843360044560635 
-8.843360065705571 
-8.843360083011854 
-8.843360087903244 
-8.8433703416071 
-8.843372166517058 
-8.84338036657599 
-8.843381685029183 
-8.84338354060776 
-8.843383563002469 
-8.843383664009878 
-8.843393229274827 
-8.843395484880052 
-8.843395587848477 
-8.843397077839796 
-8.843398930542376 
-8.843403200418916 
-8.843403026898246 
-8.84340304211415 
-8.84340354415411 
-8.843408400647279 
-8.843409213450467 
-8.843411880426757 
-8.843412110527987 
-8.8434131650459 
-8.843413882922649 
-8.8434146053721 

 Time 
36.53894782066345 
