Energy 
 
-0.3013136220446028 
-0.5059805439621607 
-0.9164552649697362 
-1.9015399721621165 
-1.8587578911582519 
-1.7990112947829022 
-1.7224750245956677 
-1.6528972745124912 
-2.4625337406917427 
-2.191171548746821 
-2.0434353986062317 
-2.3324203585741285 
-2.514276632019438 
-2.661460157717622 
-2.4960840450790514 
-2.6421289005663797 
-2.633715744891418 
-2.9490360224482464 
-2.8562749849581786 
-3.3013333851821582 
-3.6355636825470183 
-3.419907267825996 
-3.411498239514583 
-3.6870856830656433 
-3.6438629937058864 
-4.138979439376339 
-4.095310236220328 
-4.080381272060926 
-3.91469450107127 
-3.8940483150211525 
-3.879064871221674 
-3.8597007518729374 
-3.8046859681514356 
-3.7618975881098615 
-4.661812186406709 
-4.139004559401746 
-3.987300559205022 
-4.16694244933321 
-4.309149596094552 
-4.39787343518418 
-4.39801130092248 
-4.795759497410165 
-4.611465544581077 
-4.574080033326849 
-4.575007036111206 
-4.483783558283251 
-4.635164281932722 
-4.842178326429746 
-4.897502344899645 
-5.204643077043384 
-5.282147495812044 
-5.2932262049553245 
-5.210863812031207 
-5.47117232541084 
-5.489855511196694 
-6.167608232419029 
-6.077190669642436 
-5.936940464887444 
-6.109431213646244 
-6.089934967548855 
-6.098267588821169 
-6.434483815849606 
-6.212090920059102 
-6.075268516734096 
-6.445048130660366 
-6.441676811133083 
-6.526424045346356 
-6.560801473644695 
-6.28033471461503 
-6.279693185785565 
-6.067115715395412 
-5.802204054452546 
-6.141576189509807 
-6.112926196101702 
-6.1128151532859984 
-6.432522103427335 
-6.470499712186157 
-6.661872588852139 
-6.839677685017781 
-6.961906115217943 
-6.930616382253324 
-6.9710591740578005 
-6.942787060653844 
-6.951302351322369 
-6.976627096458306 
-6.980002073578058 
-6.9749283810196845 
-6.979287303474167 
-6.958254045038397 
-6.952799780307641 
-6.950726223359175 
-6.92977892082276 
-7.005841868045067 
-7.006123366228369 
-7.028736018565773 
-7.030393081182332 
-7.043213167016255 
-7.052992244350856 
-7.04767509593454 
-7.052046705281114 
-7.1060919647436425 
-7.072917860113416 
-7.037728070505048 
-7.032233085711515 
-7.040504365375908 
-7.0565003039788925 
-7.053456360121502 
-7.177013554451744 
-7.24402580493183 
-7.275362558638573 
-7.382705190507444 
-7.341394795891988 
-7.356794733262731 
-7.3591209940478794 
-7.355647594585794 
-7.442716516904777 
-7.442839836580207 
-7.434669586492932 
-7.4330487817973125 
-7.633543229588785 
-7.727593392135857 
-7.702134806769896 
-7.6706100767340795 
-7.519065727445956 
-7.740482179792191 
-7.723684814908953 
-7.814079482696547 
-7.7396611771602375 
-7.870949510596695 
-7.953879411275908 
-7.860681121581281 
-7.872461084055743 
-7.906569634636335 
-7.8883481067466485 
-8.006211742080588 
-8.077710177914724 
-8.269712054862644 
-8.30269638478346 
-8.11788922319773 
-8.092225763790545 
-8.286050604997104 
-8.213841757073125 
-8.244712790463117 
-8.272029887352383 
-8.268737484478763 
-8.306755651693281 
-8.2901885868715 
-8.31446494502616 
-8.33614636926069 
-8.35102173498667 
-8.346805746443378 
-8.354985207287726 
-8.357708995633018 
-8.346856995243561 
-8.364366382067933 
-8.367729750693309 
-8.393263359629108 
-8.409593887471225 
-8.401288072892342 
-8.429645244422943 
-8.424251287370215 
-8.422400250283383 
-8.437442779223115 
-8.440690809947315 
-8.456259855375793 
-8.467133811349715 
-8.46984244296302 
-8.46514796304035 
-8.466253248286055 
-8.466255640699963 
-8.469524002987582 
-8.468868653899595 
-8.469301997440745 
-8.473719197974436 
-8.475873452688326 
-8.480068780509965 
-8.4806233268846 
-8.481123096884346 
-8.481378870468204 
-8.483486630118446 
-8.484595063736572 
-8.486400700656919 
-8.4862809967754 
-8.486573458281631 
-8.487881874579125 
-8.489419158132167 
-8.48949504699872 
-8.489492634813468 
-8.4892660134332 
-8.489367366432653 
-8.491387739364319 
-8.49143089688884 
-8.491422653482402 
-8.491606513543005 
-8.491956542527518 
-8.491894449795877 
-8.492525261012146 
-8.492700091758536 
-8.492907292189132 
-8.492885035460843 
-8.493051006521906 
-8.493060731638751 
-8.493111411841198 
-8.493343464988122 
-8.493357786465523 
-8.493455800003458 
-8.493418815996877 
-8.4937656114268 
-8.49403088533706 
-8.494147238502137 
-8.494122738737406 
-8.494252225884022 
-8.494248166596192 
-8.494694057235197 
-8.494695453177892 
-8.494754184683313 
-8.494745841635782 
-8.49484210995683 
-8.494877573852724 
-8.494885621409683 
-8.495184619286286 
-8.49516285100241 
-8.495161121195375 
-8.495169061858176 
-8.495164878826449 
-8.4952286402464 
-8.495223793330528 
-8.495348183796683 
-8.49534646066606 
-8.495341212032718 
-8.495353632832371 
-8.495441172121026 
-8.49542852508007 
-8.495434662436875 
-8.495445876140934 
-8.495466002943392 
-8.495470008794774 
-8.495534540907215 
-8.495537150743244 
-8.495538600840318 
-8.495533356399628 
-8.4955352365772 
-8.495545818972847 
-8.495546513336492 
-8.495553413654557 
-8.495563636208054 
-8.495594219577402 
-8.49559317520581 
-8.495583824835625 
-8.495608536857127 
-8.495690973001047 
-8.495731878235775 
-8.495737057117982 
-8.495735687108374 
-8.495737550443328 
-8.495759921196093 
-8.4958174516581 
-8.495819661892403 
-8.495826171672439 
-8.495833447018477 
-8.49583251632956 
-8.495871092366224 
-8.495861862800652 
-8.49586353983291 
-8.496024396993375 
-8.496042559903788 
-8.496043287570721 
-8.496095011167093 
-8.496147315063975 
-8.49614766933742 
-8.496185637842864 
-8.496193202737901 
-8.496199262452084 
-8.496226963254676 
-8.496338213474107 
-8.496434767204548 
-8.496484882802294 
-8.496482608413588 
-8.496490313289524 
-8.496536944327623 
-8.496570463739202 
-8.496570778666108 
-8.496571749993297 
-8.496569904773311 
-8.496622843635468 
-8.49662152584382 
-8.496687790319426 
-8.496687273383166 
-8.496685050856373 
-8.496733205021222 
-8.49675175149668 
-8.496752583375887 
-8.49675289874926 
-8.496757357162451 
-8.496878310747535 
-8.49689404413235 
-8.496933534109559 
-8.496947137110732 
-8.496947860594009 
-8.496956085269986 
-8.496947415721966 
-8.496946620994573 
-8.496992081152836 
-8.497016225165051 
-8.497015124130257 
-8.4970419485893 
-8.497039385771307 
-8.497059424092214 
-8.497051131466582 
-8.497051126558004 
-8.497053971640817 
-8.497056791513605 
-8.497072036566424 
-8.497070322477734 
-8.497073646791797 
-8.497170682361789 
-8.497262856205625 
-8.497264287398993 
-8.497278569325179 
-8.497245816487014 
-8.497247618351082 
-8.497247423850684 
-8.497247407838412 
-8.497276558092432 
-8.497297637526486 
-8.497342415217151 
-8.497343193130908 
-8.497396953618509 
-8.497387130962816 
-8.497398490904983 
-8.497399404946705 
-8.497470810750823 
-8.497473313069094 
-8.49749886083389 
-8.497505334479033 
-8.497497499473779 
-8.497618365392157 
-8.497676128950719 
-8.49773954337308 
-8.49775429523171 
-8.497752679182025 
-8.497759451169147 
-8.497771136380043 
-8.497830640718348 
-8.497837748692826 
-8.497873010375248 
-8.49790787409092 
-8.497946157039756 
-8.497935994141896 
-8.497947301178824 
-8.497943825868512 
-8.497969010307576 
-8.497989515031115 
-8.49803270191953 
-8.498063259951337 
-8.498083225774 
-8.4981006690974 
-8.498141098239214 
-8.498195821986615 
-8.498249060493235 
-8.498250994613164 
-8.498264502879302 
-8.498271199568643 
-8.498362173942239 
-8.49836244332401 
-8.498376471179338 
-8.498415113154815 
-8.498427531718159 
-8.4984462019217 
-8.498471431241507 
-8.498487435924554 
-8.498484994826534 
-8.498485180287478 
-8.498490207701119 
-8.49853075732347 
-8.498550480987193 
-8.498578738143419 
-8.498696959229889 
-8.498696260187527 
-8.498697482861497 
-8.498705175199454 
-8.498749380445567 
-8.498740000839522 
-8.498881080698899 
-8.4989187051583 
-8.498941978999511 
-8.499005703082789 
-8.49900648182596 
-8.49901505802772 
-8.499022654935672 
-8.499048355217964 
-8.499090211137375 
-8.499101005538428 
-8.499105266863925 
-8.499104569246297 
-8.499105024697597 
-8.499127891742875 
-8.499142495325287 
-8.499139504140011 
-8.499136382836964 
-8.499146566401903 
-8.499144935210799 
-8.499222707134653 
-8.499247240343236 
-8.499268272329115 
-8.499268192306904 
-8.499324099362601 
-8.499325494634371 
-8.499340204174068 
-8.499383325918613 
-8.49938647134408 
-8.499438080871688 
-8.499448613561054 
-8.499488381796917 
-8.499511121796408 
-8.49951933645443 
-8.499520316821187 
-8.499520004255132 
-8.499544655074379 
-8.499634344680935 
-8.499652445524482 
-8.499651262503658 
-8.499652260086837 
-8.499667636630637 
-8.499703618317533 
-8.499709367116983 
-8.499713001171672 
-8.499718251102612 
-8.499718191029642 
-8.499718338238528 
-8.499722906523424 
-8.499777581874651 
-8.4997792504912 
-8.49979466663794 
-8.49980289863338 
-8.49980247582417 
-8.499911349418396 
-8.499913733463842 
-8.499911008391583 
-8.499913846587376 
-8.499910209822005 
-8.49990905076431 
-8.499915226262845 
-8.4999157376472 
-8.499932605556012 
-8.49992937068613 
-8.499966219382092 
-8.499966185604572 
-8.500011182466686 
-8.500025141834906 
-8.500074665644172 
-8.500075545474123 
-8.50008169846821 
-8.500081679802188 
-8.500089166792403 
-8.5001182311232 
-8.500124516718508 
-8.500207198638257 
-8.500223710426226 
-8.500225752453305 
-8.500228010809316 
-8.500290506879738 
-8.500314150486808 
-8.500325403676815 
-8.500319362401811 
-8.500319667084021 
-8.500321572220436 
-8.500340680564921 
-8.50034651857864 
-8.500416584485883 
-8.500427958515646 
-8.500427428684223 
-8.50042600788342 
-8.500430524272256 
-8.50044615542894 
-8.500448775735201 
-8.500510482590439 
-8.500510319057135 
-8.500550775622346 
-8.500586308176231 
-8.500617948224486 
-8.500685013405947 
-8.50071120347198 
-8.500716194952739 
-8.500786225931982 
-8.500849113693661 
-8.500852185909366 
-8.500875783813344 
-8.500906031964309 
-8.50090604748841 
-8.500909410339359 
-8.500954955297644 
-8.501037762336823 
-8.501148209185265 
-8.501160492176222 
-8.501165609463829 
-8.501161035214587 
-8.501178324192107 
-8.501190738585727 
-8.501189939573006 

 Time 
11.887914896011353 
