Energy 
 
2.878301087752058 
2.8234627136551196 
2.7915084928726186 
-0.3661003758259026 
-3.0570221314693082 
-3.796048805726114 
-3.7931141658751626 
-3.7863376361154044 
-4.247583176743818 
-4.832683250136653 
-6.115465798682776 
-6.335877127437636 
-6.6164743510624575 
-6.565647836610965 
-6.910231373112039 
-7.134884150197501 
-7.247683988941072 
-7.238713084057162 
-7.258987602766615 
-7.441143428725268 
-7.64680738975483 
-7.836746157498985 
-8.291183956789554 
-8.2538316351076 
-8.367458852498974 
-8.398712529090679 
-8.367025637929023 
-8.775986121154995 
-8.847018165049017 
-8.657925770076616 
-8.637127095204345 
-8.599713875459974 
-8.384773799230228 
-8.12795090868103 
-8.088531409824924 
-8.690302002125197 
-8.684498225256783 
-8.673752135455489 
-8.535395430389151 
-8.618971226928107 
-8.610422402728561 
-8.329265624491711 
-8.431913307519782 
-8.719513375014275 
-8.746059294860695 
-9.012281374457585 
-9.0494210640495 
-9.048919602666853 
-9.192233200593442 
-10.08547574021037 
-10.013616676710654 
-10.042406034256064 
-10.04062432630479 
-10.844541911652366 
-10.849820684018821 
-10.839976085357764 
-11.519398367358155 
-11.537400832175452 
-11.570786816181025 
-11.549011451516632 
-11.853566459647212 
-11.902803671968629 
-11.945788707265619 
-12.013394976694801 
-12.030849853220573 
-12.09618215790081 
-12.090590859186268 
-12.216579550146564 
-12.275622056765542 
-12.222409192339905 
-12.223008543772453 
-12.133329707773349 
-12.120316841247794 
-12.365659141563674 
-12.135067259020861 
-12.137172369075229 
-12.323373631351615 
-12.322223819309585 
-12.32497097549939 
-12.345314127976886 
-12.393732085126564 
-12.412167636997559 
-12.505059326235473 
-12.498332812594953 
-12.520846865500813 
-12.616429452708081 
-12.832453031516629 
-12.755609727241836 
-12.779911847601529 
-12.712605590486497 
-12.525278918335891 
-12.293502152771246 
-12.796743687513363 
-12.805157537077761 
-12.800168225587635 
-12.805164021127247 
-12.640584166489258 
-12.439041553673901 
-12.804727286783695 
-12.86549918321808 
-12.893134391228337 
-12.63730254088191 
-12.55440486158083 
-12.567111197551016 
-12.579145645215842 
-12.446648690995136 
-12.465480145792284 
-12.483328320023306 
-12.538545582880616 
-12.51425430750058 
-12.626687103997131 
-12.93264880119839 
-12.981853833433691 
-12.979876071710263 
-12.951414239899501 
-13.024290000206667 
-12.918335511427625 
-12.87779088638555 
-12.864731916582192 
-12.791316248312949 
-12.794330329049336 
-12.805768114367677 
-12.808112348563157 
-12.864774541012665 
-12.841380701402079 
-12.844652079537894 
-12.8911520131228 
-12.888986368264455 
-13.057007328634546 
-13.018127735569223 
-12.949367195531574 
-12.954794881095278 
-12.878208537641965 
-12.939259174860915 
-12.916762818983937 
-12.936497352895364 
-13.055106933984492 
-13.11779173255303 
-13.151841021615638 
-13.161767162535623 
-13.156328555721133 
-12.824750344874825 
-13.267172259893785 
-13.281668427441707 
-13.270015554068511 
-13.275496032487382 
-13.144733696455594 
-13.177052044093353 
-13.186003837424492 
-13.180656485130434 
-12.941746904827612 
-12.87987603450587 
-12.895634865239348 
-12.840454148896988 
-12.916945435316537 
-12.853557121995872 
-12.849904713634434 
-13.035716640676762 
-12.939697436765 
-12.922491173292233 
-12.954279556904261 
-13.016896936026582 
-13.03294047506034 
-13.067213666544388 
-13.059604623278712 
-12.97101018175658 
-12.773259955413721 
-12.783745380514194 
-12.932311809259382 
-13.135759941414106 
-13.069448404830089 
-13.072031797343339 
-13.097106150532296 
-12.853658253468046 
-12.869058975482513 
-12.915626489591453 
-12.859592273410591 
-13.21708672987229 
-13.231671808254958 
-13.21273165771629 
-12.96317256964684 
-12.9223746525658 
-13.176797541447447 
-13.14364244880673 
-13.12263060699512 
-13.142102895307357 
-13.211790588485671 
-13.189549460920983 
-13.261416483430304 
-13.320582722078871 
-13.291776707532591 
-13.366968270329817 
-13.365136992465533 
-13.440986302808168 
-13.426214854041444 
-13.425463482916179 
-13.450547715447897 
-13.434009570870847 
-13.422742661139514 
-13.424661952937125 
-13.368349080810955 
-13.361608184834951 
-12.968999701213928 
-12.994520719507422 
-12.951914573650221 
-13.010755340579157 
-13.109019559367047 
-13.029278378515691 
-13.159932865360606 
-13.245607521141336 
-13.242880622750498 
-13.224789956041034 
-13.252111764448792 
-13.155785788339392 
-13.17618880939326 
-13.199535494326959 
-12.99292996281296 
-13.088264317186388 
-13.107266514569329 
-13.27146691638801 
-13.278760955515393 
-13.329808221582159 
-13.329151565795826 
-13.341066197802867 
-13.352234357842503 
-13.259945991687331 
-13.381446203532514 
-13.403949048103046 
-13.422565396376257 
-13.408663402956792 
-13.40361620940565 
-13.357895079900102 
-13.41432706800212 
-13.318262598700343 
-13.318283753305886 
-13.329016466936576 
-13.314749620398905 
-13.261554840396453 
-13.34250030728122 
-13.152711160144984 
-13.155067522435163 
-13.20075488134714 
-13.287731235445118 
-13.300511670598517 
-13.40243602319066 
-13.401003140110861 
-13.438803529300065 
-13.401268146764062 
-13.274714810908527 
-11.923889058016908 
-11.821737921095865 
-11.897502570473042 
-11.88638680609142 
-12.252277251549831 
-12.235997775412736 
-12.301402243310127 
-11.892582933809617 
-11.9810776413363 
-11.92621339167866 
-12.370089850483966 
-12.734364438619027 
-12.938750288457458 
-12.972571186536449 
-12.900771212535036 
-13.12932315676857 
-11.694545594319155 
-11.634828375035015 
-11.648711380415604 
-11.405045642205694 
-11.26251781269847 
-10.968281977583858 
-10.026039745350335 
-11.06249995546138 
-10.456282554107915 
-10.737855167675626 
-10.776536138242678 
-11.482529324655731 
-11.090530953747706 
-11.311765255418445 
-11.31168919191629 
-11.10307793727276 
-11.404247119294219 
-11.383536253825088 
-11.379588075997223 
-11.63614377022447 
-11.656698698739135 
-11.733126705624564 
-11.748950211965951 
-11.911019470579417 
-11.88562070536666 
-11.708488695826908 
-11.887222327730797 
-11.666122697288653 
-11.051156635985881 
-10.983771836047694 
-11.03606554126387 
-11.65480217439423 
-11.176781705739833 
-10.886006706832076 
-10.698610224742255 
-9.909104738967732 
-9.91899856671731 
-10.920996908731189 
-10.500274454611265 
-10.517057072032433 
-11.361349314344118 
-11.172502100092615 
-11.640197022972604 
-11.88226898470015 
-11.87925712619426 
-12.365486834215556 
-12.452961595272376 
-12.30431036532639 
-12.311541195389895 
-12.346929086926382 
-12.427714175784477 
-12.18056414948872 
-12.21161781104612 
-12.681538896476182 
-12.69911550507081 
-12.747318700184461 
-12.747694264414136 
-12.971309115548625 
-12.764005056987736 
-12.735937965051622 
-12.798334772141654 
-13.101096553069683 
-13.119446867149595 
-13.158736164420398 
-13.232369581918038 
-13.253277555670152 
-13.26330325405373 
-13.343946744117313 
-13.347537451639294 
-13.353745081648785 
-13.349000241702019 
-13.362095106668544 
-12.892031164865118 
-13.025478819209393 
-13.126141227825471 
-13.132554936396145 
-13.144638051180223 
-13.151954070167443 
-13.354364204012617 
-13.314230372202678 
-13.413591409612767 
-13.423631065257856 
-13.4818399380206 
-13.529277618201647 
-13.60927274947868 
-13.613020551608898 
-13.610060581936187 
-13.634765462780349 
-13.57699422145132 
-13.625948670418044 
-13.619711458268794 
-13.624878858382345 
-13.658799993353883 
-13.657666561430368 
-13.670601528672284 
-13.658339593976239 
-13.648602829394905 
-13.652508638791009 
-13.654756657701258 
-13.659466648910044 
-13.663926640394022 
-13.598070224328703 
-13.590228641325195 
-13.50173012732435 
-13.558411153859353 
-13.560737764482905 
-13.598533941307302 
-13.59794583521873 
-13.611806748440985 
-13.413244950875677 
-13.416999791544965 
-13.424690221111273 
-13.49418432317671 
-13.492922403474282 
-13.521068996038725 
-13.518716599601488 
-13.476810970726254 
-13.359439748907572 
-13.36903096505998 
-13.374063447528055 
-13.422271595739726 
-13.401808089114848 
-13.419966501248155 
-13.435927673187173 
-13.462853158432223 
-13.450306994129141 
-13.445746078824921 
-13.461918191693758 
-13.237950655309684 
-13.473737746521424 
-13.575575754155782 
-13.575916223249028 
-13.585767015419334 
-13.646366995291164 
-13.739772483979092 
-13.757161994643738 
-13.830238277937216 
-13.882588597120689 
-13.856966744503453 
-13.875139691479529 
-13.691108978448353 
-13.735925298572429 
-14.033393199112453 
-14.058217733545604 
-14.124761948142224 
-14.166507903927336 
-14.161162470987382 
-14.193530211482475 
-14.376266126090625 
-14.397460712755889 
-14.371258292169113 
-14.36771088522267 
-14.372504636835346 
-14.351281051737029 
-14.398089662890962 
-14.59569072443219 
-14.582040030460897 
-14.580740629170652 
-14.571754829755587 
-14.57197045128027 
-14.614473540877993 
-14.613274296670953 
-14.635597838871321 
-14.619655015312135 
-14.614344937383965 
-14.563353396361254 
-14.762171199479964 
-14.933723132780557 
-14.894398254739926 
-14.33346323604897 
-14.338607029523251 
-14.333270490904363 
-14.395378919872426 
-14.31936468585259 
-13.866794860729367 
-13.932787906212178 
-13.91213199218219 
-13.891993597354574 
-13.878077092014541 
-13.873399112588967 
-14.062895954237593 
-14.12350900815976 
-14.099558186940925 
-14.07791659895042 
-14.313218527696293 
-14.522091637276734 
-14.520435102335433 
-14.53100665879347 
-14.623896571284703 
-14.639225103394656 
-14.584956450054545 
-14.442113362400475 
-14.468094407748332 
-14.476359579652469 
-14.479060377935616 
-14.529059932927831 
-14.533241486545888 
-14.586841530895422 
-14.586465435912249 
-14.3531588633187 
-14.296749371123699 
-14.429038844162976 
-14.447654239956805 
-14.454908890800825 
-14.250809052984932 
-14.350818397872718 
-14.35386609907609 
-14.348213104919768 
-14.500909500590144 
-14.360343480367527 
-14.803850088210925 
-14.811002518081427 
-14.81274272011265 
-14.828046233034636 
-14.872711984832588 
-14.642268812888034 
-14.61940665135973 
-14.611918493306977 
-14.634747710370727 
-14.660850753226834 
-14.641520666094046 
-14.83473840673295 
-14.741117153751613 
-14.751004703150588 
-14.643386740092243 
-14.359896207289637 
-13.329058907667582 
-13.963802392306643 
-14.036445109780631 
-14.551536622594046 
-14.331691054780968 
-14.5684059505813 
-14.594000274931089 
-14.55145011330253 
-14.585378241555162 

 Time 
39.74333310127258 
