Energy 
 
3.8998005448887016 
3.9839231792711525 
3.6622245591282185 
1.4945373729356863 
1.3604304633923003 
-1.380157343444818 
-2.0175018582534765 
-6.024513399853088 
-6.413613658269248 
-6.5191493592882175 
-6.830808577676963 
-7.199751672209605 
-7.285180184932017 
-8.314478065933645 
-8.398835440112395 
-8.579342584996606 
-8.59592803085399 
-9.063712779419722 
-9.036526182237393 
-8.835604216580743 
-8.766240888423518 
-8.759390405871757 
-8.801988316661445 
-8.795675093466773 
-8.91969246351578 
-9.303380064618118 
-9.267921407417585 
-9.628340530732359 
-10.04836246495032 
-10.088508818211082 
-9.861051319967991 
-10.344261095324294 
-10.823589785114539 
-10.321813520170394 
-10.69776495303849 
-10.627397519804601 
-9.914480687244275 
-9.64779252142291 
-9.987199903282333 
-9.861937009475486 
-9.820585654672932 
-9.455818523109789 
-9.485284065706926 
-8.707393846902686 
-8.770833548302988 
-9.547737962637022 
-9.638199510992788 
-9.104434090858117 
-7.87409620796793 
-6.653509914177725 
-7.018795918870876 
-13.93243239912563 
-12.827338055746884 
-12.82763971852581 
-13.095343608405738 
-13.0656166338169 
-12.845501564264968 
-13.333063377635753 
-13.642946501482466 
-12.218897091305037 
-11.982382302630205 
-11.718896837290771 
-10.719303892230805 
-10.137733135011636 
-9.803256974946802 
-10.22122893077938 
-11.749854685526063 
-12.229734132439884 
-12.33462345859986 
-10.996843323816947 
-11.711686360856245 
-11.797299886789517 
-10.688260233096091 
-8.764442875179027 
-10.941858820505674 
-6.184712407836106 
-5.749331620892949 
-5.401110248144389 
-6.292510181730806 
-9.809313468367757 
-10.408532405340901 
-11.043471049809874 
-11.43626634166011 
-11.415184787783302 
-11.376513715127741 
-11.44090883468021 
-11.433226429030274 
-12.688095044219983 
-13.222941391500218 
-14.730656223607532 
-14.622274868548317 
-14.834810333010187 
-14.83087900388456 
-14.849737349702226 
-14.618261458969682 
-14.688915382424554 
-14.581726220425615 
-14.957581703708698 
-14.845065264513945 
-15.328725400459732 
-15.295578769594222 
-15.08126663553888 
-14.955681581512916 
-14.748585886078768 
-14.742043617764896 
-14.590696313578645 
-14.442790574072365 
-14.265363184162986 
-13.696862961622447 
-13.721756245001952 
-13.72634736117205 
-13.807017278699526 
-13.804025978219324 
-14.532459365577452 
-14.383658430777166 
-14.387789644086599 
-14.455833881344127 
-14.358791232299463 
-14.211038286350362 
-14.148627302775722 
-13.237803644406169 
-13.53676146311373 
-10.48461299650417 
-11.019074223913238 
-11.048545051126293 
-11.45084036951729 
-11.785981486642806 
-11.092907765688466 
-11.20389519920545 
-11.629113634975162 
-13.676504048810184 
-13.0078389175571 
-14.271847578671526 
-14.297085004087227 
-14.349122465930487 
-14.277575457577813 
-14.299436427435516 
-14.415351156491933 
-14.48716518527899 
-14.59169675666939 
-14.655426064665763 
-13.83404434252286 
-13.867067981538327 
-14.35219689124541 
-15.132250299469105 
-14.377460999420919 
-14.221299233976517 
-14.297219350493314 
-13.911936413614903 
-13.83512888983985 
-13.861099682571659 
-13.615269255702884 
-14.795196176061934 
-14.665009557737864 
-13.221749122373208 
-13.248694329443415 
-14.51222108607669 
-14.521724299484474 
-14.48850407164281 
-14.722678236517114 
-14.740004984709534 
-15.024863097340432 
-12.778521648786583 
-12.179010960019957 
-12.417676783440513 
-12.226660564636267 
-12.35479522060035 
-12.267061788199603 
-12.446301730554943 
-12.913029459674515 
-13.378371155349187 
-13.593436638512557 
-13.345693197330718 
-13.242265694985909 
-13.376556840793558 
-13.342520363130413 
-13.202559380961226 
-10.512471705468045 
-11.692150325239355 
-11.32607681441974 
-7.665813680857801 
-10.190362057355479 
-10.263918189230855 
-9.87073401105206 
-10.203653727538534 
-8.604453064726117 
-11.091156213538012 
-11.166791116898851 
-9.485989865828882 
-9.47679983354284 
-9.902560435783117 
-10.057856944859127 
-9.889782515071316 
-9.890086658596365 
-9.177746598473867 
-9.276058182797172 
-10.83491774381886 
-10.889607126572766 
-11.262139337354801 
-11.21331991087239 
-11.318781969403004 
-11.710738115629477 
-12.46591081122833 
-12.610787657647434 
-12.520955659922564 
-13.678091898050285 
-13.382538945035703 
-13.480549315218525 
-14.119658933961537 
-14.194384948150226 
-14.922582072921715 
-15.073546363882441 
-15.199235764976843 
-15.099984641296343 
-15.15237585166181 
-15.057732346139808 
-12.984360193910272 
-12.979638971571532 
-10.996979716205251 
-11.074042987146553 
-9.804726750524479 
-9.743402787054121 
-9.685570243954897 
-8.580378622186597 
-12.152468247786615 
-10.677330549847742 
-10.318043045069121 
-10.378598006740779 
-10.348063694601088 
-11.346300840943242 
-11.27829214356892 
-12.05112533830311 
-12.273191463435724 
-11.6906662535118 
-10.586731459742381 
-11.346603478135789 
-11.427517048265267 
-11.146012544186142 
-12.738863665629111 
-12.161461405286023 
-8.550649865353801 
-8.284268176558392 
-8.357365272566724 
-9.088093562272253 
-9.140702288847729 
-11.024343313378939 
-11.040247633943927 
-10.587515193946022 
-10.770336959433449 
-11.06340903815586 
-12.634269874378703 
-11.04045645688322 
-11.235145459840272 
-11.242126772595558 
-13.757169148955303 
-13.474726847863096 
-12.98703067635969 
-13.394687389956239 
-13.177855932510774 
-13.290013412436302 
-10.523222961810282 
-10.608307562721624 
-11.144941681006799 
-11.75551704922575 
-11.865350577173352 
-11.801146433783403 
-13.156204342924141 
-12.81347417192235 
-12.931577724401322 
-13.26369810514363 
-13.196124484286603 
-12.961493246156397 
-13.042897213757087 
-12.557645281699745 
-12.03295431257917 
-12.87929060272247 
-12.095996481839682 
-12.023262962118784 
-12.063389331166881 
-11.741534673534247 
-13.031853909912655 
-13.032650462186144 
-13.026129549396313 
-12.85173731381892 
-13.68509656565528 
-14.00145153051936 
-13.972590080662272 
-13.915659685145325 
-13.935434259964047 
-14.097719430431493 
-14.559085280172807 
-14.578893392058474 
-14.632573928290011 
-14.571643903196641 
-13.568213182696715 
-13.520565195065322 
-13.549744404738354 
-13.442870931196993 
-13.502392757220669 
-13.737539823251065 
-13.132550163873155 
-13.86836558982617 
-13.904816450872325 
-13.90906370576499 
-13.186431306111167 
-13.397290198657238 
-13.597397001049401 
-13.89944291845607 
-13.987939967592766 
-14.231123295001494 
-14.474156194764323 
-14.66941312642275 
-14.252147612925235 
-14.425892824434394 
-14.381367509322 
-14.29257050998544 
-14.50452426027288 
-14.888606201695602 
-15.304705437695556 
-15.44851424342885 
-15.514189725263272 
-15.457636627357221 
-15.385057675497126 
-14.949341132895816 
-15.382457515276066 
-15.475880659414193 
-15.505078693201959 
-15.666914063605299 
-15.710098026550485 
-16.00637806737611 
-16.377335402499796 
-16.562580595508553 
-16.262231741661033 
-16.108851944880517 
-15.279233492630016 
-15.358600657485372 
-15.305857669301972 
-15.366245531062601 
-13.151043594316246 
-14.002551330248755 
-12.988863359540565 
-13.43078140760041 
-14.268773058533032 
-14.287877816981066 
-14.303029649033686 
-13.869316093809257 
-14.006132338897414 
-14.087803207351605 
-14.093856891465911 
-13.298335162284575 
-13.394564775708364 
-13.024802023833319 
-13.058283529041798 
-12.634135170982278 
-12.615662546654344 
-12.456042575288013 
-12.501306463605342 
-12.430167750855144 
-12.330394601237794 
-12.336629056832123 
-11.859448090732636 
-12.379207217929515 
-10.492716550717283 
-10.376180143337988 
-13.127144799110267 
-13.124608414387515 
-10.145659305798267 
-10.070381884569711 
-10.025512605552523 
-10.459666024458695 
-10.334679630859405 
-12.458360087349966 
-13.595249372869985 
-12.999122061822039 
-12.233526834145108 
-13.474641199887042 
-13.148133819570711 
-11.943965831434292 
-12.202181772143977 
-12.172781697533637 
-12.014319607612407 
-12.264584215254665 
-12.5405165805757 
-12.82251069729143 
-12.573665251713388 
-12.201794927919657 
-12.19422919570804 
-12.227186995500086 
-12.290473669122184 
-12.660747957910443 
-13.075870161980527 
-12.930865145963445 
-13.14558488317322 
-12.099080400995238 
-12.090567466550446 
-13.217152786861124 
-13.009746479264702 
-12.596132277998262 
-13.80648484818186 
-13.927903230347395 
-15.12477754747005 
-15.42316661544321 
-15.0980088166329 
-15.18766416683538 
-13.69269057690288 
-14.05000209731382 
-13.88478016956102 
-13.913859984966255 
-13.290629750906678 
-13.743599643307283 
-13.085094956438537 
-11.732893285622094 
-11.746606527010245 
-10.709881073090527 
-10.987967970684878 
-10.090892825956514 
-11.730733067390807 
-10.474500753193341 
-8.396451976827633 
-8.573854812399128 
-3.8546813749570736 
-4.688011215301157 
-4.301619111114703 
-5.744456275806773 
-6.606873385191954 
-6.957513781406257 
-8.59955768306058 
-11.647100426465856 
-12.904801874774614 
-12.778450840145952 
-13.096640303164031 
-13.017290669812077 
-12.739514391980563 
-12.674458907467402 
-12.566681656991053 
-11.873062951479097 
-11.061963184573925 
-11.011963536245318 
-9.704986433570618 
-9.177777902901527 
-9.141122165163733 
-8.793695917299182 
-5.292050792097376 
-5.289824675602594 
-6.614786990586476 
-6.650542065652424 
-7.6945664512967005 
-7.933645327649272 
-7.651854612079468 
-8.138863897854813 
-7.926384703532337 
-9.168394817066355 
-10.154043552849748 
-10.496822054215754 
-9.98680537432275 
-10.980247311865156 
-9.631631349795308 
-8.455887019698723 
-8.53694093810372 
-9.544601048438498 
-7.5915685289210915 
-8.051660975678239 
-8.04598304782176 
-0.9833269724582724 
-1.3241711494566544 
-1.384311766937503 
-6.45766246065507 
-7.072174951447061 
-6.953934591602032 
-7.862420954938946 
-8.178041974141134 
-7.428356756866133 
-9.60885943061364 
-13.204394777764298 
-12.418485614383304 
-13.344341580506054 
-13.53290252253301 
-13.763726381468825 
-13.425533427980863 
-12.920437146768139 
-13.285652920229627 
-13.604751848768306 
-13.600464560726929 
-14.414637813240315 
-12.04890297619795 
-12.197071989342898 
-11.927305872042847 
-11.991286910617388 
-11.257637556777995 
-11.249464157876155 
-14.385785284230222 
-14.967487558574318 
-14.220003637710064 
-15.046166969834042 
-15.059389798455154 
-14.595111885161407 
-14.59700577357002 
-10.106167588590408 
-11.33182992282549 
-9.283356542533225 

 Time 
153.6096110343933 
