Energy 
 
-0.3013136220446028 
-0.6686546173311515 
-0.6740028384231926 
-1.0877491476182461 
-2.0950438439673267 
-2.1835881018387417 
-2.8246524060327936 
-2.876758572275133 
-3.2116772168917698 
-3.2836942883343267 
-3.214477328991942 
-3.2933630407139383 
-3.1634977799116655 
-3.1620618270790333 
-3.9331022245503346 
-3.586909055288517 
-3.7378345297903404 
-3.7341652591164336 
-3.7229060932055527 
-4.154441233126504 
-4.074147291564698 
-3.7482370112324186 
-3.7423628260333133 
-4.223060213681696 
-4.234482084059593 
-3.833785736768233 
-4.877602294512071 
-4.507418567511619 
-4.500150680327892 
-5.468596886424829 
-5.650477310833872 
-5.541910272503087 
-5.4724881848756555 
-5.95532227919498 
-5.837752213829351 
-5.899886458503343 
-5.9273434972900985 
-5.663691847938112 
-6.298001149032618 
-6.299939902759786 
-6.223515737535938 
-5.970431461297375 
-6.190051252703754 
-6.182105936245953 
-6.2251218851629355 
-6.213451021229236 
-6.201876455444751 
-6.313535198085925 
-6.357003448073446 
-6.450029035365243 
-6.426675012627997 
-6.587902787611792 
-6.409748140441743 
-6.276625778921449 
-6.285856169890703 
-6.294680314752899 
-6.109041424303072 
-6.596761927874458 
-6.5779719683113695 
-7.214475822432938 
-7.13048707258584 
-7.042527510926386 
-7.230396386570614 
-7.135173988325232 
-7.116806124856874 
-7.191363694077041 
-7.224635835770945 
-7.175557932428173 
-7.100041515131218 
-7.2334331097194315 
-7.24035633784829 
-7.171459933223516 
-7.197161045203589 
-7.226260210263836 
-7.45101902040751 
-7.452444819663333 
-7.555933940934885 
-7.518176183568853 
-7.549609872030342 
-7.570463602287009 
-7.503034496052984 
-7.889318066736885 
-7.63748008004256 
-8.20479401826222 
-8.198280471707939 
-8.205768348504503 
-8.18453040283365 
-8.008478735080566 
-8.107989516430404 
-8.183532475255971 
-8.040146685253342 
-8.16534079815173 
-8.076293053297055 
-8.22118388235447 
-8.114972195530884 
-8.0693023301104 
-8.081853124497199 
-8.02738037924106 
-8.016816008561676 
-8.023970238983011 
-8.143349785444405 
-8.192598129580457 
-8.050460881310654 
-8.169670263195837 
-8.240090978157552 
-8.175760200663362 
-8.23564765227655 
-8.275119512018966 
-8.236060861382901 
-8.174628168032076 
-8.2351775135233 
-8.194420087903133 
-8.184716393562317 
-8.209854550714883 
-8.341436707523648 
-8.359843438883404 
-8.382278809417327 
-8.35512080787168 
-8.42616689475827 
-8.394226772812413 
-8.366327090855144 
-8.474401237785024 
-8.464065407544439 
-8.458915238663293 
-8.455132166341961 
-8.516487405735687 
-8.519764892990572 
-8.515276005932233 
-8.539105825531202 
-8.539663694639788 
-8.610539506208116 
-8.593714321118554 
-8.58435442552459 
-8.568988394292337 
-8.642909108372187 
-8.664721502505945 
-8.671322890426824 
-8.669345539739453 
-8.663837475602982 
-8.667444788014288 
-8.667707100177244 
-8.667141417740204 
-8.676176071443017 
-8.71230141488261 
-8.679923907769169 
-8.70580334705875 
-8.705814088349554 
-8.698591034145197 
-8.691970979122432 
-8.687328111119484 
-8.753831432703027 
-8.753319041553874 
-8.739669511228204 
-8.757591030082287 
-8.722902717914373 
-8.73849561214332 
-8.74885808014426 
-8.734936028264636 
-8.738872112004495 
-8.759687442967417 
-8.758982758777442 
-8.749772927515796 
-8.751439751170052 
-8.752733054887251 
-8.752369839570555 
-8.755282628828466 
-8.754735731540478 
-8.754320002597204 
-8.762274005770921 
-8.761121580691562 
-8.773102172178097 
-8.774568809048802 
-8.775252940161785 
-8.775124713146035 
-8.774078680598823 
-8.775785341595466 
-8.775284847792042 
-8.776919832831794 
-8.776785068442559 
-8.778935213090294 
-8.778193423553597 
-8.779156727448116 
-8.778421099482806 
-8.778509497509011 
-8.782039559705735 
-8.7821409493673 
-8.78146564009784 
-8.785285974291424 
-8.783992101063376 
-8.78755435338959 
-8.787468264909064 
-8.784869263887172 
-8.786135954448246 
-8.787632470346477 
-8.787249285121034 
-8.78740728196936 
-8.78967793131786 
-8.789948777148796 
-8.791673471630263 
-8.79524146385069 
-8.79354995650145 
-8.794508490767925 
-8.793411668131858 
-8.792750871432716 
-8.794544296478215 
-8.793611894511034 
-8.79353824083511 
-8.793486043823751 
-8.794308044604058 
-8.797272568736474 
-8.800634951099056 
-8.800710212850783 
-8.803241012288577 
-8.803064461905148 
-8.802836614877151 
-8.803036691319656 
-8.802360183938395 
-8.80335644001896 
-8.803603377832543 
-8.804421475371617 
-8.80535913176622 
-8.80518813760918 
-8.805827619069344 
-8.805776591479994 
-8.806633280794458 
-8.806479915025562 
-8.806485918021465 
-8.806241925040634 
-8.806427030743205 
-8.806191131010799 
-8.806785180121253 
-8.806945334601567 
-8.806935543187464 
-8.8069354187493 
-8.806919617535112 
-8.806937225677553 
-8.807410432464371 
-8.80928384721049 
-8.807982681286513 
-8.80793306960303 
-8.80984903564557 
-8.80994712829663 
-8.809952460360586 
-8.809566833624904 
-8.809212025354478 
-8.809169652310826 
-8.809264901610405 
-8.81180563234682 
-8.811690703495717 
-8.811260554732684 
-8.81204027259148 
-8.812115479002072 
-8.812595082091873 
-8.812545901299577 
-8.812903841871702 
-8.812882873446874 
-8.81288194302564 
-8.812947780469555 
-8.813063390683283 
-8.813359416651064 
-8.813361183306869 
-8.813399573292372 
-8.813385359168523 
-8.813517654680398 
-8.814019072155576 
-8.814227222758866 
-8.813907591046515 
-8.81475696444705 
-8.81513081428599 
-8.81514455057534 
-8.815158761497832 
-8.81517441180154 
-8.815122338402851 
-8.815164233041559 
-8.815740850342717 
-8.815614195039347 
-8.81625740278343 
-8.816271791367793 
-8.816446848271045 
-8.816462303567716 
-8.816494500073249 
-8.816627732745586 
-8.816597215619822 
-8.816597359104723 
-8.81672422560173 
-8.816619233388849 
-8.816659679991977 
-8.81665556156529 
-8.816686686206749 
-8.816623738668051 
-8.816889555774875 
-8.81696628185584 
-8.81699011233536 
-8.817153459677677 
-8.817151986793887 
-8.817258314014866 
-8.817237731969673 
-8.817243535450759 
-8.81729074226137 
-8.817363931281673 
-8.817357053378732 
-8.817356326975192 
-8.817350742045313 
-8.81731097821377 
-8.817350514532661 
-8.817386968208409 
-8.817562006262287 
-8.817569533861 
-8.817596154811804 
-8.8175952478726 
-8.817654898175125 
-8.817655562825884 
-8.817655789418739 
-8.817664063866022 
-8.817663558278149 
-8.81772351031678 
-8.817727401285458 
-8.817736719385284 
-8.817735877966465 
-8.817834840742558 
-8.817835408393053 
-8.81784168280265 
-8.817824701085627 
-8.817817326515467 
-8.817920693575541 
-8.81795223175907 
-8.817952226343063 
-8.817952034754887 
-8.817952681381444 
-8.818020033421101 
-8.81807095291899 
-8.818087655499925 
-8.818109628355563 
-8.818109568318748 
-8.818167268464816 
-8.818165928449696 
-8.81817282010705 
-8.818173007624319 
-8.818227452637887 
-8.818227656317204 
-8.81827038799759 
-8.818273822639167 
-8.81827456355681 
-8.818277694828575 
-8.818343992364856 
-8.818346984846727 
-8.818332783257482 
-8.818339863823951 
-8.818425985756713 
-8.8184385309071 
-8.818439290841333 
-8.818439236094399 
-8.818437283340963 
-8.818435914801539 
-8.81843727711632 
-8.81843685110828 
-8.818444110930526 
-8.818445591500806 
-8.818438935584371 
-8.81843889354677 
-8.81844620338337 
-8.818473029624805 
-8.818479779047253 
-8.818512647209511 
-8.818508652374213 
-8.818512144057875 
-8.818516080502958 
-8.818523452182998 
-8.818522805160988 
-8.818553330741137 
-8.818575751782857 
-8.818575170739365 
-8.81857408312653 
-8.818574435396393 
-8.818571911218637 
-8.818586310895897 
-8.818632210646419 
-8.818629031051474 
-8.818652056236836 
-8.818648147699953 
-8.818647882461956 
-8.818656593021093 
-8.818666129422956 
-8.818675436355921 
-8.818675432093166 
-8.818695309114753 
-8.818710481044757 
-8.818711058402533 
-8.818711923416641 
-8.818723106116412 
-8.818723710850119 
-8.81871783175651 
-8.818722060662605 
-8.818735518268355 
-8.818735994760738 
-8.818747733795034 
-8.81874750343048 
-8.818760937695874 
-8.818767201863679 
-8.818787123578161 
-8.818787047599953 
-8.818812905597587 
-8.818817460974866 
-8.81885626599675 
-8.818851741602753 
-8.818881894533815 
-8.818882023665303 
-8.818883635097048 
-8.818883084210498 
-8.81888315568438 
-8.818890095983262 
-8.818905841359634 
-8.818920381332148 
-8.818943304534642 
-8.818944428610259 
-8.818952873077842 
-8.818953837035194 
-8.818953411523408 
-8.818954499200407 
-8.818957767714442 
-8.818957974806052 
-8.818962106593542 
-8.818962345652531 
-8.818977129790484 
-8.818976938605976 
-8.818980481040585 
-8.81898085936929 
-8.818979695371706 
-8.818981986617796 
-8.818982101258399 
-8.818990286862372 
-8.818992844450866 
-8.819026383223353 
-8.819024362382951 
-8.819029531445228 
-8.819029607817686 
-8.819029235234828 
-8.819047328301663 
-8.819062580165754 
-8.819062597529454 
-8.81908238995222 
-8.819088580760122 
-8.819088089402221 
-8.819109481085476 
-8.819129581500823 
-8.819132330494577 
-8.81917649881878 
-8.819179077704291 
-8.819179296834147 
-8.819178876986882 
-8.819189212752681 
-8.81918931533494 
-8.819189778261887 
-8.819216227678298 
-8.81922179385397 
-8.819230860042223 
-8.819230972516413 
-8.819234146572892 
-8.819247354845876 
-8.81926160585159 
-8.819284830450163 
-8.819296490945389 
-8.819298464716914 
-8.819299973237253 
-8.819319645504926 
-8.819324450196843 
-8.819327709563272 
-8.819328091910458 
-8.819343003014096 
-8.819342689600248 
-8.819347073552771 
-8.819360131880693 
-8.819359712784255 
-8.819373719640527 
-8.81937310990975 
-8.819373064648243 
-8.819377483793819 
-8.819390423290066 
-8.81938991610915 
-8.81938982974984 
-8.819391103045604 
-8.819392264540234 
-8.8193993394999 
-8.819398300486164 
-8.819401860463651 
-8.819403574851492 
-8.819420708318772 
-8.819423497015055 
-8.819427956349449 
-8.819428186987682 
-8.819429985881294 
-8.819463754463598 
-8.819464901570111 
-8.819465128869382 
-8.819467805858677 
-8.819475306379779 
-8.819491057378016 
-8.819519952084395 
-8.819529064544506 
-8.819532205394706 

 Time 
17.42890191078186 
