Energy 
 
3.8998005448887016 
1.2863424646862078 
1.4224600730324688 
0.13186223862104351 
-1.5359903824237224 
-2.6949276271009275 
-3.1187981048558635 
-5.5702564361684335 
-5.20893451318353 
-5.532412202730691 
-6.019473658123153 
-5.684736903176436 
-6.099166620405679 
-6.538140229636564 
-7.123776350662364 
-6.542112450464609 
-7.063570495490995 
-7.358973910478409 
-7.307294455655363 
-7.600152396053363 
-7.653351970581795 
-7.359565210619695 
-7.361907896050286 
-7.875283036087993 
-7.7910181300363375 
-8.329623252738028 
-8.604016851979866 
-12.446523218178735 
-12.624253501532069 
-12.518829741601 
-12.716538782458413 
-12.308146807165102 
-12.71226537770196 
-14.228194508763417 
-14.132164019138832 
-13.917971203575666 
-13.308470427983874 
-12.413966860873183 
-10.934934562712627 
-10.913936766857733 
-10.991710509768007 
-10.16758359490503 
-10.022482355987773 
-9.199033303679398 
-8.543895694686618 
-9.110344903909116 
-8.633692052146651 
-8.120825481049538 
-7.9063093986280215 
-8.564243651659202 
-9.954555331542863 
-9.584481588153537 
-9.426239845006457 
-11.285479970263728 
-11.818743704951462 
-11.702009279772483 
-12.540861195364029 
-12.664960350253972 
-12.483757958070703 
-12.242149526504745 
-12.234607768621101 
-11.534379110455715 
-11.30573757115234 
-11.341291133095517 
-11.20393623202072 
-11.166007119721415 
-11.081416388515366 
-11.155153125791356 
-11.232608016205708 
-11.102613195813008 
-10.705448326588776 
-10.547701654673808 
-12.233543074501853 
-13.240534142288634 
-13.209420809442696 
-14.204514415640071 
-14.478986767878412 
-14.536389826058475 
-14.164946024041788 
-12.960773867507454 
-13.277413061604765 
-12.68150259183913 
-12.395967315988223 
-12.378646614411348 
-12.926006030042668 
-12.535143452112926 
-12.654992547941216 
-12.543096380137673 
-12.663752455664357 
-11.528968837077405 
-11.459960588645107 
-11.605921234626127 
-10.720888001917777 
-10.744846446258782 
-10.831753471464614 
-11.053756946421071 
-11.528899365434478 
-11.551699233602486 
-10.320373835678081 
-13.14497254452336 
-13.127465522226792 
-12.955230607813885 
-8.062341822552169 
-9.052103737369904 
-6.251518606055475 
-6.309094507835428 
-6.310167208921655 
-10.2497632944989 
-9.463145567762199 
-9.001171294122214 
-7.721276409417421 
-8.07340983964094 
-8.210906273101067 
-7.661437951348786 
-7.489000559522964 
-7.406225398857185 
-6.717426758810976 
-6.789969630874401 
-7.312863390306663 
-6.081647001164968 
-6.066382095123231 
-6.318760913310937 
-7.6952336106068655 
-7.782710875231405 
-8.231894662694542 
-8.544989214000417 
-8.751468933979778 
-8.793726501114401 
-8.507796302597786 
-8.496292621261315 
-8.67709546280507 
-8.903330665187102 
-8.803400478585283 
-8.784739897373223 
-9.493390215437978 
-10.008305832609677 
-10.066226096510084 
-10.871474657953053 
-11.0033904203272 
-9.383795664409952 
-10.089283805061882 
-10.632773924926989 
-10.480967943761234 
-11.953307712380155 
-11.956508259418477 
-12.599832841946759 
-11.327671314078874 
-11.350146628862378 
-11.400287905292254 
-11.625456424811063 
-11.866925533178913 
-11.883596297499611 
-9.89949012869052 
-13.422114920545795 
-13.878078841400505 
-13.792207667531653 
-13.861599832044778 
-13.808313894349205 
-14.052451050125118 
-14.007381049420404 
-13.953936228828312 
-14.033812158856259 
-13.15717332341568 
-12.371739775623999 
-12.620512274655994 
-12.70227330280164 
-12.7697330838396 
-12.902144251647945 
-13.197847189835805 
-13.05757808596421 
-12.72920025345373 
-12.733507634440093 
-12.809302647665827 
-13.01205469668932 
-12.882879703895911 
-12.951465855721677 
-12.97696760866205 
-13.092129237124283 
-13.85672439874599 
-14.278959823615535 
-9.460960203023113 
-9.46101090122458 
-8.888984468823232 
-9.796853339183516 
-10.198822568998965 
-11.34372954250954 
-10.91056843093072 
-11.855482386817933 
-14.323020856665284 
-10.746630422438221 
-11.098486399749904 
-7.909803771291587 
-8.41440975983646 
-8.384488831995386 
-8.654669709902754 
-9.777856906706718 
-9.802360340473498 
-10.157736844759711 
-10.598701997216518 
-11.348063956529069 
-11.920529753979682 
-11.810857341865661 
-10.063993981713537 
-9.884297229250336 
-9.569998918482897 
-9.659260366706384 
-10.46708323474826 
-12.588127694654476 
-12.88721909996179 
-13.111785311098156 
-12.059913267303314 
-11.932478875481658 
-11.792465680408434 
-12.048863080859697 
-12.862965159926876 
-16.422512562462373 
-16.399765037570695 
-15.773611962500704 
-14.040159787261167 
-13.73395532617284 
-0.30312992999158056 
-0.08984448710872839 
-0.01117161474542172 
-0.05016166727496696 
-0.8109472795821344 
-0.02123661818787731 
-0.5738765619460565 
-4.1522502984896 
-4.298435179242441 
-4.40841173988381 
-4.539248304164859 
-4.602517036792809 
-6.191001523496818 
-5.662759563616348 
-5.5113202769706575 
-9.387034892289302 
-9.440362740198776 
-9.445608133127125 
-9.527878079032535 
-9.994014132752435 
-10.002892501181503 
-9.8792796127719 
-9.707661061803819 
-10.5049888783654 
-3.788126976871852 
-3.710358125656472 
-3.9458738468277437 
-4.301619968804149 
-7.591667855670421 
-8.568576326820518 
-9.309388947448276 
-11.409007774453228 
-11.601292394556094 
-11.269439047436736 
-12.105120508039336 
-12.399307078618211 
-11.776402401144647 
-11.40961351622397 
-11.473756199107815 
-8.486828002118646 
-9.787966127758258 
-11.798301572163838 
-11.241937692713222 
-11.507270857232221 
-11.474357712483037 
-11.727433347131297 
-11.827245276005085 
-12.39665137096839 
-12.47573617061418 
-12.639134073599717 
-12.675589884716066 
-12.693645111968564 
-12.593089101674833 
-12.383713010438637 
-12.33722615136944 
-12.748856461739152 
-12.418482512364333 
-12.425435713995544 
-12.241205975094864 
-12.703457985842487 
-12.707238893203694 
-12.690355359175566 
-12.753492551857052 
-12.839261467729745 
-12.559360962292603 
-12.655650343428618 
-12.31415391442591 
-12.382675189853916 
-12.699402208727392 
-13.202587990115031 
-13.521864712591793 
-13.816324155372055 
-13.69538176141569 
-13.762525501397871 
-13.576583050944965 
-13.594146696673748 
-12.999915840568537 
-12.97332624308553 
-13.14075872166572 
-13.784893194311604 
-13.66613951410605 
-13.060801067790152 
-13.258742249803868 
-13.206904835600735 
-12.34363981471046 
-12.610197169266495 
-11.692022581900158 
-11.767855197405845 
-11.567722367272394 
-11.618604323294099 
-11.860177470800608 
-13.459115765103245 
-13.70781660289091 
-13.474764823019528 
-13.548182983850484 
-13.622612026043123 
-13.527088876196917 
-13.58043707598546 
-13.557148740933718 
-13.556865152024972 
-13.57044991269571 
-13.627533330751966 
-13.589884425275233 
-13.61801503413467 
-14.135331519333675 
-13.871756465218311 
-13.9830412067287 
-13.913417369391338 
-14.314434011650627 
-14.32328539939995 
-13.86825484473532 
-14.296125602041151 
-14.50113411215345 
-14.569888518361676 
-13.939356001166074 
-13.998839342952131 
-14.011772015740654 
-13.971035173239112 
-13.66476051482882 
-13.579103707773946 
-13.426096816672732 
-10.882526869335233 
-11.516954414968003 
-13.516168729418581 
-14.466160714238885 
-12.654638466956161 
-8.045082616247173 
-8.865612394480307 
-9.065838222754728 
-10.658516137240776 
-11.630097554235714 
-11.625928950655151 
-12.19675900399073 
-12.33142431232929 
-12.442836767876585 
-12.416137447929142 
-12.435014294343535 
-12.505434642525055 
-12.120783708065773 
-12.28030825186821 
-12.38469386296304 
-12.408357920445823 
-12.028767400363447 
-12.569579681105537 
-12.05232922530736 
-12.29608580593484 
-12.636431697996482 
-12.375658476548569 
-10.519139985696864 
-12.702834249942567 
-12.523827792454359 
-11.87218270583423 
-12.300305046366745 
-12.218565782596574 
-12.452387279972191 
-12.797549365878817 
-12.755167518191902 
-11.859057967828342 
-11.380712400678451 
-11.322815410868966 
-11.824552066885122 
-12.284579558080235 
-11.82562043658575 
-11.597999676844838 
-12.170771642332271 
-12.069790689714182 
-11.958648487166096 
-11.999170314066593 
-13.0633017461117 
-10.35161130505204 
-10.81311023225939 
-10.814145328647927 
-10.876134580248753 
-14.107924801505025 
-15.888527902405585 
-16.03679612022561 
-14.443786888480345 
-14.584503962045261 
-14.591627795803678 
-14.34058970527089 
-14.198533806475128 
-14.835711984614655 
-14.945528658447381 
-14.905607204748902 
-13.713204827739032 
-13.607684539389739 
-13.860472898668355 
-13.78350067435006 
-13.112107456292756 
-13.11574579515917 
-12.596774870078564 
-12.741721491536104 
-12.11621579941912 
-12.864218252233442 
-13.941172862935892 
-13.777223706737331 
-11.380438865457243 
-11.504824803448033 
-11.461491167445057 
-9.177747298265867 
-9.024952441332626 
-9.463713410080214 
-9.432408166108031 
-11.349256828175148 
-10.94541805138114 
-12.022943145555173 
-13.356784875247394 
-13.35400011640948 
-12.979479483044834 
-12.415965751996623 
-12.453294612878732 
-13.366016099129867 
-12.939600604319212 
-13.143962264533318 
-12.954783153439395 
-13.53924943331056 
-13.56415476206907 
-13.611742526233337 
-13.626675324566168 
-13.639657520545775 
-13.667832356435918 
-13.680251643581778 
-13.693102404263573 
-13.680015748093787 
-15.055300039204159 
-15.21931993084601 
-15.18144145738288 
-15.302251565364676 
-15.291717254960508 
-15.281247910235694 
-15.295309317898196 
-15.24421102939755 
-15.190748007316234 
-15.2054291904778 
-15.336169897351407 
-15.340518851177896 
-14.161060106165584 
-13.815063451805647 
-14.410329521137038 
-14.47777716751388 
-13.570428611641665 
-11.433869724719317 
-11.320620786495574 
-14.140409777717089 
-14.7924628793557 
-15.156548693917221 
-13.022329808088434 
-13.959097896636676 
-14.330314192041296 
-11.49543723270038 
-14.84865038262177 
-15.323028964553258 
-15.904633119361684 
-14.843343912655097 
-13.021883688268831 
-13.008761459204488 
-12.132518523137461 
-13.455121519644512 
-13.789326996506304 
-12.861444159956754 
-14.08331576352907 
-13.849669629175612 
-14.204108925206858 
-14.419329510140795 
-14.71336795486019 
-15.316455934022672 
-15.464579947897608 
-15.566180961727706 
-15.563973177518864 
-15.52179014580938 
-13.622352010862642 
-13.617571126672107 
-13.614197994191093 
-13.572708465174411 
-13.618007298931872 
-13.618694495528116 
-13.627019058221173 
-14.493295615715647 
-14.307807274944228 
-14.173076063503894 

 Time 
268.69536113739014 
