Energy 
 
3.8998005448887016 
3.5998727494135165 
3.589043212273494 
3.1103502906145915 
2.1070934134446073 
1.7636740721280577 
-1.669959268635636 
-1.6900663723162557 
-1.7355731261833458 
-2.064591350173886 
-1.9966077448869521 
-3.7830898591356408 
-4.91021757532187 
-5.258708715456663 
-5.273635600534787 
-5.278253186032609 
-6.032119565053062 
-5.923553879888352 
-5.9487808999514264 
-6.086921493568033 
-6.10896173894797 
-6.401783069096093 
-6.755639240932798 
-6.996856926776697 
-7.325320714580618 
-7.345371998892469 
-7.344489627052539 
-7.674357320694044 
-9.06302726385382 
-9.365749776759916 
-9.614988066212188 
-13.893425151856691 
-13.901338223569557 
-13.735187093296968 
-12.786775909772018 
-11.240057711441693 
-11.558636732382434 
-12.444269600062574 
-13.385580478241339 
-10.684681962980388 
-11.411193521182547 
-17.032492926437683 
-15.36508231084553 
-15.13449945585196 
-15.008731076402263 
-14.937971220783327 
-14.770924020640336 
-15.149572260255 
-15.25119767716292 
-15.772922855564564 
-15.878511511047462 
-15.277933435662948 
-15.29515602741669 
-14.349701522511905 
-14.236049183311462 
-14.229638934067138 
-11.27577641859673 
-7.701209389572336 
-9.173789156000664 
-7.218589973256799 
-8.214745263695738 
-7.8466323997915595 
-8.570146835884708 
-8.652494667796615 
-8.31719793088305 
-8.58188915688568 
-8.98406077700793 
-7.299343106110173 
-7.285005731188389 
-8.190179427830568 
-8.80993791841067 
-14.300392859576707 
-13.530668173445104 
-13.94874433819099 
-14.520023468329633 
-15.865752770363013 
-16.203586666474337 
-15.988618296689383 
-15.862897613411555 
-14.692333899873544 
-12.557513244261031 
-12.437088081981843 
-10.74386192722157 
-10.832814635614286 
-10.129792868179013 
-10.19323139989495 
-11.615357854830322 
-11.364365911742627 
-13.004903374541314 
-12.455130197972716 
-12.289509686832766 
-12.66117262294443 
-12.6610867524104 
-12.891489610584209 
-12.275363054915344 
-12.267355279119732 
-12.493149063854052 
-12.469641894510257 
-12.477902065005043 
-10.533921920854368 
-10.641720151845831 
-10.437416914196115 
-10.687035534079438 
-4.98431321730639 
-5.175474946712322 
-5.195607097075941 
-5.531831545463221 
-5.668006604030508 
-5.574820732466606 
-4.666157903532179 
-4.553513677319683 
-4.778731787175355 
-4.781188680530891 
-4.655093614790093 
-5.148488714786962 
-5.550779843855267 
-9.4237953734605 
-10.409874680606888 
-9.940904466133983 
-9.60117478828193 
-10.201096163251412 
-8.553648793210415 
-9.62196423126706 
-9.550414184398118 
-9.513679836503552 
-10.539091468242262 
-10.587896187777329 
-12.522246449423744 
-12.842445216933251 
-12.952057843303669 
-13.10138123429729 
-12.842132819905538 
-11.260942235990353 
-12.058756887223453 
-11.704027654427142 
-11.60224502829145 
-13.388644303407364 
-13.729568231582864 
-14.111494336999908 
-13.8227098491567 
-14.36453636486671 
-13.57267282677137 
-13.505228291671557 
-11.324794179826931 
-11.217692449345058 
-11.510409957466244 
-11.559309926991062 
-12.115219946232436 
-12.055978373829866 
-11.916508895691647 
-11.872932538466806 
-12.404673613290612 
-12.503296601130643 
-12.728598650327744 
-12.653829315919413 
-13.508833827499442 
-13.695115831711849 
-13.607005997622942 
-13.075072883157919 
-13.68919365723234 
-13.697706731561679 
-13.604190723205141 
-12.14585266148423 
-12.329617225605281 
-12.36145086611436 
-12.37736699969569 
-12.478146971312734 
-12.479447959981819 
-13.185898191822492 
-13.137781783370858 
-13.10186839212839 
-12.897746152573381 
-13.01919947829943 
-12.955365113550286 
-13.121432119337674 
-13.263813175787298 
-12.293197070639518 
-12.278092311131706 
-12.25326553789831 
-13.203930885447226 
-13.06585196581411 
-12.99647119950135 
-13.021497186155898 
-12.459078916817043 
-12.903909150075002 
-12.9229008873223 
-13.287973292976488 
-12.712655156854773 
-11.796796391325469 
-13.19825174951854 
-11.203203579545795 
-11.136993429592218 
-13.792883828976302 
-13.974863587036438 
-13.265916486373088 
-12.683439833578126 
-10.13865453389361 
-10.013876485580585 
-7.914654112932276 
-10.902806088235948 
-9.855741129776533 
-10.355626336496424 
-10.395286426718812 
-11.405380662280573 
-11.440726980295993 
-9.931096395664184 
-9.935418102876104 
-9.447900629587766 
-13.68863757256319 
-9.01683588943548 
-9.017858171086276 
-9.093568354759014 
-9.601849488661268 
-9.755491885057946 
-9.70770432448242 
-11.776736418587092 
-10.118791508995299 
-10.10561530811835 
-11.100755722100173 
-11.162886802950712 
-11.242094769795543 
-11.913922492848004 
-11.916723610162931 
-11.804367977647193 
-10.055578294383682 
-10.276428472247433 
-10.274882028969822 
-9.8621659978972 
-10.094230080125277 
-9.975593641949217 
-10.247702485197284 
-11.034055133132382 
-11.074454925572802 
-11.282912469986387 
-11.2688384032767 
-11.26995476546276 
-10.985568490534298 
-10.15595635688641 
-12.199994757436963 
-11.304216073506277 
-11.587796235572583 
-11.095650513263964 
-12.439972568165523 
-11.256146863048569 
-11.271637067415217 
-12.345636897611929 
-11.502260981416683 
-11.440887163664929 
-12.17652197757446 
-8.280634206575122 
-9.220500016242285 
-9.350635564651572 
-9.001988249681721 
-9.115274259589464 
-9.264452951357312 
-9.684018723470027 
-10.405760323052709 
-10.390360571911613 
-10.376074625694198 
-11.035357879545957 
-11.034145429569723 
-11.218963725599371 
-11.512665215207354 
-11.513079569556371 
-11.515393966771377 
-12.390218554896038 
-12.368965579059964 
-12.734167938132785 
-12.984272547319755 
-13.08617744737742 
-13.142152750308256 
-13.009070751853468 
-13.346855012420516 
-13.427648707179703 
-14.591199374350188 
-14.346619087662797 
-14.570203568840661 
-12.735549091576466 
-12.486652121939732 
-12.450875211179255 
-13.458607023259827 
-13.070941651590415 
-12.674188896083223 
-12.774668796026518 
-12.307369640357855 
-12.966610587327022 
-12.264952861830082 
-12.245360179915737 
-13.019285252133862 
-13.509742657586372 
-13.10919087510496 
-12.338952990497091 
-12.115170875088342 
-8.710770693686973 
-9.335423809971008 
-9.97231644142482 
-10.714434432664072 
-10.907306167265656 
-10.982654092266799 
-9.358769846536331 
-9.03475439547509 
-9.885068869285789 
-10.128790888355672 
-10.183967982038697 
-10.227187915093852 
-9.395286197020047 
-9.417388807864398 
-9.053656137147453 
-10.14437943100398 
-10.982056196484919 
-11.261785107705222 
-10.56275754659959 
-11.080398232149507 
-10.961457169205573 
-10.467174044976375 
-11.636705410560458 
-11.788472341595268 
-11.837042089659297 
-11.73858556514148 
-11.45085136710587 
-10.753138542538174 
-11.52004578516205 
-13.173847158569913 
-13.063722603283313 
-12.75683579922616 
-12.17543089300023 
-11.591134166923277 
-11.262743768918448 
-10.239984665503298 
-12.366117826997 
-12.254925736611408 
-12.895404315995266 
-12.888661615442384 
-9.771635797474154 
-9.746980326765035 
-12.495413356707555 
-12.490869357407435 
-12.501545942752045 
-12.55198179849284 
-13.663154002125964 
-13.281623148882492 
-13.396635529030561 
-9.852920502324796 
-8.95420376514081 
-10.91052096297222 
-12.455353127952439 
-13.17484247520973 
-13.000462976903233 
-13.744281901930878 
-13.944826061276338 
-13.190873355730833 
-11.685577384081697 
-11.041499658282612 
-12.256557206296346 
-12.388853931450615 
-13.127973711213532 
-13.18184686075382 
-12.741751631991042 
-12.273043311503319 
-11.204876703132202 
-11.595775792725611 
-12.004584505818006 
-13.002371853257008 
-12.798066497638763 
-13.320559841660032 
-13.348332885614589 
-13.479801683931907 
-13.126618329830062 
-13.314962612004038 
-13.812719004675747 
-13.939714489642446 
-13.926791199343803 
-14.219010131001369 
-14.060412225766761 
-14.365754492574064 
-14.540802491786307 
-14.501681670344585 
-14.628521655450244 
-14.21275726608304 
-13.965952136883038 
-13.127243886521557 
-13.130668411503926 
-10.375195078988165 
-10.904459177766464 
-11.041328881674623 
-10.982124290291623 
-10.970745556792652 
-11.06031568282262 
-10.910582347063913 
-9.720079955178889 
-4.290818630349414 
-4.987661097666731 
-5.579184544890879 
-1.9383395025032093 
-1.8536197075760936 
-1.8539578061558546 
-2.250437541706848 
-2.310939572092928 
-2.840704393335705 
-3.5147598107643483 
-3.2768950693817938 
-4.083232779253032 
-3.931322721110439 
-4.423132208209187 
-6.0815005686035875 
-6.206110615900884 
-6.419788956915802 
-6.621816669245731 
-6.755522809038927 
-7.159043706980866 
-7.2886667699795264 
-8.09397161427583 
-7.410643304950619 
-7.266172943861884 
-7.49977604707289 
-9.917590368357462 
-9.929021973053876 
-9.742371437704332 
-9.44690064212503 
-9.542668630109679 
-8.98796343255724 
-10.389893860248023 
-10.175881420622082 
-10.167874303860383 
-10.172953514038404 
-10.010345991829505 
-8.917679370978904 
-8.946327069204047 
-9.947305891138296 
-11.39958619091247 
-9.524153977363405 
-9.976039625832389 
-10.236017659643533 
-10.67153913296448 
-8.986633065591917 
-8.941954812976766 
-8.645861294682375 
-9.514382621577276 
-13.395677384088073 
-13.845077371660649 
-14.49477653239624 
-15.116534226456697 
-14.407317275894941 
-15.632893842310619 
-14.57778451506546 
-14.734459633627944 
-14.411289693325571 
-15.321792643357401 
-15.308923034494306 
-15.306755722290307 
-15.152313004282252 
-13.421394070484233 
-14.162926552551907 
-14.156736368921324 
-14.115987871120131 
-13.900942625461834 
-16.223316748159014 
-11.003457936742649 
-11.763972638942082 
-10.986259576620663 
-12.59010970841931 
-12.558402636517922 
-13.411374131331232 
-13.787102413122433 
-10.614331409027315 
-10.539584149301671 
-10.373728868889762 
-11.115773296371398 
-11.122990435787674 
-11.120499573980414 
-10.930463008879508 
-12.849391286069991 
-13.058500866288016 
-13.260175139234935 
-14.080419323615732 
-13.662211637139555 
-13.526071052179498 
-13.83041156895511 
-13.758663083006596 
-13.261454806829274 
-13.505767113623788 
-13.872923322201856 
-13.972718526740232 
-13.973742093473728 
-13.520873512523059 
-13.376454415484336 
-13.792947143413974 
-13.623399215656658 
-13.44648016928704 
-13.73680552501198 
-14.15074964015802 
-14.821486182140859 
-14.46316026411547 
-15.962424682907988 
-16.08993627492009 
-15.784555788972291 
-15.64023541364468 
-15.832958855714683 
-15.468446132679329 
-15.193373679765404 

 Time 
144.53826999664307 
