Energy 
 
3.8998005448887016 
2.5439538990536064 
0.5841426316236594 
-1.87732431821947 
-4.622239546633951 
-7.337553423780753 
-9.87566507759304 
-11.726144501719395 
-13.457257643058183 
-14.427424019872772 
-15.157711434390913 
-15.676358755234778 
-16.103665462394073 
-16.552739150950813 
-16.910848071819863 
-17.267193118389375 
-17.58231530024102 
-17.85776664923473 
-18.131686794472074 
-18.415320762567507 
-18.66175758813808 
-18.885898337039613 
-19.089030000794438 
-19.298311818684436 
-19.494347088181307 
-19.67467312530341 
-19.84670207126446 
-20.01704638806769 
-20.192422895605848 
-20.37257693994342 
-20.528839656898466 
-20.670398466700096 
-20.800956838298646 
-20.93571854728581 
-21.062559108805658 
-21.184737398248473 
-21.29917711483489 
-21.34564977944217 
-21.201370795507714 
-21.497920264529075 
-21.67258131458335 
-21.79473572795364 
-21.9027092484175 
-22.002410241431768 
-22.10178210538222 
-22.192701014685735 
-22.196549140743468 
-22.28312539190981 
-22.33939235315627 
-22.52462536923214 
-22.637660050930894 
-22.728709676394026 
-22.809053888819932 
-22.88336729136669 
-22.954533482228577 
-23.02273109000007 
-23.091019925345282 
-23.153200258952598 
-23.213607674418515 
-23.27128352622797 
-23.325258631094428 
-23.360752935381512 
-23.292966328632254 
-23.465356277087423 
-23.53422322434599 
-23.537779452155867 
-23.460212259136412 
-23.3475407950196 
-23.479685006657814 
-23.575946672370144 
-23.6290556437014 
-23.456933875925444 
-23.730860975247257 
-23.81718321687245 
-23.900576420315407 
-23.97756812956117 
-24.02178632401343 
-24.060285434723564 
-24.095953680437326 
-24.13118608715684 
-24.164497710859187 
-24.196381882156142 
-24.22726183409222 
-24.256709678869324 
-24.28643348956591 
-24.31055574088849 
-24.34137368182909 
-24.366920459639857 
-24.38937797153532 
-24.410509187526706 
-24.436310839467378 
-24.45787825583071 
-24.477890991021123 
-24.49991764654489 
-24.52006011959193 
-24.53961876965545 
-24.558523165385026 
-24.576945492466766 
-24.5912826381019 
-24.60715626800301 
-24.621953369697927 
-24.63930533060373 
-24.64814725916203 
-24.682774874459323 
-24.697802861859792 
-24.71049484416922 
-24.655681231640877 
-24.73581597031159 
-24.750427791747196 
-24.763430959550227 
-24.77591257646066 
-24.78804371035753 
-24.800079040386553 
-24.8121455013521 
-24.82418966555668 
-24.83595518274277 
-24.847320295382573 
-24.858762387414313 
-24.869728745318803 
-24.88023472105419 
-24.890481268943976 
-24.900634491228548 
-24.91075080821768 
-24.92039693713871 
-24.92971837649626 
-24.93838409153311 
-24.945092848516452 
-24.941410049901847 
-24.945492685303705 
-24.95237520252048 
-24.961594214618078 
-24.972822340262354 
-24.98585467030452 
-24.997545372158083 
-25.010299946336442 
-25.018417950166164 
-25.025871094982612 
-25.033016826966133 
-25.04010578033748 
-25.046929912593306 
-25.05356776147959 
-25.05998776393413 
-25.066209107879253 
-25.072045165924276 
-25.076991791564993 
-25.077449353787166 
-25.0725414329773 
-25.07541350137877 
-25.079764300238608 
-25.08941512364133 
-25.100086807606253 
-25.110711784079214 
-25.11822152791629 
-25.12460456089235 
-25.130231154336894 
-25.13515242778111 
-25.139728565904285 
-25.144281084798035 
-25.148738227314883 
-25.1531032620331 
-25.157380311783534 
-25.161574552611256 
-25.165685133374247 
-25.169698314255054 
-25.173612579310017 
-25.17748062551858 
-25.181258502792478 
-25.184933417075626 
-25.188499422410494 
-25.191833840679177 
-25.19480893994412 
-25.196688992299908 
-25.194457715496153 
-25.18982313935513 
-25.197276138708748 
-25.211004482164476 
-25.215432704780465 
-25.218671515855057 
-25.221727297434587 
-25.224594815129926 
-25.22714230694345 
-25.230338566810154 
-25.233576135976023 
-25.23654751605961 
-25.239312505587446 
-25.241991930918353 
-25.244600072941953 
-25.247140996185152 
-25.24961818566059 
-25.25204111691436 
-25.254375059643202 
-25.256629234979616 
-25.25869995413197 
-25.260749176137054 
-25.262407479951342 
-25.264887404596365 
-25.267168987901666 
-25.269277284706124 
-25.271263358058764 
-25.27321060263011 
-25.275113858074658 
-25.27705205391153 
-25.278938572812734 
-25.280778736724542 
-25.2825567420463 
-25.284164381049912 
-25.2831713970806 
-25.286414416082213 
-25.28869632074105 
-25.29051523418769 
-25.291995647011497 
-25.293456950800405 
-25.29488887507911 
-25.296292027624766 
-25.29769493575691 
-25.29904681984172 
-25.30037609570428 
-25.301679211115715 
-25.302955269486507 
-25.30421945020518 
-25.305460269199564 
-25.30667943982 
-25.307892044325524 
-25.309131493065188 
-25.31033793409426 
-25.311518100200363 
-25.312671032532915 
-25.313804999203946 
-25.314929638421017 
-25.316030956265966 
-25.317119085590534 
-25.3182046399401 
-25.31927279403334 
-25.320319532482667 
-25.32134600061935 
-25.32237396638409 
-25.323378696421177 
-25.324373640724648 
-25.325351416198217 
-25.32630837428868 
-25.327253298258416 
-25.328198687264894 
-25.329114241229917 
-25.33000507563651 
-25.33088613385449 
-25.331744071163026 
-25.332583355471893 
-25.33340493810167 
-25.334195471706646 
-25.334967749296933 
-25.33571676742776 
-25.336438758632955 
-25.337147223651286 
-25.337843231255945 
-25.338522880877562 
-25.339185431250034 
-25.339835344518463 
-25.340472533014896 
-25.34109528143148 
-25.34170557859273 
-25.342304597788498 
-25.342892531353733 
-25.343486422582206 
-25.34406807681499 
-25.344637116670732 
-25.345195686822684 
-25.34574329996414 
-25.34628714519688 
-25.34682059263478 
-25.3473414127717 
-25.347852259038007 
-25.34835322557493 
-25.34884422575688 
-25.349330642424565 
-25.34981461666643 
-25.35028700364549 
-25.35075015480714 
-25.35120700872142 
-25.35165210624279 
-25.352088367773042 
-25.35251690409582 
-25.352937031382456 
-25.35334869930512 
-25.353752508139156 
-25.354148205192125 
-25.354542842312433 
-25.354928979449255 
-25.355307073140093 
-25.35568273979167 
-25.3560497532548 
-25.35640860846889 
-25.356759712371748 
-25.35710457089548 
-25.357442820311977 
-25.35777384494669 
-25.358098508503662 
-25.358416686864 
-25.358727675941473 
-25.35903227819647 
-25.359331223808088 
-25.359619972268025 
-25.359902944099254 
-25.360180080038585 
-25.360451322508936 
-25.360716611223086 
-25.360980606482638 
-25.361237954946812 
-25.361492302294607 
-25.361741102741377 
-25.361985520067847 
-25.362224536748386 
-25.362458203397562 
-25.36268661289717 
-25.362910055945047 
-25.36312883043651 
-25.363342825385107 
-25.363551700087402 
-25.363755959673345 
-25.36395494551967 
-25.364149198040217 
-25.36433914540882 
-25.364524886358428 
-25.364706592293793 
-25.364884281302423 
-25.365058108495315 
-25.365226306884175 
-25.36539012807148 
-25.365551291004092 
-25.365711333098275 
-25.365867758060837 
-25.366020697005613 
-25.366170297433456 
-25.366316090811576 
-25.36645972654726 
-25.366600239166022 
-25.36673671950504 
-25.36687034206448 
-25.367000816895168 
-25.367128140638233 
-25.367252624775386 
-25.367375457679614 
-25.367495474042112 
-25.36761257711554 
-25.367727173156837 
-25.367840017259667 
-25.367950029647822 
-25.368058077392295 
-25.368163144727497 
-25.368265230462956 
-25.368364928581855 
-25.368462195193054 
-25.368557210979695 
-25.368649563288724 
-25.368739615969993 
-25.368827637304115 
-25.368913629091615 
-25.36899600317158 
-25.369076308087795 
-25.369154739316453 
-25.36923175368558 
-25.36930713865381 
-25.369380675115107 
-25.36945261481099 
-25.36952280394066 
-25.369589953798773 
-25.369655715514835 
-25.36972002512249 
-25.369782804908798 
-25.369844656850827 
-25.36990515192636 
-25.369964559208643 
-25.370022636413932 
-25.370079432983243 
-25.37013495961259 
-25.37018915756972 
-25.37024193961827 
-25.37029350101538 
-25.370343561262175 
-25.370392531510188 
-25.37044117364867 
-25.370489092223647 
-25.37053592914497 
-25.370581064825974 
-25.370625134175256 
-25.370668197399663 
-25.37071022212426 
-25.370751397056438 
-25.37079180455057 
-25.37083149713141 
-25.37087049079023 
-25.370908292456647 
-25.37094527589434 
-25.37098143618383 
-25.37101690072311 
-25.37105158268673 
-25.371085254529735 
-25.37111814089749 
-25.37115033161031 
-25.3711820295999 
-25.371212988983153 
-25.371243253549842 
-25.37127291329308 
-25.371301787344684 
-25.37133004482359 
-25.371357742902223 
-25.371384807942633 
-25.37141127604904 
-25.371437210598017 
-25.371462571910687 
-25.371487328715116 
-25.371511522890305 
-25.371535149909683 
-25.371558268459456 
-25.371580900543663 
-25.37160306217853 
-25.371624691762918 
-25.37164579384897 
-25.37166645914698 
-25.371686661082613 
-25.371706414274062 
-25.37172574468586 
-25.371744843001824 
-25.371763511358843 
-25.37178177695901 
-25.37179951652015 
-25.37181681305087 
-25.37183372656436 
-25.371850285997873 
-25.371866452662143 
-25.371882228287273 
-25.37189763338348 
-25.37191269298861 
-25.371927461908054 
-25.371941919436555 
-25.371956099021286 
-25.37196997586743 
-25.37198354270457 
-25.371996873131735 
-25.372009912881897 
-25.372022660240123 
-25.37203511308461 
-25.37204733525773 
-25.372059284727843 
-25.37207091506875 
-25.37208223671577 
-25.372093310548028 
-25.37210412112495 
-25.37211459986613 
-25.372124876856187 
-25.372134891425365 
-25.37214467519956 
-25.37215424427508 
-25.37216358004255 
-25.372172956047013 
-25.372182094338438 
-25.37219102809169 
-25.372199742622787 
-25.372208258412897 
-25.372216591122243 
-25.37222472111179 
-25.372232648978155 
-25.372240373844225 
-25.372247925858428 
-25.37225530476995 
-25.372262516309387 
-25.37226970382019 
-25.37227671622554 
-25.37228353072218 
-25.372290221527447 
-25.37229674350851 
-25.37230312557 
-25.37230937535165 
-25.372315510109996 
-25.372321492813427 
-25.37232732748843 
-25.372333018922358 
-25.372338583496433 
-25.372344018747302 
-25.372349326627166 
-25.37235452064403 
-25.372359688122433 
-25.372364741877153 
-25.372369688632464 
-25.372374491191348 
-25.37237911794257 
-25.372383644467558 
-25.37238806249675 
-25.372392380266035 
-25.37239661206141 
-25.37240074162426 
-25.3724047738281 
-25.372408709867628 
-25.372412552959137 
-25.3724163235447 
-25.372420003285605 
-25.372423595437123 
-25.372427118556793 
-25.372430559972475 
-25.372433920958137 
-25.372437210270846 

 Time 
2108.2394943237305 
