Energy 
 
3.8998005448887016 
2.642492531397578 
1.030124903682688 
-0.906355416221168 
-2.7363570501219523 
-4.651774915973237 
-6.19609660698284 
-7.467292546167828 
-8.632288454202762 
-9.522668562193996 
-10.277234419056796 
-10.940436017737234 
-11.516408889974862 
-12.072038328356863 
-12.630896399990345 
-13.179253674623599 
-13.83955141952084 
-14.379192015701898 
-14.896546206433674 
-15.386210517665878 
-15.786640527227695 
-16.39626327147796 
-16.858824291217402 
-17.278334080060024 
-17.682369047063784 
-18.143642446745364 
-18.608358520665924 
-19.008043926278845 
-19.330220361892156 
-19.648692549916518 
-20.05092931565283 
-20.341680808516298 
-20.597606101876963 
-20.751279093902774 
-20.451977993826684 
-20.80592832885063 
-21.05617577395271 
-21.270484097584625 
-21.413471849999258 
-21.545607667646042 
-21.679856880419177 
-21.268043511712644 
-21.767543010993883 
-21.955018608099532 
-22.086854221753438 
-22.20416078582949 
-22.311664171715915 
-22.410714255428932 
-22.484675479636994 
-22.58433823789085 
-22.68120304629615 
-22.80385420859635 
-22.870231468045127 
-22.966415120563404 
-23.018155997455207 
-23.087349698764765 
-23.159614174540813 
-23.17372985310082 
-23.039287412539288 
-23.22571242653645 
-23.255634870712548 
-23.20700739888014 
-23.286355420173077 
-23.129556800775134 
-23.24074642215566 
-23.38927609291525 
-23.42076201659109 
-23.595777541869296 
-23.65434716215826 
-23.701531156060717 
-23.745758898950008 
-23.783928116839213 
-23.819728442423713 
-23.855076506803666 
-23.887174242838903 
-23.917956204081268 
-23.947629869746233 
-23.976434581204163 
-24.004478969560893 
-24.03216618192879 
-24.058227707163688 
-24.083678192722598 
-24.039198808738877 
-24.136457841572728 
-24.163479364186692 
-24.18869695203249 
-24.21297136299147 
-24.23676111055758 
-24.259886036289743 
-24.282219369583984 
-24.30112483078463 
-24.282921221347184 
-24.348065816450973 
-24.368917750049278 
-24.38885540310965 
-24.409264537822303 
-24.40436613101661 
-24.439208889052004 
-24.461970861715916 
-24.484560922265015 
-24.502514466968588 
-24.515025390066594 
-24.511088111324586 
-24.545327292054875 
-24.565786836785605 
-24.581720731394487 
-24.596334650220786 
-24.60788582631435 
-24.613110384469813 
-24.61480520966628 
-24.615298646845154 
-24.624483047217975 
-24.636429088863935 
-24.619879495062186 
-24.667190615362742 
-24.722784031721304 
-24.739723845768506 
-24.752866756721904 
-24.765229158997965 
-24.777536134269308 
-24.789666217099267 
-24.801430512866453 
-24.812834840215928 
-24.823927757624045 
-24.834070305337157 
-24.84538756758802 
-24.85530067177678 
-24.85172756252188 
-24.83916671828549 
-24.852934677875737 
-24.86189010440451 
-24.883436377939294 
-24.89871773793172 
-24.91140519016795 
-24.925679448132527 
-24.933911984025936 
-24.94232496905004 
-24.949122081251627 
-24.959341724689704 
-24.966978785801846 
-24.974538459519493 
-24.981983253404113 
-24.990580011237704 
-24.9976382479528 
-25.004655766553135 
-25.011588739163372 
-25.018275725476705 
-25.024789819768845 
-25.031145354663778 
-25.037300919006356 
-25.043311412218323 
-25.049204922468576 
-25.054812805851103 
-25.060569395431198 
-25.066173272621523 
-25.071695892651114 
-25.07718492330476 
-25.082538046000273 
-25.08783561562046 
-25.09305899751901 
-25.097135921345863 
-25.095386712655934 
-25.100065285842096 
-25.110179637899662 
-25.116090770634525 
-25.120440224995374 
-25.124733767149767 
-25.128941632374687 
-25.132992130056447 
-25.136859096477863 
-25.14062467816686 
-25.144299054041213 
-25.147884432460923 
-25.151410406257362 
-25.15468035938601 
-25.15787938226617 
-25.160991663010496 
-25.164388673538586 
-25.167566724456652 
-25.170650951261397 
-25.173661960192888 
-25.176611403402735 
-25.17950124424448 
-25.182372929140644 
-25.18520140839819 
-25.187961728368197 
-25.19066770531662 
-25.193303984509953 
-25.195883980971708 
-25.198492856452486 
-25.201044546017464 
-25.203585828796097 
-25.20607327110161 
-25.208508930327987 
-25.210471637308558 
-25.20853565287666 
-25.205505436710084 
-25.206350613096856 
-25.208727130750734 
-25.214010411906166 
-25.221284425371103 
-25.22636641734988 
-25.228688440964106 
-25.230919172082665 
-25.232877725217957 
-25.234773849134644 
-25.236641703630777 
-25.238503338718203 
-25.2403279494754 
-25.242115242031012 
-25.24386540094413 
-25.245572737447905 
-25.247227193119997 
-25.248871835468847 
-25.250487631833906 
-25.252070865358853 
-25.25362297242773 
-25.255146257548528 
-25.256641044077796 
-25.258171853575114 
-25.2596653461202 
-25.261124881914462 
-25.26255675163938 
-25.26396531331951 
-25.26534576655742 
-25.266689977146456 
-25.268012155188153 
-25.2693470807516 
-25.270640452537137 
-25.271895539799697 
-25.2731358005637 
-25.274349795921253 
-25.275530019892837 
-25.276693412283645 
-25.27783603310218 
-25.278956806637765 
-25.28005584989262 
-25.281136498772675 
-25.28219937758482 
-25.28320980227444 
-25.284166537602516 
-25.285100802431472 
-25.286020610650812 
-25.28692345793898 
-25.2878136255383 
-25.28868670286276 
-25.28954390645951 
-25.29039041808283 
-25.291225029619817 
-25.292046405581246 
-25.292858255732245 
-25.293667392979515 
-25.294463627036887 
-25.295247168356312 
-25.296018489180025 
-25.296783255162204 
-25.297528198763853 
-25.2982640918286 
-25.298986646064268 
-25.299697196759446 
-25.30040031140489 
-25.301092305625797 
-25.301774419635837 
-25.302449086997537 
-25.303107749993977 
-25.3037544083134 
-25.30438299340465 
-25.30496278419053 
-25.305242974618256 
-25.304108525183278 
-25.3068641863515 
-25.30756144141119 
-25.308180294599687 
-25.308781216090402 
-25.309380892936023 
-25.309961751357676 
-25.31052752400907 
-25.31107764129547 
-25.311615752953855 
-25.312144855292114 
-25.312671845914608 
-25.313188277350374 
-25.313694105502144 
-25.314190919384885 
-25.314681074299187 
-25.31516071302621 
-25.315632329654818 
-25.316096724949382 
-25.316551646186777 
-25.31700281540816 
-25.31744736272732 
-25.317884471043353 
-25.318314580865994 
-25.318738761483534 
-25.319159864386688 
-25.319571723472993 
-25.319989460564535 
-25.32039468564909 
-25.320792731359138 
-25.321187090831714 
-25.32157491658482 
-25.321957662508392 
-25.322334297146572 
-25.32270234895621 
-25.32306508487149 
-25.323422594025473 
-25.323788304231396 
-25.32415184556429 
-25.32451409496517 
-25.32487092234483 
-25.325222859092438 
-25.325569728734568 
-25.3259112501031 
-25.326249670724376 
-25.326583439406757 
-25.32691335408654 
-25.32723878638403 
-25.327567172821247 
-25.3278904302328 
-25.328209272304363 
-25.32852656441166 
-25.32883977551888 
-25.329148898387157 
-25.32945430986238 
-25.329756052933217 
-25.330053972418487 
-25.330350437695092 
-25.330643077589734 
-25.330938971813747 
-25.331236616930653 
-25.331529422725566 
-25.331816176919002 
-25.332100934893624 
-25.332387078283073 
-25.33266507830151 
-25.33293965967278 
-25.333208955513864 
-25.333474484934868 
-25.333736549556985 
-25.33399353988546 
-25.334244347389948 
-25.33449086634681 
-25.33473403732465 
-25.33497406683839 
-25.335210860724597 
-25.33544462230325 
-25.33567779822429 
-25.33590706514643 
-25.33613348513097 
-25.336356884281805 
-25.336577625036664 
-25.336798245383942 
-25.337015674692676 
-25.33723144761759 
-25.337443101663755 
-25.337652177110215 
-25.337859803216794 
-25.338065029881147 
-25.33826801204595 
-25.338466754793227 
-25.33866768348558 
-25.33886503919719 
-25.339068366045712 
-25.339268745513532 
-25.339466196009433 
-25.339664476991416 
-25.339862015043828 
-25.340056850109416 
-25.340243536132455 
-25.340427603774387 
-25.340609396145474 
-25.340788290617397 
-25.34096457661094 
-25.341137704572922 
-25.34130873144953 
-25.341478349369314 
-25.34164547128626 
-25.34181067547683 
-25.341974479416855 
-25.342134985514832 
-25.342291533330705 
-25.342446304704104 
-25.342599886390033 
-25.342747954326708 
-25.34289321747597 
-25.343036745584712 
-25.343178758908124 
-25.343319184378444 
-25.343457540255766 
-25.343596614302058 
-25.343735054699092 
-25.34387825833354 
-25.34401994790842 
-25.344159694076644 
-25.344298498426497 
-25.344435594801084 
-25.34457119722986 
-25.3447048113738 
-25.344835917513947 
-25.344963045917396 
-25.345092930531436 
-25.34522258142157 
-25.34535059286553 
-25.34547696872962 
-25.345601934409846 
-25.345725132992513 
-25.34584648029983 
-25.345967676041372 
-25.346088313837612 
-25.346207591538903 
-25.34632566009576 
-25.34644250322899 
-25.346558209487778 
-25.34667286485247 
-25.34678616871395 
-25.346898167311103 
-25.34700927714154 
-25.34711954137611 
-25.347228753815266 
-25.347336944757586 
-25.347443541181622 
-25.34754913671134 
-25.347653862868505 
-25.34775757502203 
-25.34785996845467 
-25.347961395320336 
-25.348062018741235 
-25.348164724457288 
-25.348266444241144 
-25.348367334958265 
-25.348467276104298 
-25.34856612999692 
-25.348664233194718 
-25.348761704216045 
-25.348859403336213 
-25.348956155634536 
-25.349051321816468 
-25.349145561172975 
-25.349238734181743 
-25.34933031314973 
-25.349421333930145 
-25.34951150990671 
-25.34960134456072 
-25.349690382240826 
-25.34977891755756 
-25.34986661111751 
-25.349953527337878 
-25.350039672491107 
-25.350125455105406 
-25.350211590252265 
-25.350296925527104 
-25.35038144474973 
-25.350466444417968 
-25.350551066534596 
-25.350635137664234 
-25.350717984932427 
-25.350800082587654 
-25.35088132645276 
-25.35096178739761 
-25.351041196567824 
-25.35112029667719 
-25.351198736812076 
-25.35127640014732 
-25.35135339135601 
-25.35143105379207 
-25.351507398424705 
-25.351583193087823 
-25.351658305790416 
-25.351732416443173 
-25.35180529670264 
-25.351877575319058 
-25.351949177382735 
-25.35202069709907 
-25.352091642449405 
-25.352162609740045 
-25.352232972005655 
-25.352302599373424 
-25.352371697588705 
-25.352442388128907 
-25.352512397346864 
-25.352580446709172 
-25.352648239504102 
-25.3527154277951 
-25.352781867236946 
-25.352847561682797 
-25.352913042232895 
-25.352977778943703 
-25.353041999834915 
-25.353105575619033 
-25.35316832716127 
-25.353231058138185 
-25.353293567900256 
-25.3533556266719 
-25.353417288942545 
-25.353476919854955 
-25.353535939330996 
-25.35359481530439 
-25.353653289090133 
-25.353712288784045 
-25.353770836797167 

 Time 
1848.401579618454 
