Energy 
 
3.3888654472655504 
2.3015390342581425 
2.1463101634979314 
0.644203080091903 
-0.9636819483892816 
-0.971005402028938 
-1.9188877705920286 
-1.8098831500894446 
-2.0277430327639245 
-2.9590143868378123 
-3.0762023946022348 
-3.770945834518882 
-3.768564294847632 
-4.119113994456687 
-4.087199300656033 
-4.42218698329822 
-4.492052648050095 
-4.488195776270647 
-7.001385490185376 
-6.964333017701785 
-7.150359841802457 
-7.208822211130936 
-7.166926202789059 
-7.139316962909501 
-7.845713189584071 
-8.177924593113838 
-8.275002395670455 
-8.425187046555179 
-8.7518939345871 
-8.67734168389548 
-8.935695204244851 
-9.268335726133817 
-10.152754412386255 
-10.64083760428265 
-10.637945656608474 
-10.639214658928513 
-10.984419115471859 
-11.284357900361385 
-11.272011655821363 
-11.502834562735387 
-12.204636178202426 
-13.532469815096485 
-13.534213537934395 
-13.571722951456263 
-13.865364479694849 
-13.906043095921966 
-13.90037841876185 
-13.771123705318475 
-14.014233364078404 
-13.99139562870001 
-14.016203042652904 
-14.067986988796955 
-14.067824350673776 
-14.070531021788717 
-14.07752188613022 
-14.078095796509764 
-14.167152985604849 
-14.195507118094943 
-14.264447443643057 
-14.239966009517431 
-14.230349953035883 
-14.212909172610898 
-14.217547570216603 
-14.388839772137652 
-14.734449895311329 
-14.72668548418589 
-14.846649957412755 
-14.858698087086879 
-14.922813325407567 
-14.666537076268051 
-14.498627164298902 
-14.397544846458798 
-14.266818224300007 
-14.348327409028764 
-14.12191084114005 
-12.002815755847902 
-11.879696053786041 
-13.669216385480086 
-14.618948929336689 
-14.06378448509086 
-14.600311566277327 
-14.140963488691925 
-14.420198495927593 
-14.419471367220448 
-14.696995684417185 
-15.033906723401154 
-15.114781520605405 
-16.018108595142067 
-15.893569674445498 
-16.74641827467204 
-16.28586108287542 
-16.287578795178156 
-15.74081707087794 
-15.761145637735867 
-15.787687764117221 
-15.720746221414654 
-16.038268424435806 
-16.22668813370526 
-15.595401112350984 
-15.633642545680777 
-15.761829220325835 
-16.07067422548925 
-16.06284054423101 
-16.135812875751128 
-16.203042561357794 
-16.301012024751913 
-16.24436820873045 
-16.385048976875197 
-16.210985831466786 
-16.172784703385798 
-16.056871978611134 
-15.997620687768812 
-16.205723172312084 
-16.141916629474565 
-16.414714777173565 
-16.087031705919152 
-15.402701501426648 
-15.163642355443482 
-15.219934781275434 
-15.197662865696888 
-15.18329402395856 
-15.197156711122739 
-15.124091846190856 
-15.093885191887914 
-15.419567257917713 
-15.448384334579746 
-14.483579163116941 
-14.791054243294894 
-14.70947880997129 
-14.745544452256226 
-14.631080750085427 
-13.164467903354659 
-13.231416745193501 
-13.357295927567806 
-13.612492242913506 
-13.605857029979331 
-12.313109065550135 
-13.089480975089515 
-13.085772250020808 
-12.629303843756247 
-9.560274350669165 
-9.600294925339162 
-11.449072306294624 
-11.29436147948714 
-10.965299994478663 
-10.873167416684023 
-11.076099418239695 
-11.053568284485149 
-11.038151647199903 
-11.638318717478109 
-11.676757334435313 
-11.67478719611049 
-11.800239418805251 
-11.853056609253995 
-12.545806347674176 
-12.758284414786559 
-12.502135408767353 
-12.759956942059773 
-11.649662287310921 
-11.581295464556938 
-11.363709283192355 
-11.051669573068288 
-14.812455734320148 
-14.851384371024373 
-15.703492270940309 
-13.03766601483009 
-13.000431749567614 
-12.610846859499022 
-13.114247475524307 
-13.291666150525526 
-13.55171831761952 
-12.031814510439672 
-12.427968430213129 
-12.65764126033881 
-13.061971097413155 
-13.2200161176818 
-13.284325106312572 
-13.276140035083344 
-13.265949663426166 
-13.280114661023616 
-12.911515096124527 
-12.91789458010363 
-12.844718150197364 
-12.847418880032643 
-12.129246673973626 
-13.330182795944438 
-13.180402780909041 
-10.635812793593656 
-11.091002612551796 
-11.228109680244529 
-12.094864052702809 
-12.068361598330934 
-11.692882366118958 
-11.734363383780344 
-11.171109621697658 
-11.177769542834165 
-8.628035088067573 
-9.65507791674921 
-9.486676867020217 
-9.388838839179177 
-8.338382269468262 
-9.09203299566627 
-12.312386027771629 
-12.161065928097697 
-12.031480255009459 
-12.401624861556353 
-12.692028337315653 
-11.678312951309266 
-11.868826051307973 
-12.212557149002162 
-11.363811421709734 
-12.474830041132925 
-12.352759793271169 
-12.255314707485532 
-12.278900856724297 
-11.865106560322571 
-11.117658223138909 
-11.84697102784854 
-12.503243960726355 
-12.587653446406362 
-12.770267130684637 
-12.727536465394188 
-11.310607699827319 
-11.605163674306938 
-12.156958732761966 
-11.742233980875735 
-11.395899717111256 
-11.550603621857174 
-11.749422038972877 
-11.761245045756088 
-11.438790563007196 
-11.545450812903045 
-11.163801958978118 
-11.284886180903687 
-11.736933224703371 
-11.815287748343076 
-11.859405057263592 
-12.010007924540474 
-12.005839671343194 
-12.208754805072322 
-12.222199007949953 
-12.169468190846386 
-12.197335808120064 
-12.276310506075092 
-12.8118290608176 
-12.844075608922097 
-12.908795241959984 
-13.026047900400354 
-12.981226696813577 
-12.999146326438012 
-13.343969232202998 
-13.408714776046317 
-13.394068555612193 
-13.48748751130389 
-13.397973549420414 
-13.620568184206894 
-13.591239936166204 
-13.442532372032643 
-13.590121717739661 
-13.602797882047263 
-13.596750247189805 
-13.607264286329888 
-13.593755215702434 
-13.602605022727303 
-13.611280982760123 
-14.121279893673277 
-14.180920303665058 
-14.520141433792222 
-14.59048973354946 
-14.283686225084875 
-10.750767771502353 
-10.710492902070081 
-10.84435042021062 
-10.940548230714086 
-11.840861802574924 
-5.856549032526964 
-6.320556750204781 
-8.156737388190393 
-8.147891492685323 
-9.433862467406279 
-9.730750085108436 
-9.407738971527392 
-9.159680562127177 
-10.695948937200509 
-9.684895778350795 
-8.74059430483374 
-4.089355242000864 
-4.874829222691837 
-4.896005585084318 
-5.140009016113041 
-4.779042714743597 
-5.762602898475427 
-9.029249153962846 
-8.721780904981959 
-9.064800019917975 
-9.096996729834673 
-8.811801971326247 
-12.88587082349267 
-12.227332451025289 
-12.300661179605918 
-12.944372492744588 
-9.830825023812304 
-10.288845357146915 
-10.424697902572548 
-10.298744438755577 
-11.645848122554622 
-14.875466426164088 
-14.87757686386665 
-14.365169086066405 
-12.607109543409958 
-13.841066969077195 
-14.41501011277048 
-14.511766767481534 
-14.552942083529004 
-13.441721609839227 
-13.3270307755501 
-12.888439195140293 
-12.793896502281614 
-12.811155238544522 
-12.830155002476205 
-13.1167170095332 
-13.135067481449967 
-13.846157730948045 
-13.98312194212323 
-14.69367345824315 
-14.194241744785499 
-13.800288176078995 
-13.445886197804144 
-11.768616302260412 
-12.190445638575822 
-12.618476371428208 
-9.97146806598328 
-9.937863521430677 
-10.00228258167727 
-10.11140051409478 
-10.487838649870532 
-11.232368288696538 
-11.208152861066853 
-11.303407556079247 
-11.36628473527179 
-11.19912836864408 
-12.511950561873531 
-12.225933303986904 
-11.367745267295966 
-11.376173489116034 
-11.044505216150547 
-11.416341701699189 
-12.365221509656944 
-12.374222334509561 
-12.386277105100417 
-13.81713386392294 
-13.70927689108877 
-13.165667132875614 
-13.074577070838378 
-11.679599560551367 
-12.01502689401777 
-11.852793798914115 
-12.213693159993499 
-12.866833688863363 
-12.862335197538293 
-13.016531723654733 
-13.004473835890984 
-14.153799265900409 
-14.124224508701964 
-13.977379619336473 
-12.26265534225971 
-12.231813758551484 
-12.199983947687604 
-12.54308440656542 
-12.771455914743445 
-12.959700050256465 
-12.899680793231816 
-12.76671641838524 
-12.825046356970631 
-13.195978211684135 
-7.4323499661470604 
-7.623538101615996 
-9.984197475306788 
-9.958627070012774 
-10.136279739235508 
-9.920419490902793 
-10.248997400967948 
-11.888289370861473 
-12.44799611805685 
-12.51669511741676 
-12.220917699067126 
-13.100723716558965 
-10.389427742561393 
-10.39572911714798 
-10.922908424896038 
-10.940485046466353 
-10.012788776794894 
-10.901166938332732 
-9.878010876971853 
-5.193593579091 
-6.9701632991774005 
-7.38123741328371 
-12.443474398136376 
-13.692527240481414 
-11.646353218397122 
-12.034640262078463 
-12.160200773786464 
-12.112702275853621 
-11.999806197631825 
-7.127291944095235 
-9.789326042228602 
-11.889715452094997 
-11.065175502311881 
-10.78783878616731 
-11.516435710654369 
-11.266282616981181 
-9.21319599519787 
-9.872781241503347 
-9.66866888291278 
-7.458623758711825 
-7.307299895646876 
-8.020441341364126 
-7.959009763368808 
-8.078049710233806 
-8.236108529626252 
-11.73297143899885 
-11.715010936693474 
-11.162734350597537 
-11.557088545578406 
-11.56513191265008 
-11.568081276003056 
-11.788009976471562 
-11.662241229218822 
-11.641458630821353 
-10.132885179498096 
-10.46194932418824 
-10.432022816800549 
-11.21509068384491 
-10.29159854431512 
-10.46009124829462 
-10.460365953480425 
-10.512315642926865 
-10.185161047538376 
-13.460731806712253 
-13.769636483195725 
-13.909972130369416 
-13.711062935269405 
-13.753656391101545 
-13.715762161337686 
-9.336334610650274 
-10.83974080420801 
-10.830042924691265 
-10.761341373018608 
-12.044399666451582 
-12.25099711836081 
-12.142784260554839 
-12.568698711662586 
-12.817164131159842 
-12.886816320350343 
-13.47949892247295 
-13.562838193620552 
-11.769833471521068 
-11.932964757730627 
-11.333057416765639 
-9.834534530096109 
-8.311702792735236 
-7.490482356271981 
-8.67090050350583 
-8.685602735701055 
-10.468323536214937 
-10.446166238450708 
-9.957064565490837 
-10.05545205207052 
-10.113574559254214 
-10.07282114595505 
-10.75034707922574 
-7.9106139595696225 
-8.239586776021838 
-8.085354058816105 
-8.67660653305748 
-9.152022177043637 
-8.685938477854666 
-8.465982466953662 
-8.845165285349072 
-10.136105128320287 
-11.670266240234431 
-11.402853401041874 
-13.523778702475909 
-13.763315542888403 
-13.84716257533231 
-14.238573137304245 
-14.286462053873024 
-14.29078180589055 
-14.338698486893652 
-14.311889228999181 
-14.433982708477599 
-13.46805906969658 
-13.35357096324657 
-12.408580383026589 
-12.116713885468371 
-12.180144165170217 
-10.659603657996865 
-11.090135737910582 
-10.438044997260437 
-10.786974952253775 

 Time 
77.77343726158142 
