Energy 
 
3.8998005448887016 
3.893502182509292 
2.2593135000713085 
1.416996989389188 
-1.1454332348859102 
-1.2837248434464015 
-1.3749635750358 
-2.2826864937236717 
-2.5669827782626182 
-2.544660768028494 
-4.036738311596893 
-4.014159238734852 
-4.606483776819259 
-5.812618073143982 
-5.8221642613366065 
-5.805697676187785 
-5.919757337587971 
-8.349136271365659 
-8.52868787200753 
-9.712701765351223 
-9.090745762164968 
-5.004032574046014 
-5.55465719412064 
-5.312702034382173 
-7.945636646653223 
-7.725374180794903 
-7.726843801326208 
-7.393396994994257 
-7.778319979989568 
-7.256922985601433 
-9.710577665568668 
-9.822718702198694 
-9.324272520074587 
-9.400025754294878 
-9.633162177399806 
-9.957331856237898 
-10.01474299662042 
-10.070089336424516 
-9.694050430593485 
-10.05147108622634 
-9.74998107452959 
-10.471071656748977 
-10.109940482329856 
-10.13325491415697 
-10.165760252954625 
-11.370705225387765 
-11.446885765739315 
-12.137061750572762 
-10.481512278982327 
-13.035118834056018 
-13.187238494196889 
-12.947176414950876 
-12.726222643512273 
-13.535187019762908 
-11.19556434107193 
-11.38059802835718 
-12.213712494640562 
-11.81565641143428 
-12.853583408710577 
-12.143785910745843 
-11.50481609955511 
-9.580126809227673 
-9.725360255820654 
-8.595283250422858 
-6.5022547270392135 
-7.289438670494775 
-4.265529196463923 
-5.692252996331741 
-5.130312665104909 
-5.085067421758451 
-5.518523769338543 
-5.910229610228484 
-6.307163315736476 
-7.188059062209343 
-7.248280454948656 
-7.7710063385802295 
-5.952170751745634 
-5.8750229296533565 
-7.208454212527638 
-7.698262491059991 
-7.831061089520585 
-8.23398067823791 
-8.275008532182051 
-8.308030315835806 
-10.308368108813465 
-9.131848987542698 
-8.653317449056335 
-9.970713789674457 
-10.02749749286561 
-9.857447651864879 
-9.763106317613753 
-10.619361990397142 
-11.751086976086947 
-11.747394164822605 
-11.32375333165713 
-11.99188734467772 
-12.23156705422982 
-11.803359519944719 
-11.926112630295727 
-12.009621528464391 
-12.204803353399763 
-12.218800580377382 
-12.183281545900485 
-12.246583681098183 
-11.80801463640771 
-12.503490957102024 
-11.023202395626383 
-11.42722596127217 
-12.202749581190181 
-12.488907810197224 
-12.441563563692307 
1.867491334015146 
1.154940057731969 
0.966414079420217 
0.8394095951215805 
0.41330757382166916 
-0.552016996223704 
-0.21017302217126832 
-1.2065865620526195 
-3.3446004094681876 
-3.6604633906517634 
-6.792811373320525 
-7.326062506110706 
-8.045435234548656 
-8.2860009993467 
-8.49681327943018 
-8.456986403049735 
-8.581960752783502 
-8.676175815570979 
-8.680409055104867 
-8.632836265622096 
-10.180861327350316 
-10.494380722626236 
-10.482633499442867 
-10.853874808812995 
-10.765805066392998 
-10.771259202019232 
-11.859727681787849 
-11.118033692391863 
-11.185279313536597 
-11.493282163731577 
-11.479624266457948 
-12.601239701927206 
-12.606516399173636 
-10.967296280362966 
-10.957218922264055 
-11.034969214261276 
-11.059099790442687 
-11.063763497893383 
-11.467281895983291 
-11.494415349351087 
-11.216175335736883 
-11.39179785728297 
-11.618458531169695 
-13.802855714181833 
-13.77690763752368 
-13.476502905771088 
-13.552681591706172 
-13.585307225767746 
-14.195646835540074 
-13.697508418414223 
-14.465001317429342 
-11.672893097029103 
-11.894145241674316 
-11.770614939210356 
-11.812739505814218 
-11.85541448620949 
-12.139905302708513 
-12.264401055897757 
-13.290804095620771 
-13.242014932506818 
-14.835952718124874 
-15.497427869003742 
-14.800669976260611 
-15.206064832250062 
-14.949656665688078 
-15.399659843790525 
-15.49072255771005 
-15.504582728665545 
-15.164237266354661 
-15.246951735707906 
-15.05777181779531 
-15.072052219764753 
-15.749417793637448 
-16.134886655172235 
-16.14889904659384 
-15.998655645658745 
-14.721263341482578 
-14.806767081823844 
-15.402943194153341 
-15.837389529149664 
-15.799725870676408 
-15.443070813780706 
-16.67739041321384 
-17.105351902675547 
-16.971232658546796 
-17.008175338822333 
-17.082933803733138 
-17.459480761300746 
-17.451440205640683 
-17.555224306356422 
-15.145480447002319 
-15.13262142721458 
-14.606846681454803 
-15.038812102720465 
-14.679703067795447 
-15.110499856946376 
-12.480825568390296 
-13.455322014027884 
-12.608177545929955 
-12.5085122945027 
-14.227991024093944 
-14.10103641030724 
-16.398181805562626 
-15.862238941591663 
-15.995378332804265 
-15.695409716959139 
-14.496082192406691 
-15.211994246644753 
-14.997413500478816 
-15.000704864555605 
-15.567040575710312 
-15.258210031315874 
-15.555690781006751 
-15.55215872326102 
-15.58009286942368 
-14.35679262552989 
-14.508857438889923 
-13.360252218775091 
-13.908849447100165 
-14.001779304715113 
-14.015497864847553 
-14.006687702836468 
-13.988103120928272 
-13.058883045272568 
-13.015320586744437 
-13.317794618035833 
-13.313047628204048 
-13.644609432275363 
-12.233252767697982 
-12.39434371214919 
-12.74809275720225 
-12.746387758651405 
-12.529414662265895 
-12.423879579759552 
-12.754593450555673 
-12.911995758301659 
-12.837181165688152 
-12.55101144866859 
-13.028789678564305 
-12.883064811729461 
-12.873520598069229 
-12.939803411255605 
-13.025079218768317 
-9.194493975495469 
-9.675086257593414 
-10.31306781353192 
-10.378524453531357 
-10.480088844991524 
-12.13569307712688 
-12.028770056691481 
-12.154179355392248 
-12.102879747247151 
-12.126766443767346 
-12.248288857102281 
-12.477662341487092 
-12.582787865826344 
-12.70631726971958 
-12.627802475242936 
-12.563547331813659 
-12.568569793489917 
-14.158969078479812 
-11.485454819748044 
-10.653099120246473 
-13.082667915371742 
-9.674121610284836 
-9.682590833070028 
-10.905696773075803 
-11.034052263125755 
-10.890186210374566 
-10.328408250695741 
-9.955014467062977 
-9.310905717918104 
-8.117702513905076 
-8.016872827517487 
-8.276123780896866 
-9.047521400588126 
-10.404008694290104 
-9.910008728166671 
-2.8923273875412967 
-3.031420394348248 
-2.979446159190879 
-4.090965501280324 
-5.91835968139649 
-9.959447156193406 
-10.402403927117943 
-9.511800755479161 
-9.666292917268231 
-9.274590510708599 
-9.421491754368812 
-9.559100006107649 
-10.345004340284495 
-10.344296227435425 
-10.286279578331122 
-10.314113611272784 
-10.570385054869826 
-12.45392373748025 
-12.530476751735353 
-12.521409676663124 
-12.49808544731073 
-12.405588675001699 
-12.405341617173352 
-12.210524873582262 
-11.724510116230327 
-13.246657553527852 
-13.781844410882375 
-13.752292301265452 
-13.559387337383098 
-13.607548510354821 
-13.570634832421224 
-13.754316701937807 
-12.566342414234663 
-12.466966314949453 
-12.881779919185542 
-12.992161735872566 
-13.294465646058029 
-13.880007149020113 
-13.536369607019864 
-13.809027069447474 
-14.399346365636172 
-14.881845920678959 
-13.68098371987838 
-13.734278465296915 
-13.233990869950684 
-13.10807814359765 
-13.355355590230744 
-13.34242177752213 
-10.901865785784002 
-12.425169817935727 
-7.6285400171957995 
-4.659397683830018 
-7.00662320308634 
-6.846794491084473 
-7.51923340112161 
-9.506146465120992 
-9.810295240357142 
-9.065709960771128 
-9.044997570054749 
-12.507446607520226 
-13.488364342624301 
-13.269708163516382 
-13.272618263498694 
-12.13437715481533 
-11.018373281856892 
-11.086925777442323 
-11.101533305655243 
-11.727898385121199 
-12.001956191469812 
-12.502271348230533 
-12.546176243274937 
-13.500481192634258 
-14.067221207275395 
-13.302533282685896 
-12.930168819490177 
-12.807747448317262 
-13.014446697849046 
-14.08124469721416 
-14.093904388266967 
-14.058983633979155 
-7.843205699290581 
-7.939747504404286 
-8.07153754969364 
-7.869408720472386 
-8.231438233323574 
-8.493468246836526 
-8.676072594275142 
-8.386544485773806 
-9.637131232728704 
-9.515345675869739 
-9.438018999171536 
-10.385511045261527 
-10.586968505010079 
-9.027044146398369 
-9.822181807158183 
-9.81669118043407 
-10.715637081416743 
-10.139298612433443 
-11.253465372381052 
-10.733374125928552 
-10.842552449657928 
-11.07108695255681 
-11.18113716182158 
-11.146212873761163 
-11.806856958331968 
-11.711820328864986 
-12.163390173055234 
-12.369826717549083 
-12.666048221138608 
-12.651341339496163 
-12.479904611427756 
-11.60408744984025 
-11.569680333648659 
-11.393103334166176 
-12.947175110857074 
-11.990475791830969 
-12.095896077363918 
-14.178234712923798 
-14.076838891298532 
-14.589707060674659 
-15.506302133010823 
-14.612982883693713 
-13.573509104028082 
-11.982610878788085 
-12.874772745756527 
-12.667104602324457 
-12.437970224262685 
-10.724700927565637 
-10.782511036285223 
-10.937691317737583 
-10.945994238473705 
-10.929577666748672 
-10.96885429402418 
-11.692315898844901 
-11.67246826783106 
-11.654545919682654 
-11.739588679718006 
-12.079187918486637 
-12.132737846633598 
-12.531472785479414 
-12.520045616633341 
-12.503782020181957 
-12.150961583930876 
-12.239458491702807 
-12.232031137824503 
-11.712448440631144 
-12.174508268871223 
-5.712710914440242 
-5.741977421065966 
-6.166402815373507 
-9.704421129653658 
-9.768046050888284 
-8.605608730912875 
-6.972112026145164 
-7.335966228759249 
-10.42492764504877 
-9.959046958425011 
-10.832406243540511 
-10.741334196140093 
-10.822182729681625 
-11.207913720956284 
-8.45234054625915 
-8.558314802925054 
-10.61335147631526 
-10.469030906134883 
-9.009013830020342 
-9.46778450207188 
-8.775986357507561 
-9.181485942522754 
-9.710502918641234 
-9.856562687967383 
-6.589079671817461 
-8.81370503828183 
-8.363979958654468 
-8.340836730730821 
-13.435124492616879 
-14.04267910185026 
-14.655306197529175 
-13.311036187231807 
-13.39714575265796 
-13.276198702846502 
-13.53841573056125 
-13.08210220174978 
-13.100055112231031 
-13.282185717313089 
-13.206452487660297 
-14.678631399959475 
-14.770637550366736 
-14.763646892744394 
-11.462510883557291 
-11.898391752909468 
-11.55489307975273 
-9.817589105176646 
-11.548438354725171 
-10.398018115765826 
-9.5601286961157 
-10.66760929629366 
-9.15989638191555 
-9.13435211425744 
-9.818071457112747 
-9.467424909054639 
-11.1837410947355 
-6.814243713572762 
-8.568731538361542 
-9.051801907343714 
-8.099957840317414 
-7.858756711788983 
-8.362729449939275 
-7.989423194177919 
-7.9563821375939305 
-8.04943337230428 

 Time 
146.1621220111847 
