Energy 
 
3.8998005448887016 
2.503389832738839 
0.6506554654030856 
-1.6240669800156085 
-3.6468383307348122 
-5.712736182099867 
-7.613935911865951 
-9.087392235535516 
-10.239455954309044 
-11.03453423638061 
-11.662407641648365 
-12.129374516979746 
-12.530992830910776 
-12.57293274553318 
-13.062256871489407 
-13.950129257768504 
-14.353941545606233 
-14.710853418297136 
-15.043443182192954 
-15.357955430750755 
-15.66312565269555 
-15.959297701404715 
-16.24961315971999 
-16.538409839492516 
-16.824602732833103 
-17.16922658471703 
-17.45652415710571 
-17.726006406552283 
-17.922620037305066 
-18.24861175659102 
-18.535631918380787 
-18.804649926005016 
-19.061282925252065 
-19.253111210231733 
-19.60429280886415 
-19.884253601211523 
-20.092113579711217 
-20.300728499863897 
-20.48017267529389 
-20.647928537144033 
-20.810849070165705 
-20.97654158458253 
-21.12012308643948 
-21.254504162390184 
-21.38007065547128 
-21.501043776206938 
-21.616907586608303 
-21.72795707960784 
-21.821991549610775 
-21.881443940991677 
-21.787054028416165 
-21.995598595071304 
-22.11018941297015 
-22.201604109615342 
-22.283080288811664 
-22.354968293865078 
-22.42292265597592 
-22.48800641983035 
-22.551009125980887 
-22.6129162870445 
-22.638157517614026 
-22.555344359794248 
-22.793238914996042 
-22.852931033662664 
-22.90940752567669 
-22.965078425749812 
-23.019651045648832 
-23.07337309413879 
-23.12559585715251 
-23.177628986450145 
-23.229430105211772 
-23.279383770562863 
-23.322099840751967 
-23.317130889624313 
-23.408795284749882 
-23.466927272920426 
-23.519715369750966 
-23.57016969553313 
-23.61580014462521 
-23.660199527450317 
-23.702979260361584 
-23.732282736678272 
-23.647872692952152 
-23.770478396246062 
-23.74965101405854 
-23.82772294732603 
-23.857552753292293 
-23.871107035283735 
-23.89331663494461 
-23.93702041694462 
-24.079993368660123 
-24.128635098897718 
-24.1654423862702 
-24.199339285742937 
-24.233100460595907 
-24.263136308309978 
-24.29050519805509 
-24.304727055656688 
-24.312573403287107 
-24.313525330707336 
-24.39636450708134 
-24.420160544872264 
-24.444415135908756 
-24.46828563630403 
-24.493525197958714 
-24.519428531487478 
-24.53752642942779 
-24.569847585634356 
-24.590827243173777 
-24.606492947125027 
-24.569807717832973 
-24.62648993111348 
-24.671141968967707 
-24.693881243979465 
-24.713754166574926 
-24.73263121075946 
-24.75080723666031 
-24.768335755384218 
-24.78497914482133 
-24.801051340533085 
-24.816727933571194 
-24.83093937963578 
-24.84457668195111 
-24.839393146583237 
-24.86732342606575 
-24.884084072248612 
-24.897407164283784 
-24.90965908194096 
-24.921280894177887 
-24.92842020094893 
-24.91262166928079 
-24.910506492794077 
-24.907284383280068 
-24.918106717680708 
-24.940265412783074 
-24.93531577630301 
-24.98280042065797 
-24.99312377701837 
-24.98901389717026 
-24.970981803863868 
-24.93095571244399 
-24.94542080283305 
-25.0056834288931 
-25.038480479558256 
-25.062102424800763 
-25.075458396106832 
-25.084732112526403 
-25.0915581984451 
-25.0982862946117 
-25.104238080438908 
-25.10683303516274 
-25.108516067062663 
-25.114351263106222 
-25.12520712161862 
-25.135939530528816 
-25.143792847695252 
-25.14972576772573 
-25.15480649515937 
-25.159744057101577 
-25.16463165852013 
-25.16960648139259 
-25.174498730175735 
-25.17920079443623 
-25.18381221210437 
-25.188376612881406 
-25.192815676654213 
-25.197115660688272 
-25.20143037796321 
-25.205011931543147 
-25.207442623973076 
-25.20751543357764 
-25.214365976826507 
-25.222037851737493 
-25.218882166074987 
-25.23017586727003 
-25.233951186687307 
-25.237424412423728 
-25.240790720745988 
-25.24404099269989 
-25.247195837691436 
-25.2502413559888 
-25.253184389190324 
-25.25605137939056 
-25.258824692925625 
-25.261519079069213 
-25.264148683263237 
-25.265211385587122 
-25.26288712143805 
-25.262318932334978 
-25.267548882539195 
-25.271064959400405 
-25.276566994608746 
-25.279942537141572 
-25.28310742043576 
-25.276735418357546 
-25.288615908122214 
-25.290958791841014 
-25.293087775911108 
-25.295154668332472 
-25.297156740113937 
-25.299115794730362 
-25.30101480873943 
-25.302868432759354 
-25.304652727083734 
-25.306379248480663 
-25.30805260732524 
-25.309673339510123 
-25.311256401363107 
-25.31280987620913 
-25.3101047426972 
-25.31432070742615 
-25.31699876085745 
-25.319006659553377 
-25.320449997421008 
-25.32181328049551 
-25.323122282348518 
-25.32436879453126 
-25.325563646844678 
-25.326719681139533 
-25.32784440783189 
-25.32893448036012 
-25.329995194930955 
-25.331028676576537 
-25.332037405061214 
-25.33302014448617 
-25.33397311956004 
-25.33492755071851 
-25.335846064200176 
-25.336739927654616 
-25.337611430989575 
-25.338466428663438 
-25.339344609604638 
-25.340212059225053 
-25.341049728705414 
-25.341861383642687 
-25.342662645452705 
-25.343440605123966 
-25.344193318974607 
-25.34491915769707 
-25.345625562742075 
-25.34631221398921 
-25.346979328551733 
-25.34762476506578 
-25.34825763608307 
-25.348873453002103 
-25.349473166021014 
-25.350057080700335 
-25.35062784080937 
-25.351184138372272 
-25.351721214107968 
-25.352246797511814 
-25.352758359726117 
-25.35325616450035 
-25.353744757972503 
-25.3542217347427 
-25.354685485010947 
-25.355137091127144 
-25.355568154375323 
-25.355986898364993 
-25.3563957381324 
-25.356802329770993 
-25.35719740545337 
-25.3575832415471 
-25.357959003951805 
-25.35832484012614 
-25.358684950101438 
-25.359036036508982 
-25.359377927869808 
-25.35971075950862 
-25.36003629540573 
-25.360355289098088 
-25.36066549670948 
-25.360964054359922 
-25.36125460926591 
-25.361537676312135 
-25.361813266992193 
-25.362081649763727 
-25.362344244570775 
-25.362605513390893 
-25.36287004488027 
-25.36312716212297 
-25.36337664007386 
-25.3636215101921 
-25.363861694223754 
-25.364093662619368 
-25.364318624999648 
-25.36453693656877 
-25.364750823629034 
-25.364953926462395 
-25.365157197695574 
-25.365353668542298 
-25.365544376491837 
-25.365729504930403 
-25.365909014647144 
-25.36608330129065 
-25.366252356458084 
-25.366417608088263 
-25.366577685372558 
-25.366732982004635 
-25.366883619711093 
-25.367030019697957 
-25.36717284339825 
-25.36731371531925 
-25.367450764766964 
-25.36758335510108 
-25.367711833209782 
-25.367837318815287 
-25.367958824864928 
-25.36807707258077 
-25.36819130594302 
-25.368300432897755 
-25.368405137788205 
-25.36850652478992 
-25.36860495688725 
-25.368700545493247 
-25.368794942354384 
-25.368886540316346 
-25.36897609643956 
-25.36906396279994 
-25.36914877279496 
-25.36923158528416 
-25.36931216445044 
-25.369391264658105 
-25.369467345467495 
-25.369541096965424 
-25.36961276862053 
-25.36968320990147 
-25.36975156408907 
-25.36981793036124 
-25.369882893535063 
-25.369945971143856 
-25.37000722442691 
-25.3700674634796 
-25.37012623165316 
-25.370183230517434 
-25.370238978019884 
-25.37029347674494 
-25.370346412033314 
-25.370397669430805 
-25.37044624432977 
-25.370492622350092 
-25.370537694873878 
-25.37058120148878 
-25.370623242683422 
-25.370664122540013 
-25.370703787610204 
-25.370742521597585 
-25.37078018056464 
-25.370816866696572 
-25.370852471519125 
-25.370887041106673 
-25.370920633915567 
-25.37095348144002 
-25.370985456517083 
-25.371016502152006 
-25.371046299295124 
-25.371075588378247 
-25.37110402404942 
-25.371131987437476 
-25.371159180013375 
-25.371185554299142 
-25.371211201747325 
-25.3712364588684 
-25.37126089116647 
-25.371284516370967 
-25.371307421676967 
-25.37132904312835 
-25.371349918273555 
-25.371369986955365 
-25.371389247749782 
-25.37140789196595 
-25.37142604305792 
-25.371443707940475 
-25.371461009426003 
-25.371477840862628 
-25.371494268572807 
-25.37151012739339 
-25.3715255741454 
-25.371540829862177 
-25.371555233718183 
-25.37156922457836 
-25.3715828156694 
-25.3715960015962 
-25.371609290411286 
-25.371622217651865 
-25.371634750709443 
-25.371646958013812 
-25.37165900506707 
-25.371670727786935 
-25.371682144292187 
-25.37169326456963 
-25.371704031084416 
-25.371714513727547 
-25.3717247562169 
-25.37173477153131 
-25.371744522794902 
-25.3717539925367 
-25.371763227746623 
-25.37177223913134 
-25.371781025228323 
-25.37178957249098 
-25.371797921711007 
-25.37180605096629 
-25.371813979871412 
-25.371821668380168 
-25.371829190180282 
-25.371836488535337 
-25.37184360866852 
-25.371850525214956 
-25.371857211938146 
-25.37186373817555 
-25.371870105696598 
-25.371876318990182 
-25.371882383952013 
-25.37188825660282 
-25.371893990687486 
-25.37189959168985 
-25.371905078560083 
-25.371910458346054 
-25.371915706912503 
-25.371920833879805 
-25.37192581861556 
-25.371930534313243 
-25.371935186871248 
-25.37193974125506 
-25.371944189478846 
-25.37194853611264 
-25.37195279623018 
-25.371956977730388 
-25.37196105717442 
-25.37196500999058 
-25.371968866842177 
-25.371972634199363 
-25.371976321433195 
-25.371979927846407 
-25.371983493334415 
-25.371986978277576 
-25.371990378744144 
-25.371993712364223 
-25.37199696332991 
-25.372000145283867 
-25.37200326805275 
-25.3720063149988 
-25.372009305405424 
-25.372012230115907 
-25.372015126545005 
-25.372017935571737 
-25.372020662279745 
-25.372023337281497 
-25.372025886218648 
-25.372028397258138 
-25.372030852486006 
-25.372033256574348 
-25.372035629416782 
-25.37203797994153 
-25.37204027761209 
-25.37204252546207 
-25.37204472472636 
-25.37204688072741 
-25.372048995617504 
-25.372051064214176 
-25.37205309335523 
-25.372055072621347 
-25.372057016152176 
-25.372058890231745 
-25.37206072297913 
-25.37206250715732 
-25.37206427086968 
-25.372065997346226 
-25.372067680358576 
-25.37206933680636 
-25.372070957750907 
-25.372072547144047 
-25.3720741023171 
-25.372075627804797 
-25.372077118804654 
-25.372078582464397 
-25.37208001717247 
-25.372081422092545 
-25.372082802165462 
-25.37208415640577 
-25.37208548362085 
-25.37208678376229 
-25.37208804992068 
-25.37208928220863 
-25.37209049060444 
-25.372091687751333 
-25.372092868178502 
-25.372094023341035 
-25.372095155275836 
-25.372096263387284 
-25.37209734935362 
-25.372098430465698 
-25.37209949043529 
-25.372100527623253 
-25.37210157434072 
-25.37210259810509 
-25.372103602115946 
-25.372104589735553 
-25.372105557393684 

 Time 
2097.667326450348 
