Energy 
 
3.8998005448887016 
2.585665388012181 
0.7866187277468767 
-1.4363997410960012 
-3.777759346768627 
-6.281203205285772 
-8.870417914141163 
-10.924188772564392 
-12.648325605372552 
-13.984645332046869 
-14.941047308476227 
-15.673438536973277 
-16.262756943385988 
-16.755365675905235 
-17.18388425355988 
-17.56554156132698 
-17.93655157778353 
-18.274566453906278 
-18.574670979834167 
-18.829875184960635 
-19.023012979299075 
-19.28995141930204 
-19.491387642652125 
-19.675593453608045 
-19.801324530327815 
-19.976579548584535 
-20.135342104244554 
-20.277415719620393 
-20.412057014637078 
-20.53642903809183 
-20.659123334613792 
-20.777772161443544 
-20.897832475779484 
-21.016285049155368 
-21.14945150124264 
-21.326823662855613 
-21.457480492781876 
-21.588480341992483 
-21.717987885737532 
-21.844980264007525 
-21.966952440863583 
-22.086319141053103 
-22.19776163782882 
-22.304898523321985 
-22.407584809124323 
-22.510985456044374 
-22.62303539342725 
-22.752944069620444 
-22.874966063030048 
-22.98427037607258 
-23.068176026604327 
-23.192315903460518 
-23.28710080111167 
-23.375502950990782 
-23.47301793418097 
-23.571592165539816 
-23.659001956526208 
-23.739205521738846 
-23.811899083068067 
-23.878706075300673 
-23.936060586877296 
-23.97750332471964 
-23.988765514332812 
-23.936311547998873 
-24.088110673754443 
-24.158079389230586 
-24.199536920642874 
-24.23820877267158 
-24.273919870751197 
-24.305334714872522 
-24.335922631441136 
-24.36511659752973 
-24.379091364251558 
-24.413737367003417 
-24.444907175019488 
-24.47097874434705 
-24.495232541720682 
-24.504221080634004 
-24.5214928383321 
-24.523579378411537 
-24.508848338782826 
-24.603925906587236 
-24.624570549179932 
-24.643263441853627 
-24.661296051885817 
-24.679042143725056 
-24.696235038658884 
-24.712958661663258 
-24.729289845193048 
-24.7451471208254 
-24.760654381237096 
-24.775671177105973 
-24.790282445304115 
-24.80450788422837 
-24.818252570386452 
-24.831919073193273 
-24.846768266696888 
-24.862111978187595 
-24.876031591561905 
-24.88938696798455 
-24.891740586402364 
-24.89700069059856 
-24.893312813021854 
-24.930222905620965 
-24.94792283352737 
-24.96043925889937 
-24.971370280368035 
-24.98179395051744 
-24.991928711049596 
-24.98550677164569 
-24.97625939898989 
-24.9981997023834 
-25.018952495327717 
-25.012223196525955 
-25.047935670593834 
-25.049975094842726 
-25.02252794005027 
-25.04616406350474 
-25.079090699766322 
-25.091988337254477 
-25.100244387912145 
-25.10755195945357 
-25.11421593656834 
-25.117082251658733 
-25.127670128195952 
-25.13402303714958 
-25.140040231392756 
-25.14586048417544 
-25.151426550940197 
-25.15682141935636 
-25.162026614763402 
-25.16710158674482 
-25.171960688804322 
-25.176665734747885 
-25.181218729230267 
-25.18559147603044 
-25.18970790947188 
-25.188889868373952 
-25.19481278791995 
-25.185887915690817 
-25.180857540374664 
-25.18781142283553 
-25.198121308463357 
-25.207706968635815 
-25.203834834984995 
-25.224484342797695 
-25.228536901549187 
-25.232120667431857 
-25.2355650572834 
-25.23894165758294 
-25.242227347931962 
-25.245417173429463 
-25.248559239971144 
-25.251433686182178 
-25.2542450429949 
-25.25697972770797 
-25.259599232132736 
-25.262126741760554 
-25.264556971519013 
-25.265942728720177 
-25.269236355018585 
-25.271672598845534 
-25.27389307687219 
-25.276046580407023 
-25.2781647107468 
-25.280223457031926 
-25.282244052572715 
-25.28416142043918 
-25.2861024362982 
-25.287728959890647 
-25.288499556049775 
-25.28783593286566 
-25.287124345015652 
-25.28690997651809 
-25.296391794395404 
-25.298318657244685 
-25.300063219023965 
-25.30171459106781 
-25.303295486485197 
-25.30482346855665 
-25.306278558246944 
-25.30768931176306 
-25.309086838085527 
-25.31041834351587 
-25.31170674094472 
-25.3129682905978 
-25.31415574638047 
-25.31485581631764 
-25.312276509496108 
-25.315327797151745 
-25.317944783306753 
-25.31927075542232 
-25.32057276121587 
-25.32175821095677 
-25.3228466964691 
-25.323872443079015 
-25.324877862085586 
-25.325857021994853 
-25.32679641260583 
-25.327708028441265 
-25.328596238647783 
-25.329462105145875 
-25.330306361021158 
-25.33112600571535 
-25.331930057750803 
-25.332696106492318 
-25.333438414325283 
-25.33416269540324 
-25.334869164979615 
-25.335557438417098 
-25.336248043705126 
-25.336918021300363 
-25.337572399996674 
-25.33820966910079 
-25.33883146204622 
-25.339446732810348 
-25.340049536559974 
-25.340635085061837 
-25.341206352764658 
-25.341763525246332 
-25.342320315502505 
-25.342871283095317 
-25.343399727879557 
-25.343911140186247 
-25.34440880120631 
-25.344892037673354 
-25.34536386466621 
-25.34581951861199 
-25.346263927020505 
-25.346698854973283 
-25.347125557475373 
-25.347539414914895 
-25.347943205875758 
-25.348337061817674 
-25.348721297976105 
-25.349101885595232 
-25.34947203054134 
-25.349833396698344 
-25.35018591892992 
-25.350532046225464 
-25.350869201260394 
-25.35120731917597 
-25.35153472410556 
-25.351853793791452 
-25.352158561177838 
-25.352455810579503 
-25.3527456507118 
-25.353028437583344 
-25.353303529636502 
-25.353571558685413 
-25.35383501631479 
-25.35409239924927 
-25.35435798706755 
-25.35462929003115 
-25.354890010248447 
-25.35514274248183 
-25.355390970086717 
-25.355628578491064 
-25.355859153966605 
-25.35608375899239 
-25.3563025650316 
-25.356515005506612 
-25.356722944810308 
-25.356929415755488 
-25.35713259927928 
-25.357330294862543 
-25.35752167044723 
-25.35770750249631 
-25.35788860281043 
-25.358065157210266 
-25.35823748792675 
-25.358407782106198 
-25.358574432766442 
-25.35873812617073 
-25.358898502397032 
-25.35905476075287 
-25.35920703853453 
-25.35935775508631 
-25.359510243116365 
-25.35965791063052 
-25.359801093445423 
-25.35994079829011 
-25.360077598744336 
-25.360213281913364 
-25.360346415045555 
-25.360476626631726 
-25.360604178430194 
-25.360729131656026 
-25.360851125878117 
-25.36097068576571 
-25.36108801382088 
-25.361202837709676 
-25.361315438354257 
-25.36142704007785 
-25.361536073286324 
-25.361644166648574 
-25.36174880571313 
-25.361850766329162 
-25.361951054362997 
-25.362048261119654 
-25.362143340947473 
-25.36223635669947 
-25.362325841616478 
-25.362414764131895 
-25.362501968214694 
-25.362587336929405 
-25.362671104428934 
-25.36275157021948 
-25.362829867539276 
-25.36290653943717 
-25.362982748974375 
-25.36305652143627 
-25.363128611958604 
-25.36319959103528 
-25.36326926313301 
-25.36333744450114 
-25.363404095003567 
-25.363469486006586 
-25.36353353908802 
-25.363594889089452 
-25.36365515413884 
-25.36371454215981 
-25.36377340320078 
-25.363831176024412 
-25.363887719365106 
-25.3639431793007 
-25.363997745377777 
-25.364051526216297 
-25.36410654421306 
-25.364160317514234 
-25.364212597011896 
-25.36426429597963 
-25.36431692066084 
-25.36436831640167 
-25.364418622473575 
-25.36446859906415 
-25.364516845517617 
-25.364563653734304 
-25.364609455814588 
-25.364654286262024 
-25.364698199813663 
-25.364741139007258 
-25.364783223493113 
-25.364824534753033 
-25.364865059711555 
-25.36490494501353 
-25.364944057052337 
-25.364982632342794 
-25.36502058782853 
-25.36505792608088 
-25.365094764876357 
-25.365131189807357 
-25.36516715846603 
-25.36520350886953 
-25.36524040254625 
-25.365276326828397 
-25.365311474919494 
-25.365345941846986 
-25.365379946563326 
-25.365413545838578 
-25.365446236049088 
-25.365478341761424 
-25.365509574387715 
-25.365540300845755 
-25.365570331200832 
-25.365599888699016 
-25.365629044178192 
-25.365657790947655 
-25.365685939849442 
-25.365713688833733 
-25.365741105099513 
-25.365768140453568 
-25.36579603310989 
-25.365823432696633 
-25.365850389368525 
-25.365876909256848 
-25.365903385740864 
-25.365930971431215 
-25.36595787930616 
-25.365984291579462 
-25.36601039445138 
-25.366036128566446 
-25.366061488836632 
-25.366086911182215 
-25.366111961960396 
-25.366136718787804 
-25.366161083789404 
-25.366185191710148 
-25.36620894304724 
-25.366232420159754 
-25.366256114239746 
-25.36627946401168 
-25.366302509453533 
-25.366324882408996 
-25.36634696099023 
-25.36636874243965 
-25.36639013447555 
-25.366411651658357 
-25.366432731823377 
-25.366453516851244 
-25.366473824440178 
-25.366494012639127 
-25.366513905230335 
-25.366533519495228 
-25.366552858114844 
-25.3665719242055 
-25.36659092496586 
-25.366609599332573 
-25.366628290774162 
-25.366646686736683 
-25.36666497208462 
-25.366683325952422 
-25.366701475056562 
-25.366719438595908 
-25.36673730502955 
-25.366755740375634 
-25.366773952589632 
-25.366791870742034 
-25.366809534085736 
-25.366826961821037 
-25.366844135596587 
-25.36686127358846 
-25.366878288909675 
-25.366894755960498 
-25.36691100455923 
-25.36692702453003 
-25.36694440617781 
-25.36696160704885 
-25.366978529059605 
-25.366995056492474 
-25.36701154928222 
-25.36702778243616 
-25.36704375510466 
-25.367059714162863 
-25.36707537392622 
-25.367090232980672 
-25.367104912565836 
-25.367119403661704 
-25.367133693555648 
-25.367147783648964 
-25.367161703111314 
-25.36717554054407 
-25.36718911717363 
-25.367202857195508 
-25.36721634327341 
-25.367229652739063 
-25.367242880776928 
-25.367255930327268 
-25.36726881161789 
-25.367281520819834 
-25.36729410571203 
-25.367306544263627 
-25.36731869648048 
-25.367330711193617 
-25.367342583738854 
-25.36735431843576 
-25.367365908257856 
-25.367377378210005 
-25.367388714636885 
-25.367399910982062 
-25.367410983461617 
-25.367421957932947 
-25.367432896364072 
-25.367443615588385 
-25.367454240180248 
-25.367464796984216 
-25.367475306691777 
-25.367485734005406 
-25.36749611275398 
-25.367506397189697 
-25.367516628354956 
-25.367526720489764 
-25.367536849578137 
-25.367546856361923 
-25.367556812871978 
-25.36756666542317 
-25.367576321859325 
-25.367585966415792 
-25.367595503975487 
-25.367605040860088 
-25.367614486284644 
-25.367623827583866 
-25.367633085723483 
-25.367642326829834 
-25.367651490198202 
-25.36766055830345 
-25.367669517604604 
-25.367678453183856 
-25.367687310260845 
-25.36769611284332 
-25.36770483307417 
-25.367713493264883 
-25.3677220843074 
-25.36773062490118 
-25.3677391139299 
-25.367747541490917 
-25.36775593778114 
-25.367764650640808 
-25.367773288969964 
-25.367781853655707 

 Time 
2126.5060136318207 
