Energy 
 
3.8998005448887016 
2.5697357601497446 
0.7821571721472684 
-1.4248753399817917 
-3.785400428894256 
-6.046134163074738 
-8.128224199934346 
-9.82426469927124 
-10.935352178178073 
-11.75837339861712 
-12.491448373335594 
-13.056375991487743 
-13.43029084801447 
-13.758779402040238 
-14.06285284974633 
-14.392587903656416 
-14.694388789214202 
-14.98438386330222 
-15.254212141976561 
-15.497916085127283 
-15.7478592634089 
-15.98879944760623 
-16.278538866564354 
-16.46579953109398 
-16.68658681112811 
-16.877152065669502 
-16.947183969075397 
-17.147459468923973 
-17.32151248904587 
-17.48492332829892 
-17.638673415767634 
-17.789652425433065 
-17.936155161364095 
-18.07876616895029 
-18.23158839865238 
-18.379467934719855 
-18.518088817210863 
-18.64912498905317 
-18.829538983012075 
-18.971218229053452 
-19.097701613515166 
-19.224296289208137 
-19.336255375610175 
-19.44284914650057 
-19.543735711393033 
-19.63800942671071 
-19.73050969033324 
-19.813983427578037 
-19.838133333765974 
-19.619625143186894 
-19.549048819814292 
-19.633844214476188 
-19.99486882124264 
-20.181100160414715 
-20.294627049856107 
-20.392404200053882 
-20.378609846306638 
-20.57410120471988 
-20.66065155651273 
-20.74208295418019 
-20.818337924544856 
-20.904449790225467 
-20.98747136716923 
-21.068575034781354 
-21.149392198909737 
-21.22877745728071 
-21.308015267715746 
-21.38695387812757 
-21.465549605490555 
-21.518184080116182 
-21.4808851225999 
-21.676111202123344 
-21.781346908591843 
-21.87732920687912 
-21.966724259480053 
-22.054022082396504 
-22.138028336219914 
-22.214485201842926 
-22.290564268837453 
-22.364084678929327 
-22.432030784544775 
-22.49819602921146 
-22.562650442335087 
-22.623296263128204 
-22.682068945571164 
-22.73965769300427 
-22.795005334236787 
-22.846241470374405 
-22.867740913988484 
-22.919141608083926 
-22.97630856890604 
-23.02623242251584 
-23.053277545566715 
-23.069429498887978 
-23.163604828219786 
-23.214342946202656 
-23.268420616147527 
-23.310369237555257 
-23.351437319514083 
-23.39209253286355 
-23.432748504391135 
-23.4724543631644 
-23.51125832733815 
-23.549265732916574 
-23.575827678928654 
-23.62192754455109 
-23.66020918017117 
-23.695689724386543 
-23.72964603888507 
-23.763408806120665 
-23.778677085246976 
-23.82230358336757 
-23.85691638649426 
-23.887771241566682 
-23.918066693174268 
-23.947981935299477 
-23.977160149877662 
-24.005566871866485 
-24.028268308620916 
-23.996969793009765 
-23.95840752975071 
-23.95477119733571 
-23.977473023343382 
-24.0834304358842 
-24.121652025877275 
-24.154633798530895 
-24.20541573888928 
-24.249713997697217 
-24.280229463526727 
-24.306588352532607 
-24.32849166350226 
-24.349861604985083 
-24.37003306002357 
-24.38694934348937 
-24.40997787003549 
-24.431294601417058 
-24.451131023711437 
-24.47005262993127 
-24.481377789597754 
-24.48834654885625 
-24.489016126037367 
-24.52903979783594 
-24.556619681980983 
-24.57487727178463 
-24.591401652616646 
-24.607241493825924 
-24.622657676399616 
-24.63749435948723 
-24.652045369431516 
-24.666295550007714 
-24.68048888649543 
-24.694182569586385 
-24.707361751192437 
-24.711371797898803 
-24.72768978703566 
-24.741873853775427 
-24.75590833787204 
-24.760324965815798 
-24.752359384070942 
-24.77904687171238 
-24.796129882259013 
-24.809232963958785 
-24.81974490379973 
-24.8296382165652 
-24.841230835222664 
-24.85147430983587 
-24.861480504495912 
-24.871500726509137 
-24.881351811532326 
-24.89100654104819 
-24.900476867105887 
-24.909826811853133 
-24.91787224402543 
-24.92521326150964 
-24.930903844704215 
-24.938017502058088 
-24.951215227061155 
-24.960364198628643 
-24.96626469324238 
-24.96472777631799 
-24.94615516068582 
-24.94299790010448 
-24.964241012176426 
-24.977771696494337 
-24.99460500468994 
-25.011089311088334 
-25.02396159525708 
-25.033596836889263 
-25.04087533073223 
-25.047440930511804 
-25.053704865073957 
-25.059820637234623 
-25.065810095585555 
-25.071666316325707 
-25.077610151555803 
-25.083432605294423 
-25.088041289202494 
-25.09415007543463 
-25.098943113788863 
-25.103848247316257 
-25.109116497028857 
-25.11526187249732 
-25.120373497447073 
-25.125322983871527 
-25.13016862041783 
-25.134878617685324 
-25.139492683536403 
-25.144018306824492 
-25.148452404245887 
-25.152791679401464 
-25.15705728597984 
-25.161304682062536 
-25.165457398226852 
-25.169526685594796 
-25.17351426524083 
-25.177468299658262 
-25.181334098270924 
-25.185358106890945 
-25.18925091993759 
-25.193062169500692 
-25.19686596882111 
-25.200559640184814 
-25.2041468369147 
-25.207646418383405 
-25.211168332506254 
-25.214560766102085 
-25.21786985761142 
-25.22111507512085 
-25.224229529615243 
-25.227254581563013 
-25.23021137643772 
-25.233098842194114 
-25.235948337802853 
-25.238712872438562 
-25.241417429437515 
-25.244068870596184 
-25.246682229145996 
-25.249247908064856 
-25.251761518791398 
-25.25424730972659 
-25.256685688875876 
-25.25906979151976 
-25.261416263243806 
-25.26374106367862 
-25.2660122227878 
-25.268228240943056 
-25.270399379465466 
-25.27250578932597 
-25.274556094052073 
-25.276586099424645 
-25.27857370078605 
-25.2805271199139 
-25.282431822994482 
-25.284306225382917 
-25.286139166255115 
-25.28793955318256 
-25.289701704599207 
-25.291424018004676 
-25.29310126568833 
-25.294761325978488 
-25.296373471265994 
-25.297942494107655 
-25.299475287864233 
-25.300973859819734 
-25.302439271538915 
-25.303876750794217 
-25.30528400064698 
-25.306638211726472 
-25.307960672009987 
-25.309244361774343 
-25.31050052749634 
-25.31171992086334 
-25.31291300349631 
-25.314084615036652 
-25.315230921619992 
-25.316352462125796 
-25.31744969367617 
-25.31852387845672 
-25.319578472228027 
-25.320610895800975 
-25.321622520108328 
-25.322624558137015 
-25.323607222538946 
-25.324570732121927 
-25.32552197710823 
-25.326453307042087 
-25.327359018813347 
-25.328243028363747 
-25.3291136963057 
-25.329973312454577 
-25.330804583168323 
-25.331626968853886 
-25.332430798802175 
-25.333222556723037 
-25.33399676344751 
-25.334754762689272 
-25.335508035527038 
-25.33624196877581 
-25.336960304510797 
-25.337665720428287 
-25.33835603016544 
-25.339031816798226 
-25.33969239085951 
-25.340339227214866 
-25.340966882589417 
-25.34157907539444 
-25.342162738144374 
-25.342732524851613 
-25.34328917440791 
-25.343833364568 
-25.344363424670952 
-25.344882744045808 
-25.34538677382229 
-25.34588092124265 
-25.346364927667285 
-25.346839181743714 
-25.34730395174869 
-25.34776011972787 
-25.348207312712976 
-25.348645741214632 
-25.349075657345676 
-25.349496937724766 
-25.349909773540592 
-25.350313963854372 
-25.350710119656895 
-25.351098736759656 
-25.35147989720952 
-25.35185403679215 
-25.352221051756125 
-25.35258111215752 
-25.35293387006963 
-25.353282541088532 
-25.35362498361319 
-25.35396077612914 
-25.354291359081664 
-25.354613266927615 
-25.354928305358154 
-25.355236827784005 
-25.35553909286824 
-25.355834949619524 
-25.356123736717244 
-25.356406590000347 
-25.35668472737296 
-25.356956877546008 
-25.35722349801711 
-25.357485404355046 
-25.35774177656299 
-25.35799311431129 
-25.358239709592816 
-25.358481155084416 
-25.35871603183591 
-25.35894571245095 
-25.359170560684667 
-25.359390667067863 
-25.359606247849243 
-25.35981684151749 
-25.36002301996331 
-25.36022367481036 
-25.360420254859545 
-25.360611491537437 
-25.360798997163897 
-25.360983873756034 
-25.361167463834807 
-25.361347522304065 
-25.361523996241573 
-25.36169688670722 
-25.36186693039741 
-25.36203350223276 
-25.362196959260054 
-25.362357038394922 
-25.362514312558634 
-25.362666850418766 
-25.36281622677157 
-25.362962621005266 
-25.363106251279177 
-25.3632465275064 
-25.36338357836347 
-25.363517102745668 
-25.363647817737444 
-25.363775716821607 
-25.363900878805755 
-25.364023141348056 
-25.364142888247102 
-25.364259750321175 
-25.364374081818045 
-25.36448510394669 
-25.364594116325964 
-25.364700957606853 
-25.3648056524895 
-25.364908142192704 
-25.36500851535735 
-25.36510709263517 
-25.365205520720302 
-25.365300893478754 
-25.365394197164964 
-25.3654857866993 
-25.365575519092875 
-25.365662578270218 
-25.365747553558826 
-25.365830629568734 
-25.3659120139547 
-25.36599204528516 
-25.36607056075418 
-25.36614745662199 
-25.36622277805869 
-25.36629657897041 
-25.366368752511857 
-25.366439372343738 
-25.366508559691187 
-25.366576338288063 
-25.366643530184366 
-25.366709345664443 
-25.366773256758318 
-25.36683583161424 
-25.366897181764454 
-25.366957830582898 
-25.367016903045315 
-25.36707425228262 
-25.367130469575915 
-25.367185518134967 
-25.36723939220733 
-25.367292162440783 
-25.367343917798404 
-25.367394385163337 
-25.36744404855127 
-25.36749273001291 
-25.367539769669087 
-25.367585860530603 
-25.367631110873646 
-25.367675495194323 
-25.36771879580251 
-25.36776124398213 
-25.367802957260086 
-25.367843946435308 
-25.367884223208094 
-25.367923529458693 
-25.36796236529264 
-25.367999796639886 
-25.3680360822364 
-25.368072166091338 
-25.3681075882844 
-25.36814239618953 
-25.368176508137093 
-25.368209955058553 
-25.368242758508035 
-25.368275109261166 
-25.368306901086562 
-25.368338138079807 
-25.368368755795917 
-25.368398947563886 
-25.36842844831092 
-25.368457304714212 
-25.36848482269512 
-25.36851179364111 
-25.36853824106567 
-25.368564210559647 
-25.36858971911535 
-25.368614921662953 
-25.368639609857293 
-25.368663776805924 
-25.36868750493922 
-25.368710799586026 
-25.36873365682914 
-25.36875612717411 
-25.368778192447245 
-25.368799902238703 
-25.368821226830022 
-25.36884219655235 
-25.368862785991617 
-25.36888303650851 
-25.368902909369627 
-25.368922404416296 
-25.368941517258378 
-25.368959881162723 
-25.368977947373647 
-25.36899570115895 
-25.3690131713053 
-25.369030577711918 
-25.369047657393907 
-25.369064429054514 
-25.369080807899444 
-25.36909656405181 
-25.36911209385791 
-25.36912738036048 
-25.369142392472376 
-25.369157147161726 
-25.36917163089386 
-25.36918586393555 
-25.369199905020103 
-25.36921378707138 
-25.369227417658333 
-25.369240879218577 
-25.36925407818229 
-25.369267082411216 
-25.369279903118098 
-25.36929250836801 
-25.369304894325236 
-25.36931706377768 
-25.36932902232308 
-25.369340745183884 

 Time 
404.9903690814972 
