Energy 
 
3.8998005448887016 
3.530515647647404 
-1.8089388031683318 
-1.8025763697779 
-1.8067889280454705 
-1.813661101592432 
-3.0647569950227815 
-3.6023795171254935 
-3.867044642769121 
-3.968878946214956 
-4.260568612969522 
-4.249150487543066 
-4.53834042819149 
-4.617081917442522 
-4.5003770051236005 
-4.734748498627799 
-4.696273408929463 
-4.965759779203063 
-5.490860068251089 
-5.4290853268761134 
-5.3378509972798645 
-6.217733590952362 
-6.9001301251142095 
-6.760219561074335 
-5.974329956977305 
-6.135680900533032 
-6.166804480411264 
-6.581624494803858 
-6.5680137152818325 
-6.569367983874604 
-6.747835796415016 
-6.768969023548402 
-8.090960379199448 
-7.967317845943052 
-7.7475280992014195 
-7.726045260595189 
-8.02158948052724 
-7.9687827916229725 
-9.208616954415195 
-10.13081345854268 
-7.096578668234903 
-6.461723578735473 
-7.098834634145215 
-7.026694022019736 
-8.132355832956454 
-7.810412075897892 
-9.46543851960325 
-9.120148568063726 
-9.233903657160502 
-9.10034968745427 
-9.082602191593574 
-9.512175790965163 
-9.535521589905809 
-9.477151218606007 
-9.620980031133783 
-9.979411201171278 
-9.968587866407914 
-9.898475992397046 
-9.60751710859421 
-9.138680157809707 
-11.356823043279775 
-7.641245658733563 
-7.686768208109043 
-8.18408736838566 
-8.441314224844149 
-8.266424921784404 
-9.756304260481745 
-9.115065242157403 
-9.10604516894601 
-7.677300379672598 
-8.900119010670831 
-8.764269689114332 
-8.775983018763823 
-8.189427897169134 
-6.921718024656301 
-6.8682233091991645 
-7.9574076573344055 
-8.105200016768572 
-9.703829968539036 
-9.869653852864534 
-10.199109023949624 
-10.259377470971542 
-10.882080029443124 
-11.011545248016072 
-11.076426121535338 
-11.28338115502177 
-11.310142181906748 
-11.275938578069876 
-11.82591464148251 
-12.733415017914782 
-12.590341611975612 
-13.071141195348446 
-13.101220070929097 
-13.063676396098256 
-13.07513464934082 
-13.50699102720943 
-12.82969152130264 
-13.29209854083484 
-13.303434908524215 
-13.606007435970927 
-12.929550179143735 
-12.156845007415725 
-12.118534821675329 
-12.429794018461408 
-12.42294122607818 
-12.579130462313275 
-13.065936264548954 
-13.269870001794391 
-13.305885524528149 
-14.983619866477314 
-15.37889335060618 
-15.094407220054709 
-15.113851719570105 
-15.293287206044564 
-15.24125049391965 
-15.24139434844683 
-15.65670536172541 
-15.810556918844304 
-16.041748112531604 
-16.01478060923696 
-15.971422348507076 
-15.926925913068306 
-16.083815223744605 
-16.109614555361237 
-16.226819937919394 
-16.21990491574741 
-16.21782822529018 
-16.204131614978255 
-16.2547967137401 
-16.267922225425593 
-16.568974129659402 
-15.270232750040245 
-15.008193545698704 
-14.787900814650518 
-14.782185805674978 
-14.727862893931976 
-14.980798384890383 
-14.806346324106427 
-15.241109674135279 
-15.44114646907951 
-15.605089912135039 
-15.752693167643882 
-15.819112746686798 
-15.808223857432466 
-15.72225803122402 
-16.028369851087025 
-16.054806544073763 
-16.104910704269543 
-16.410293719253424 
-16.400255535184776 
-15.510470031766076 
-15.50411814142606 
-16.11080731640593 
-16.138225500831386 
-15.849583052825832 
-15.876871035991169 
-15.812009881926866 
-15.741257315144917 
-16.04267109225473 
-16.036942422735176 
-16.260555320129985 
-16.5902066869323 
-15.409734590277086 
-15.649318723308031 
-15.886721951277561 
-16.005233341221473 
-15.08085581903701 
-15.459162492888442 
-16.719585575264556 
-16.863182079693342 
-16.337310418390736 
-15.704284578042113 
-15.515703294839366 
-16.05981875436993 
-16.041641260924507 
-15.631847213090339 
-15.634164255953682 
-15.515803810069679 
-15.918761933184312 
-17.350572392100858 
-16.715595683961862 
-16.458837284646215 
-16.470416329551966 
-16.56066517841075 
-16.968172258843552 
-17.16038466434192 
-17.231504751837655 
-16.27741437670924 
-16.26156202758316 
-14.153381247119134 
-12.058001931085666 
-12.216921430167707 
-15.261967049288131 
-14.602878229738318 
-13.376140633831945 
-12.57917134441877 
-10.886323708066902 
-11.355659513150362 
-12.370301402845277 
-11.654031963906426 
-11.62092242028848 
-12.672178983633563 
-12.571894464694838 
-12.353292271273812 
-13.321937924135327 
-13.714447290903287 
-12.477244720075753 
-8.147240052710723 
-8.611687474044073 
-7.484627160138589 
-8.177013845886417 
-9.936920795913458 
-9.761545128772232 
-3.5840624676652633 
-3.6067680496550283 
-4.080761247113415 
-4.980101538170281 
-4.93486397929087 
-4.917951969023775 
-5.718821873529075 
-6.505763299137857 
-6.4843421879427465 
-6.195201484724953 
-3.747045920603389 
-5.391918014763722 
-8.84666112550958 
-8.627907106884415 
-8.038249928994446 
-7.781048130608763 
-10.119802151928443 
-10.11931668833807 
-10.17063901115571 
-10.24008636738913 
-11.696652634724614 
-12.032181458912286 
-12.344707124020509 
-12.501265318755495 
-11.714534351304783 
-12.764569529535471 
-12.077058790640573 
-12.159768806776743 
-12.035550845516982 
-12.048858252755656 
-12.008114716613374 
-11.827135971626372 
-11.556813269359825 
-11.602458222921646 
-12.109659623350487 
-12.115311205604414 
-12.975203298938219 
-13.10753309705215 
-13.343731571837298 
-13.700849992497552 
-12.894515836822244 
-10.812276615784329 
-10.846007401019222 
-11.155933143081498 
-8.9922931712825 
-11.248727897239801 
-11.009654294260484 
-10.983027484800916 
-10.887743258938535 
-10.940651453969855 
-10.714843879344082 
-8.888183381424247 
-8.90973467618837 
-7.810835384248289 
-10.375213088588172 
-10.080927724834538 
-8.54058094576801 
-8.671758189546875 
-8.652286372064836 
-8.552558384282241 
-6.884771311162347 
-8.470798216089861 
-8.618933707783292 
-9.257590693610199 
-9.26444281139486 
-9.27797759475442 
-9.784727182730489 
-9.867628172249834 
-9.868584104810306 
-9.871896334625218 
-8.952473676451001 
-8.828186860387692 
-9.474777968851601 
-10.0636508510827 
-10.578660280309853 
-7.478088050362645 
-7.475657791590869 
-7.4303888231181805 
-7.365406058257189 
-7.985333954942414 
-7.862222070024812 
-10.421775109167253 
-10.589209949930659 
-10.592143739695885 
-10.553526787623056 
-10.593840488839996 
-10.395118585957551 
-10.484511368595136 
-10.173806587170883 
-10.202943621406826 
-10.206482392121092 
-10.218711647435182 
-10.361566541963033 
-10.041115631489008 
-9.867808942792738 
-9.085028072687116 
-9.21382141872108 
-10.273963274988578 
-11.220738787860467 
-11.507817386746503 
-12.019474244347501 
-11.941670668727784 
-12.478688188715735 
-13.035096667691757 
-13.115038979588798 
-16.20426256062923 
-16.288225073157925 
-16.12873484740537 
-16.11851445343285 
-16.758558403103557 
-16.943382274957347 
-17.000112206709126 
-16.549059883149905 
-16.455649531089556 
-15.738680027875374 
-15.796099246745813 
-16.233008946083224 
-16.415866732681696 
-16.501989078095328 
-16.221904571157705 
-16.193452365199914 
-16.200414278206598 
-15.983599185764234 
-15.998495982662483 
-16.03488496457112 
-15.9045183992426 
-15.575130788634038 
-15.188416343202414 
-16.21615496236351 
-16.372429105268274 
-16.381463756464687 
-17.14832197066196 
-17.070477469496666 
-17.219067797534223 
-16.50754445470439 
-17.080383878799307 
-16.99737528319861 
-16.99132361607086 
-16.667080172153764 
-10.285260162826328 
-12.993524553853277 
-7.702193120065808 
-7.616997344186028 
-6.859393656132983 
-7.915746075971264 
-8.5504944607046 
-8.251545313521385 
-9.414363373061661 
-8.84946370614256 
-9.756737770699907 
-10.30720119932418 
-8.361980484246141 
-11.750899332624524 
-10.360422099281694 
-10.48658460211632 
-10.666690317670193 
-11.002066927837095 
-10.193912420850488 
-10.430976712194358 
-11.479790763140457 
-12.542068873888015 
-12.964560673754894 
-12.15427336464773 
-12.585955271263472 
-13.803121482482549 
-10.666965247455442 
-10.783609222118969 
-11.026818642334506 
-11.066676304443511 
-11.250899440637957 
-11.487940532216344 
-9.934695267676366 
-9.961343077132195 
-5.90490333368308 
-7.158340636226028 
-7.300249789043778 
-7.265481160091349 
-8.819879092067128 
-7.021818241362215 
-7.617596816681945 
-7.335994642597492 
-7.210216783852584 
-9.102632602804286 
-9.09398110421444 
-9.484071122232443 
-9.480637546213707 
-9.84825738454161 
-10.017887406564945 
-10.432353561231894 
-10.30330740384846 
-11.089422570239325 
-10.670931290561656 
-11.39453990779713 
-11.567190819780356 
-11.61262280399825 
-10.997923445549581 
-12.043551217626392 
-13.040619815702753 
-13.075696326815354 
-13.199461809515993 
-13.304725605062028 
-7.043957028578586 
-10.381009197580873 
-9.509079540799506 
-9.697371289205385 
-9.712913765374482 
-11.021921272845493 
-11.601054339218095 
-11.035044121624576 
-11.075991483800651 
-11.747645273316376 
-11.129733009110279 
-10.909509454690184 
-11.551482641475747 
-14.05104660786527 
-13.314956311026126 
-14.443107036695377 
-14.356826986391841 
-14.294559220891715 
-13.923266344648109 
-14.273083164761957 
-12.189452715841695 
-12.342347682212159 
-12.214759165712978 
-12.062877816231484 
-12.228119600555337 
-12.666294645017038 
-12.928532902019898 
-13.068823327244576 
-13.0092150035849 
-13.088485055974449 
-12.817753626414092 
-13.279867350842446 
-13.258642534253703 
-12.375099395618824 
-14.191508389806511 
-13.977751459721024 
-15.133958964618401 
-15.234648495219453 
-14.070952098244051 
-14.517968840254381 
-14.570926219618627 
-14.648131506241947 
-13.701787590860096 
-13.639980715259522 
-14.047779680083671 
-14.156178075655236 
-13.766520534381254 
-12.24078225844037 
-12.597738620844488 
-12.156712153300099 
-13.438269738068826 
-14.213037218345455 
-13.945157505768698 
-13.587451793779522 
-12.856128141593615 
-12.095367532509176 
-11.523040989659481 
-8.872615842902068 
-8.52166632318082 
-9.8198775681543 
-9.48897869221677 
-8.073056398267248 
-8.024354072081922 
-8.026002877281375 
-8.262258368900682 
-8.15088820565487 
-10.141221545161834 
-10.123866827074135 
-9.682938363698744 
-9.221401334326387 
-9.49752645640185 
-9.855440505785737 
-9.098531485741567 
-9.169182846538778 
-10.453062482617243 
-10.371113089002362 
-10.067712439689654 
-10.041688898635336 
-6.5377117703898495 
-9.188692671556321 
-9.236081619972147 
-4.698793683403027 
-4.47549615365152 
-5.213404229629836 
-2.138259078622677 
-8.099087074483574 

 Time 
456.9612030982971 
