Energy 
 
2.3693496930821554 
2.0450753380592657 
2.0380387135482465 
2.0164425174738443 
1.830153248317027 
1.560697195825981 
1.2172642353757122 
0.8875353173659772 
0.4428555795107785 
-0.8745921752368757 
-1.2294194794917614 
-3.021285057589254 
-5.314132673630242 
-5.998195426857356 
-5.276873144543963 
-6.695043406731072 
-7.0706966210281825 
-6.807031240595304 
-7.458726599013949 
-8.155634138389763 
-9.655337087961815 
-9.770591969304029 
-9.541996699083759 
-9.58676640852518 
-9.70774606369516 
-9.71177220758629 
-9.973761319957799 
-9.976555414825876 
-9.97223648081256 
-9.968220317378526 
-10.13315313892052 
-10.022989827951324 
-10.024731625149263 
-10.028435919702959 
-10.22336434109958 
-10.354561893264913 
-10.865548343535865 
-10.863176808225377 
-10.873327941593416 
-10.91079686831701 
-11.020145692267523 
-11.039831122706104 
-11.040384561455157 
-11.0688223099562 
-11.14258997791983 
-11.234694430376097 
-11.240116666380448 
-11.288302887717354 
-11.41917164633566 
-11.456374101276506 
-11.458930916336744 
-11.509971199540162 
-11.75127858311872 
-11.815897890948655 
-11.854626124097477 
-11.831587543199431 
-11.819790992843837 
-11.93148469580262 
-11.924168315507778 
-11.932919572329933 
-11.975352992452944 
-11.976643738438824 
-11.99463431619882 
-11.993819575574207 
-12.069070876785348 
-12.146359822411458 
-12.147662987196837 
-12.204338536023405 
-12.211093681563867 
-12.192459621568936 
-12.23149296653616 
-12.233700523327913 
-12.239462316518704 
-12.256940626725488 
-12.279152500523892 
-12.28551907803307 
-12.301230986465242 
-12.301192651153379 
-12.301527573941474 
-12.301914153207868 
-12.322114416908063 
-12.339398350191756 
-12.34365949924587 
-12.353643773847537 
-12.365203789698125 
-12.368306467602345 
-12.372523423912897 
-12.372151213776178 
-12.37651839635747 
-12.376787227520543 
-12.377754550039956 
-12.380037101852835 
-12.380952336430566 
-12.380831437166322 
-12.381664982534765 
-12.38190010135889 
-12.38393733995157 
-12.38820748530217 
-12.389126181982606 
-12.389104722614208 
-12.38943110684276 
-12.391517101864718 
-12.397485184151014 
-12.398121183558809 
-12.397864978268675 
-12.405229908087957 
-12.406431964474898 
-12.407131286211099 
-12.424391646049951 
-12.424372292433914 
-12.430587023375802 
-12.451585207399598 
-12.456757496237435 
-12.460677776981647 
-12.460381501974258 
-12.460379447886915 
-12.460213003732246 
-12.462277460181024 
-12.463472102836583 
-12.468032039281875 
-12.470198475393145 
-12.470442097716266 
-12.472664126401087 
-12.48173588598128 
-12.48195614461918 
-12.487203765455469 
-12.503246247143531 
-12.509894622063939 
-12.510691483931064 
-12.511539865891564 
-12.515457553885419 
-12.515767018446383 
-12.516763893176151 
-12.520041755931793 
-12.523855681610229 
-12.525147069280592 
-12.525323637833287 
-12.52913633565845 
-12.52973409108476 
-12.544502457826066 
-12.544467374748029 
-12.550514168770018 
-12.550640886301066 
-12.55368328796642 
-12.554776709789413 
-12.556287646541259 
-12.562315676775174 
-12.562199065328517 
-12.564651988308984 
-12.564800041354516 
-12.564803578086392 
-12.565595246695944 
-12.566589889757527 
-12.56660897647903 
-12.56953872453671 
-12.569921925715313 
-12.570306823813125 
-12.570431114555648 
-12.570433499266267 
-12.5708095308747 
-12.57169972544439 
-12.572070998343374 
-12.572145004130515 
-12.57208849106649 
-12.575066003700377 
-12.575021512547432 
-12.576949513731952 
-12.576944904590995 
-12.576867858638312 
-12.577381230588756 
-12.577850687700426 
-12.577940344211555 
-12.577930468847518 
-12.577702808967032 
-12.579146616510076 
-12.579131226306844 
-12.579873783996973 
-12.584121682368064 
-12.584156354421046 
-12.583995546146985 
-12.583939974516403 
-12.584135869520873 
-12.584189960677392 
-12.584206248079768 
-12.58420468677343 
-12.585198847046343 
-12.587657811161934 
-12.593992186278598 
-12.594353143079323 
-12.595484787289521 
-12.597422082985315 
-12.598183953736038 
-12.599271705701518 
-12.599473448869524 
-12.599416791051373 
-12.599363643086335 
-12.600064682458774 
-12.600093001643272 
-12.600594900920392 
-12.600747606348202 
-12.601243125537643 
-12.601504250389008 
-12.601519469656438 
-12.603654982862421 
-12.603753247310312 
-12.603738016498497 
-12.605862967695193 
-12.60700667723251 
-12.607005305601863 
-12.607168513547812 
-12.60898049654246 
-12.608912815201741 
-12.610085172027533 
-12.610226281997733 
-12.610609587597573 
-12.61134855845542 
-12.611689083582899 
-12.61185158478092 
-12.611527678932546 
-12.611624280140452 
-12.611612305778369 
-12.612321242077494 
-12.612426142139288 
-12.612489629760478 
-12.612867459726418 
-12.613331349993016 
-12.613322183984026 
-12.614174018218431 
-12.61425295327079 
-12.61425471733167 
-12.614291839056845 
-12.614323631792862 
-12.614325508953943 
-12.614856234611143 
-12.615073738873122 
-12.615175771656396 
-12.61524331595901 
-12.615268573515973 
-12.615315395126624 
-12.615377791461093 
-12.615377628428782 
-12.615412214521331 
-12.61653126253511 
-12.616845873717896 
-12.616975829693699 
-12.617055354569498 
-12.617179976414784 
-12.61722874792574 
-12.617292710866716 
-12.617328011161923 
-12.617331256687471 
-12.617337783207013 
-12.617334407053237 
-12.617358359633567 
-12.617388176656117 
-12.617387973220426 
-12.617446063908217 
-12.617474471728794 
-12.61747058453268 
-12.617645810273716 
-12.61765802884399 
-12.617643466364823 
-12.617646043268714 
-12.617682396218193 
-12.617686989167613 
-12.617711666843196 
-12.617702581108212 
-12.617738784061638 
-12.617741873451488 
-12.61777546890022 
-12.6177764539328 
-12.617785199097936 
-12.617799802531126 
-12.61780467813191 
-12.617804909124674 
-12.617803534134163 
-12.617814319841427 
-12.617817310829402 
-12.61781722645454 
-12.61782928010139 
-12.617830245835588 
-12.617827486362438 
-12.617825330878418 
-12.617839213224652 
-12.617839339444972 
-12.617859563434251 
-12.61786504310425 
-12.617864375849514 
-12.617864191517658 
-12.617869837536631 
-12.617868707274194 
-12.61786784126309 
-12.617871455127467 
-12.617959529466956 
-12.617967966733655 
-12.617987870777398 
-12.617989442266547 
-12.617998328534515 
-12.618004374034653 
-12.618005377242905 
-12.618008052870525 
-12.618007849076177 
-12.618006118061901 
-12.618024116976573 
-12.618024376653473 
-12.618024079493038 
-12.618025362475954 
-12.61803509385457 
-12.618044772363389 
-12.618044143485388 
-12.618056170480864 
-12.618053699713935 
-12.618053117727626 
-12.618051615871773 
-12.618060833551175 
-12.618060756920617 
-12.618068174122548 
-12.618068288029445 
-12.618079802107324 
-12.618082374667713 
-12.618156862300125 
-12.618170406249165 
-12.618175921877834 
-12.6181777150418 
-12.618178608758004 
-12.618176908806998 
-12.61817625120257 
-12.618175990809364 
-12.61818292749364 
-12.61818447839528 
-12.618186843530147 
-12.618186827837878 
-12.618186781280688 
-12.618184842490917 
-12.61818494058414 
-12.61818482124935 
-12.618226071143576 
-12.618227397372635 
-12.618226484362618 
-12.618247205876257 
-12.618247654078157 
-12.618245574359918 
-12.618256136268297 
-12.618256051034479 
-12.618270312539318 
-12.618293590443388 
-12.618306414700887 
-12.618312655869648 
-12.618319302254385 
-12.61831816187264 
-12.618319993996964 
-12.618318358571965 
-12.618321998762786 
-12.618322372845597 
-12.618325148459782 
-12.61836924816701 
-12.618402234653988 
-12.618404012580598 
-12.618403874356382 
-12.618403873779917 
-12.618404752427445 
-12.618406781773988 
-12.618403221289384 
-12.618403107656334 
-12.618400832623772 
-12.618399637470988 
-12.618406300138151 
-12.61840607574802 
-12.618434591230807 
-12.618438189897502 
-12.618437959514182 
-12.61844166662798 
-12.618450711984101 
-12.618450170319841 
-12.618476591611763 
-12.618499749633894 
-12.618501586667955 
-12.618501649464896 
-12.618508151271767 
-12.618548662198473 
-12.618550134929116 
-12.618560060886619 
-12.618559551361926 
-12.618559000446503 
-12.618566935506003 
-12.618571196518067 
-12.61859430716362 
-12.618605913619803 
-12.618609366632281 
-12.618610908173734 
-12.618610871193182 
-12.61861093326048 
-12.618612207480483 
-12.618612200065865 
-12.618622788445998 
-12.618622976533835 
-12.618630950247546 
-12.61866325796358 
-12.618674111490137 
-12.618681201501714 
-12.61868112204311 
-12.618695122961402 
-12.618734816217277 
-12.618729396480385 
-12.618732996685303 
-12.618731853344988 
-12.61873053996822 
-12.618731839206292 
-12.61874504638645 
-12.618750089837038 
-12.618750034314523 
-12.618752524242764 
-12.618751940105803 
-12.618760412026473 
-12.6187615076385 
-12.618762205318374 
-12.618771441618032 
-12.618772333342687 
-12.618772308198 
-12.618781692571117 
-12.618782967750183 
-12.618835079398451 
-12.6188383011895 
-12.618841522444743 
-12.61884040517676 
-12.618840870617387 
-12.618855633909082 
-12.618862051192322 
-12.618881575503957 
-12.618888096422923 
-12.618924973396982 
-12.618927162673943 
-12.618927026687192 
-12.618927014898308 
-12.618929212444588 
-12.618930071272194 
-12.618931005961727 
-12.618937013018405 
-12.61894897879911 
-12.618949017267468 
-12.61895049417727 
-12.61895148892632 
-12.618956937225269 
-12.618962220358988 
-12.618962137398714 
-12.618976412575696 
-12.619005307460657 
-12.619006687174078 
-12.61900550835081 
-12.619005407776813 
-12.619018878759785 
-12.619027527223182 
-12.6190277102051 
-12.61902781804255 
-12.619031751501415 
-12.619031496189628 
-12.619036105026208 
-12.619045528493832 
-12.61904713795426 
-12.619046873192723 
-12.619053312383555 
-12.61906725863661 
-12.619067710110304 
-12.619091111273303 
-12.619090702086895 
-12.619090696816208 
-12.619147468714925 
-12.619148261278186 
-12.61914834361875 
-12.61916483134698 
-12.6191671674622 
-12.61918623979657 
-12.61918741759437 
-12.619187072610204 
-12.619187788131558 
-12.619190964276177 
-12.619198361329357 
-12.61920505401002 
-12.619212164329062 
-12.619212062809686 
-12.61921245185963 
-12.61921884384285 
-12.619213470487201 
-12.619218558866528 
-12.619265464344595 
-12.61927402839515 
-12.619275292344748 
-12.619275234343336 
-12.619286700514062 
-12.619286706792746 
-12.61928622442677 
-12.619287817748058 
-12.619292559242602 
-12.619292499659398 
-12.619307621874528 
-12.619309989967302 
-12.619312131451569 
-12.61931246833103 
-12.619312672170148 
-12.619320836441004 

 Time 
27.532284259796143 
