Energy 
 
3.3888654472655504 
3.0227122026801116 
2.8807403003818663 
2.7382993311145087 
1.2722524849913017 
1.3292662275824507 
-1.71864455801306 
-1.5246867355596052 
-1.613945203517879 
-1.5059387509927258 
-1.7189869451353528 
-3.026761634722307 
-5.956478542409375 
-5.76919111356302 
-6.533677089829728 
-6.8784500448131 
-7.797302166826694 
-7.69029051643203 
-7.701151760535849 
-10.077802299255977 
-10.086746370149674 
-10.22666642314936 
-10.294690504871511 
-10.398281894986077 
-10.55337236799661 
-10.572571313176379 
-9.818148177799753 
-9.788764463835225 
-10.581246376764758 
-11.27699059464957 
-11.205069239500599 
-11.33195786942574 
-11.283691582106275 
-11.886712465039961 
-11.584941957959682 
-11.307361689277881 
-11.504836889187061 
-11.360871443188946 
-12.838326030981996 
-12.81209098005328 
-12.59094931304247 
-12.488280132662252 
-11.852667881832751 
-11.879182939376028 
-12.30326161237037 
-12.34028087674627 
-12.003977664800756 
-12.189628841384257 
-12.237715968810964 
-11.765659937965564 
-11.603440775145371 
-11.568767236141744 
-11.229994455594023 
-11.138316265472751 
-10.281490806315228 
-10.73362812106434 
-10.599478593439763 
-10.310243418117132 
-10.905403356451645 
-11.157472982849837 
-11.533467470459588 
-11.493611462121818 
-9.5901385969801 
-9.804503662668052 
-10.418876529661942 
-10.806631286561833 
-11.565037933097065 
-11.82407000407132 
-13.922217622908356 
-13.74513354831199 
-14.030052279291006 
-14.108114565683923 
-14.137286844381537 
-13.872007612182873 
-13.836955295425595 
-12.534065169475802 
-12.290886970258992 
-11.360957694879799 
-8.255335520019013 
-8.242736154572267 
-8.520000658626396 
-7.646593300910848 
-9.00839889958616 
-9.341457413515956 
-9.992971757845119 
-9.864640033784164 
-10.371433308163974 
-9.907072801163729 
-9.635650741179647 
-9.95062393085462 
-10.363376052808125 
-10.564842810667832 
-12.312224900258286 
-11.225112040197944 
-11.814075396792168 
-12.190828186676603 
-11.341750633730593 
-11.014301737983676 
-10.960720957724607 
-11.577767024427892 
-11.668222568784719 
-12.146112657050299 
-11.902788281228585 
-11.625461424025346 
-11.598389747719265 
-11.607702758975947 
-11.578630026374723 
-11.597525231533682 
-11.637094627519078 
-11.655738634454533 
-11.700230350799348 
-12.269640980341462 
-12.259172490069956 
-12.181311348521007 
-12.325945827252838 
-12.37046208276758 
-12.350673566971691 
-12.365513051558077 
-12.490029601993621 
-12.990397584506287 
-13.564653951595723 
-13.453451208319697 
-13.325846454031607 
-13.29523691169296 
-12.95191084059833 
-13.187124551425297 
-13.773809254365421 
-13.72322620796993 
-13.804492645997115 
-13.830196539285264 
-13.778583364217189 
-14.289062755957284 
-14.19374013708395 
-14.099261156198303 
-14.140162443620524 
-14.181756755472298 
-13.751623430482136 
-13.822984012120282 
-13.825275896720647 
-13.515252911185241 
-13.40704365457038 
-13.242549703311447 
-13.241458005428944 
-13.14329396092072 
-13.727066935456932 
-13.922822117646302 
-13.927644202861103 
-13.92895059158309 
-14.060862967830348 
-14.014770916263956 
-13.983427148711316 
-14.1189505156821 
-14.547129592509588 
-14.580680712943206 
-14.563357431652951 
-14.48803176337989 
-14.325354129882111 
-14.326959221675022 
-14.26097439998167 
-14.22357285585141 
-14.232765269685084 
-14.632718637793733 
-14.589971944080677 
-14.860118358692715 
-15.159932829396869 
-14.946724423398667 
-14.654858968555002 
-14.622037424230445 
-14.880020287016801 
-14.901873858004576 
-14.954901125618452 
-15.020904433725962 
-15.416064181430144 
-15.676942876326981 
-15.664616069395215 
-15.57843386150384 
-15.588884892422607 
-15.585376976333754 
-15.572641047228712 
-15.64472283038064 
-13.147876790754191 
-13.893839790250116 
-14.055385973268633 
-14.05183268973715 
-14.0707246707174 
-14.526624672036865 
-14.34900558092 
-14.402183325428098 
-14.782249638648139 
-14.475007879827057 
-14.824372645129735 
-14.819400046506184 
-14.808900516349794 
-14.85493496872324 
-14.995163872139287 
-14.993185968283786 
-14.873471606857937 
-15.429841762143498 
-15.49701664252081 
-15.605633204250033 
-15.596147825540918 
-15.757150820435312 
-15.770147887444283 
-15.492038204325898 
-15.935732078440799 
-15.87608330642434 
-15.646670261812101 
-15.673981522263269 
-15.216029168004834 
-14.786941256761299 
-15.12589078482017 
-12.71842622231241 
-15.502902008947826 
-15.263423631653923 
-15.076583617628266 
-15.037113327292092 
-14.655010296033868 
-15.071178557043236 
-14.874631185084379 
-14.570566968046835 
-14.45624430894911 
-14.271238883236206 
-12.658569006974998 
-13.015059670208602 
-12.997197450571104 
-14.454744632823928 
-12.742086703281904 
-12.922816978416583 
-12.889562728330679 
-13.294192799326384 
-10.347106646386178 
-7.176433492565423 
-8.058986386072137 
-7.624071129673098 
-5.54676246835667 
-5.635727234493292 
-7.090775836357303 
-8.154612008337503 
-8.518797624440769 
-5.983718549205996 
-6.029854806537551 
-6.02776449778935 
-6.194022900217555 
-6.301411626300379 
-6.4582619897260045 
-6.860456713936495 
-6.8533431503419555 
-6.804963172236321 
-7.158053350588319 
-7.104695988144709 
-7.432123613081204 
-7.516798221677012 
-4.29587024948137 
-5.878575256583553 
-5.981439245477183 
-6.562939504233899 
-7.178691069385721 
-6.346560518646379 
-6.191597332147895 
-2.498837671699468 
-3.280450355745424 
-3.9367412420025536 
-3.7015654851934454 
-3.5714659234947113 
-7.5305970147196355 
-7.6565026558178495 
-7.858001397902135 
-7.677455678317446 
-7.676976099488921 
-7.8757381698702424 
-7.82289278733769 
-10.166369107146332 
-10.453420918204657 
-10.264014620636058 
-10.207697319916946 
-9.519142315028288 
-9.532589618087593 
-9.20228932225291 
-7.361928493077078 
-4.223984927020116 
-4.915260432494057 
-5.136275021818921 
-4.128443645071162 
-4.369456384116504 
-4.302770727586403 
-5.300662815828665 
-7.247764149905767 
-8.440253839946479 
-6.46950854166775 
-6.957528824564921 
-7.581775512405236 
-3.4007078691611867 
-3.359654284146192 
-3.0541016258135096 
-3.5447909744765487 
-4.094996270770059 
-5.91165999330847 
-5.882973186291849 
-6.567762284440582 
-6.494681349070111 
-6.105708882721886 
-6.7961629004083495 
-7.257584893142743 
-7.537947864446265 
-7.45369344974543 
-7.536308787780094 
-6.74458283924527 
-7.623865485125626 
-7.059092376360997 
-6.959536576490817 
-6.59881507931086 
-6.517563673544713 
-6.416013485265028 
-5.711379849882813 
-5.925112304715828 
-5.798747906461012 
-6.5557588348690885 
-6.559877069119123 
-6.52651974962947 
-6.237246034454708 
-6.237974893312133 
-5.757274346124047 
-5.7708801723314 
-7.6501462161506515 
-8.103478151689053 
-8.062626511853587 
-8.346312611578133 
-8.259795393726456 
-9.497505166640321 
-9.464561562973467 
-9.029314780654147 
-9.02301741031564 
-8.545524052479182 
-8.5062206684135 
-8.33995240785471 
-8.686803928363961 
-8.688562684207158 
-9.384478189627856 
-9.130268589779707 
-8.288240926162684 
-7.7256231911204996 
-7.161548811813366 
-7.7116487682989545 
-7.408551366538254 
-7.491009561212618 
-7.090608402351154 
-6.622472112890367 
-5.769856867523945 
-7.702776450837731 
-6.3899210720802095 
-7.74517742543443 
-7.504847696032311 
-8.6767565346104 
-8.972634011735794 
-9.688257179480043 
-9.656851583940902 
-9.693113819031531 
-9.599111743537335 
-10.1744126488015 
-10.098966973797534 
-9.08980070725401 
-9.4673084179067 
-9.358664534700143 
-10.225660105080234 
-10.610803368498148 
-10.618039212161447 
-10.717522444739497 
-10.690313006764539 
-11.822309615424219 
-12.098001387441693 
-12.264477669870386 
-12.229166524808507 
-11.118869955290972 
-11.548074969624528 
-9.321930154196647 
-9.06338462287298 
-9.15366295584938 
-8.464747706913089 
-9.669506965656476 
-11.318181488593941 
-11.489689160531388 
-11.463487657445354 
-11.694090755616642 
-12.396909015622043 
-11.249152490770095 
-11.454790128037557 
-11.527994165731311 
-13.338199382455446 
-13.478954202272895 
-13.411849961916097 
-13.453092481311234 
-14.06753736473382 
-15.248281758802088 
-15.078265758690284 
-12.862003257721579 
-12.87803389661719 
-15.836241475250793 
-14.994132796076057 
-15.302359118200865 
-15.300013426893916 
-15.271781020757436 
-15.26430743562297 
-15.29150199089377 
-13.700841519516736 
-11.272597590659863 
-11.00457370130572 
-10.606760175204796 
-10.613401269123818 
-11.6262419714408 
-8.4587754297423 
-10.81066964450421 
-14.253540857157843 
-13.633205547226039 
-13.659831116703948 
-13.617428719582705 
-12.829752041872755 
-15.105554975769598 
-15.105355139135844 
-14.70562158570102 
-14.64674482398857 
-14.374665651485323 
-14.256811699235174 
-15.47386883978636 
-15.570564072811742 
-16.328475015397878 
-16.324389549366604 
-16.2438410189316 
-16.362266923707853 
-17.072574820211443 
-17.058434105563475 
-16.849334585284485 
-16.651241015812943 
-16.448439027975173 
-16.40549690010555 
-16.388901607057235 
-16.36705931220656 
-16.50803707460404 
-16.563341699706093 
-16.49639783427863 
-16.480645364260567 
-17.087878007264354 
-17.00084890206771 
-17.08182783155545 
-16.180005965893603 
-16.192286239175143 
-16.291379438169862 
-16.122155563380034 
-16.141898276424488 
-15.991210319167404 
-15.946220390467317 
-15.972570577484715 
-15.978678989697636 
-15.96279038237785 
-15.757152264834469 
-14.950895097937416 
-14.982509091908154 
-14.328803806302977 
-14.396545416471824 
-14.423480289157956 
-14.440194613329327 
-14.573010767928785 
-14.52071169186657 
-14.497281554293822 
-14.627171021569835 
-14.557770159601368 
-14.28188073777385 
-13.79582188107479 
-13.79004421971737 
-13.771831090522216 
-11.848861777720556 
-12.239258295614375 
-12.751325969318161 
-12.674785063539225 
-12.553895001885422 
-12.439572589203019 
-13.616942377811954 
-13.631023568572946 
-13.500859980254592 
-13.206832592204567 
-13.371539950624646 
-14.174492433054407 
-14.348782643519314 
-14.285010984014198 
-13.335170191582 
-14.190629160045054 
-14.648112377943226 
-14.709345549735874 
-14.739685719791474 
-15.082327394516142 
-15.070963766835243 
-15.309610408932821 
-12.918085567285376 
-12.892436796150538 
-13.22399019019794 
-13.305169571329461 
-13.407756136844318 
-14.054048803407072 
-14.028854276986133 
-14.037849349229084 
-13.843859916263463 

 Time 
76.7435929775238 
