Energy 
 
3.132899243227253 
1.9293370643930379 
-1.0340896593255158 
-1.5428486912077541 
-1.5526904963913692 
-1.5605496646440256 
-1.7319628932202726 
-3.7506826515036282 
-3.7634233063380345 
-3.9656332858365078 
-4.789234182651473 
-5.295047772628944 
-5.304570973089215 
-5.682005223644799 
-5.767062416513476 
-6.415201096111996 
-6.3930119199847875 
-7.031320819297068 
-7.5628779026529465 
-8.18803179048784 
-8.157842429210422 
-8.81089051858027 
-8.772852074945558 
-8.746375981178002 
-8.063221507736147 
-8.131726224100426 
-8.236306192836043 
-8.296247127822559 
-8.121203905734728 
-8.085537933538427 
-8.324709625515112 
-10.04696453968674 
-10.072830409557586 
-10.002073297987401 
-9.997167143240995 
-10.040950882623074 
-11.094351484080558 
-11.087346984035264 
-10.998815126753094 
-10.82693736714149 
-10.90841344004017 
-10.85796659227083 
-11.132118866171385 
-11.357669338188511 
-11.992439726894595 
-12.0879379900899 
-12.077369535065792 
-11.755674886505805 
-11.465102248136702 
-11.815545519109667 
-11.81326104287705 
-11.693794102740638 
-11.759719659517865 
-12.208630015138674 
-12.111514365965505 
-12.054208800310207 
-11.974229950239739 
-12.038112636336322 
-11.657721013708063 
-12.10567289201636 
-12.613802989839295 
-13.201554003670504 
-12.3032337465183 
-12.352489598598984 
-12.635278268660018 
-13.315300000875311 
-13.740166450641604 
-13.377680363505632 
-13.268446091659857 
-13.34338790953916 
-13.140678758936456 
-12.955730441731879 
-13.995539105691382 
-13.182109013227146 
-13.162269650372084 
-13.004652556364377 
-12.96236859682363 
-13.340870006395239 
-14.457098394561804 
-14.320626112723707 
-14.3675889936293 
-14.202552438912278 
-14.214316508021463 
-14.387047470905259 
-14.498351670360442 
-14.731772537146027 
-15.035197569784863 
-15.015829668103741 
-15.003305148529098 
-15.535342373203918 
-15.535241131489615 
-14.92414554723433 
-14.84038962289112 
-14.939322859832492 
-15.070116232824184 
-15.024815658117298 
-15.164496209235866 
-14.745608453275677 
-12.33000489493743 
-12.329318562272876 
-15.382387555958989 
-15.503988409635515 
-15.619302483861471 
-15.659903170414704 
-15.766354707563032 
-15.601234778486765 
-15.574749011027778 
-15.362178844635062 
-15.553276521809702 
-14.459895039790592 
-14.642982174164944 
-14.68707863789413 
-14.69538108189926 
-14.610934018021334 
-14.482554412872513 
-14.31896488819438 
-14.471235428950731 
-14.747399386482966 
-14.747912779796897 
-13.037969766002874 
-13.304869740250659 
-13.32459688798252 
-13.350075559052932 
-14.22775239536324 
-14.956854124912669 
-14.805814404148453 
-14.88661376040288 
-15.002114071867197 
-12.63685587489483 
-13.070171279845148 
-13.089975842065884 
-12.918654598544666 
-14.047103953479462 
-13.447870742506487 
-13.442706357783521 
-13.70255097839029 
-13.724422707778075 
-13.184900606608506 
-13.079711931145775 
-13.148162406645996 
-12.520428718367906 
-12.270159023184252 
-12.51533440448685 
-12.490301374866535 
-2.325744875559125 
-5.987041876322642 
-5.971079969740274 
-6.879475799805938 
-6.763480627122953 
-7.515364918351008 
-7.295744932610986 
-7.3922431527828145 
-7.429833346167333 
-7.759381324840405 
-7.743251565371422 
-8.23638979767694 
-8.522724066328667 
-8.105615701133548 
-7.717647501934404 
-8.595044310733318 
-8.453406849427813 
-8.444806737305592 
-8.545163132654219 
-9.23464525438011 
-9.162620307927893 
-9.17340861570019 
-10.601842716637956 
-11.089401031347185 
-10.575671493916063 
-12.530400237650927 
-12.6110089227503 
-12.68483835794961 
-12.557356929183127 
-12.435405844771548 
-12.549563014121741 
-12.626240649275493 
-12.467537328120482 
-13.988500185960305 
-5.648972364285168 
-5.890069311813403 
-5.681450398585751 
-5.725635029151559 
-5.939676575038198 
-7.749694323070532 
-8.119946620054229 
-8.190580232688122 
-9.199691079819239 
-9.282953232349291 
-9.238464912456903 
-9.697323345453288 
-9.692391509753252 
-1.175964528941544 
-4.1593588657790175 
-4.411915138789726 
-4.44821643641828 
-4.881897108800023 
-4.902917910881987 
-5.011324790261803 
-5.658426158464091 
-7.103992924189438 
-7.423200007896013 
-7.784274327126141 
-7.5909849953763375 
-10.894031310702298 
-9.773212177513834 
-10.67648433549098 
-10.709543985292731 
-9.018272389333575 
-9.216970968367797 
-8.637333565590591 
-8.742784464696344 
-8.81590265881335 
-9.510009973764216 
-9.828792589212508 
-10.06694733916865 
-9.959722319244339 
-9.673281757028647 
-10.06246864161676 
-11.16427107311568 
-11.857861785028966 
-12.842249754375807 
-12.803059618849074 
-12.68059370901018 
-11.051017911698967 
-11.175367744398509 
-10.759945952792005 
-11.962297163919411 
-12.028460601513041 
-12.021051008957567 
-13.499357580676122 
-13.272274839022689 
-12.869761623053906 
-12.968773343143202 
-14.342607721007107 
-14.40857229758556 
-14.431596129849702 
-14.633782704459477 
-14.482577184092763 
-14.802583107266473 
-14.82452884376763 
-14.798884934479812 
-14.79081551638568 
-14.789195171946695 
-14.864302275589683 
-14.940258333078972 
-14.943246077434562 
-15.263538180516846 
-15.260331598350273 
-15.14353427774695 
-15.13031641425287 
-13.785877251331241 
-13.729764498498373 
-13.837311108765102 
-13.726853762553365 
-12.815359080639153 
-13.224904275707907 
-10.483540735261753 
-10.517280874758107 
-10.668669948544721 
-10.607644354049695 
-10.616569316199046 
-10.141437564748886 
-10.855950494284276 
-11.846973428287926 
-9.62511864195154 
-9.890122011856077 
-10.073528541073085 
-9.137198990335246 
-10.149179572121568 
-10.326311491559277 
-10.184000060723882 
-10.29505590102182 
-10.243383022462023 
-11.147112204238713 
-10.92862639801534 
-10.185790036434586 
-9.509369577089679 
-9.680202709858996 
-11.090953865411802 
-11.213085403113592 
-10.684597711311428 
-10.909766682565582 
-10.856225228999167 
-10.895522452513813 
-10.87483470980653 
-8.185120346479186 
-8.388927741614086 
-8.207778675769134 
-6.7258797982767335 
-6.84793677746565 
-8.671805152125708 
-9.518225139657188 
-9.385386091189655 
-9.306859078341567 
-9.582933617360215 
-10.696288209381073 
-12.15170227884319 
-12.167989450403038 
-12.243431130524105 
-12.573460724398926 
-12.539476347978411 
-12.546075682429182 
-12.587002694009515 
-13.752013023206628 
-12.989562704507037 
-11.998459681293419 
-12.285044912299218 
-12.660773495109085 
-12.601383134863317 
-12.285862178472732 
-12.416071307491915 
-12.371317429234539 
-12.68092785481297 
-12.899011762507934 
-13.125180634829492 
-12.838232270296704 
-12.613300280509087 
-12.405457381382487 
-12.33149820287997 
-12.356910829386532 
-12.98616786118247 
-14.294039266042626 
-13.243316872960813 
-14.126504058049976 
-13.879343235045798 
-13.38057545856082 
-13.826398567188694 
-13.858618298199328 
-13.844235714580291 
-13.860262654050086 
-13.833643072384652 
-13.489009055724004 
-13.52363100534739 
-13.353864777669768 
-13.320702323242008 
-14.037339619615276 
-14.029909745790036 
-13.895739270718439 
-13.79108268393332 
-13.797712029353413 
-13.876534540028663 
-13.184371935371658 
-13.204024163124863 
-13.16736944389136 
-12.610429847097604 
-12.546173892453723 
-12.551025482446807 
-12.585051760136857 
-12.527545599024721 
-12.528315061803937 
-12.563183492264812 
-12.56954908341638 
-12.361223489208497 
-12.408187478975712 
-12.437887366303984 
-12.258733023386814 
-10.22607009006991 
-9.154600246155075 
-9.716376090867527 
-10.125198397823898 
-9.47088456834486 
-10.161307003361587 
-9.101105001066205 
-11.641436295722146 
-9.545809976806972 
-11.368090830004624 
-11.385965514978166 
-11.462557668863646 
-10.761744457677352 
-10.847914262843906 
-10.918116979849568 
-10.436722021145277 
-9.430161855576333 
-9.340368736820075 
-9.338879805290611 
-9.602314709469963 
-9.732248338031475 
-10.59453287971259 
-10.605210703744287 
-10.717922092936504 
-10.861116564227682 
-11.789260096103552 
-11.797253818825261 
-11.813532370983166 
-11.81863671949394 
-11.411177708545777 
-11.379539617975013 
-11.41744896963372 
-11.420816304874645 
-11.387221588163165 
-11.298826578118753 
-11.263003852447756 
-11.074252550786404 
-11.00787089850649 
-10.88783766909727 
-10.67780141817031 
-10.47326316737709 
-10.693771266952975 
-10.787975259327252 
-10.97191892564141 
-11.111213169122598 
-11.31090874393 
-11.333721516605575 
-11.755355571695222 
-12.074119746742573 
-12.109996921701157 
-12.034986623679803 
-12.498574990501423 
-12.354793389681529 
-12.44419546565836 
-12.43197332339419 
-12.475925755961583 
-12.514971954768635 
-12.955238135133975 
-12.958824331730035 
-13.173200199105098 
-12.956635354737442 
-13.059493620857527 
-13.122030519439946 
-13.277783538899492 
-13.76075325105769 
-13.650970191830373 
-13.679276026811232 
-13.680496483347243 
-13.454313941906047 
-13.643914184773212 
-14.132328664621632 
-14.090547950843757 
-14.30693419578429 
-14.30307308002983 
-13.800011402918821 
-13.7515231069508 
-13.550001679740216 
-13.993232014160101 
-13.733249351141591 
-13.665757234496985 
-13.634973317979409 
-13.566253295875718 
-13.578842606291994 
-13.586679416283465 
-13.571112570724567 
-13.569411319470301 
-13.562728172084022 
-13.317370617139323 
-13.144322263598735 
-13.11104261626069 
-13.01023598821922 
-13.333213059457842 
-13.378942783289252 
-13.26169947881907 
-13.243620693217423 
-14.060122214105025 
-13.939480332802738 
-14.381116049523754 
-12.616339005812767 
-12.826584926439027 
-13.108238350164228 
-13.104195001926731 
-13.11174055835056 
-13.630575230950432 
-13.860646526830363 
-13.759771802186481 
-13.823972034958597 
-13.956264544288988 
-14.33179858954416 
-14.341789863548186 
-14.008497715691238 
-14.264962060589848 
-14.273226353927434 
-14.41689750963181 
-14.095770822051543 
-14.269616259314411 
-14.343852839020943 
-14.423322787595295 
-14.302387687866482 
-14.318752845034538 
-14.208624401124597 
-14.437661356018825 
-14.225001643478123 
-13.806465217735155 
-13.812018550135958 
-14.080594614455881 
-14.098336939196955 
-14.055870430494982 
-14.391722005058076 
-16.15892570529887 
-16.17495751863593 
-16.364811266027537 
-16.35445152439398 
-16.35947471537941 
-16.359977811442914 
-16.10624984056067 
-16.39357820192295 
-15.864070561410937 
-15.162118160230602 
-15.976124530568754 
-15.976088537086268 
-15.88593573719011 
-15.924220382037907 
-15.997571845885355 

 Time 
56.398449182510376 
