Energy 
 
3.8998005448887016 
2.746739958173649 
1.0458981299544678 
-0.8667320898101566 
-2.6126949808659843 
-4.353604223869072 
-5.815309914789475 
-7.220753356383366 
-8.392155076256463 
-9.437292582383014 
-10.435690494896289 
-11.255069744573465 
-11.937133284234395 
-12.550651638342197 
-13.08988650638468 
-13.585329381407904 
-14.06538639865893 
-14.504227566823916 
-15.045309172293319 
-15.536753597548877 
-15.944090183652541 
-16.39635682666445 
-16.80087377028645 
-17.172579975807782 
-17.507715884823114 
-17.907517109115155 
-18.268568569953665 
-18.631679747200177 
-18.934298868460726 
-19.205277674111596 
-19.44247822613581 
-18.985202976358554 
-19.385566041013853 
-19.80174335250381 
-20.114803443205314 
-20.366699010163607 
-20.583444997403916 
-19.959930130092072 
-20.117004725441745 
-21.150621936043933 
-21.29431397913065 
-21.40592882960108 
-21.432640367186764 
-21.24441934523127 
-21.68734961364307 
-21.835017343119066 
-21.933625822450637 
-22.023961904241208 
-22.10992692246351 
-22.195792258439756 
-22.275807902505342 
-22.35368486890242 
-22.43805595482618 
-22.502953518372514 
-22.583128258424743 
-22.65527854510863 
-22.72950919144182 
-22.801261751237767 
-22.869030318091628 
-22.93395366192927 
-22.99868722951287 
-23.06114753153908 
-23.119635290444343 
-23.175156653497908 
-23.22904262140118 
-23.252545934124743 
-23.271048628862626 
-23.386859953982334 
-23.438655308463446 
-23.488108998495054 
-23.53674132053424 
-23.583948133295788 
-23.629767897734265 
-23.6749374056765 
-23.717192339143473 
-23.758551918138107 
-23.798633255967676 
-23.826723064894395 
-23.857432500393234 
-23.892358637692123 
-23.92655463263925 
-23.94705646303321 
-23.973074536539055 
-23.936340530832105 
-24.020580082367896 
-24.081935986406847 
-24.115236902309025 
-24.143571049480823 
-24.16891357043013 
-24.169315988358445 
-24.203683974534503 
-24.22831365671151 
-24.246858272897484 
-24.227834865720176 
-24.30806926494219 
-24.335597714734146 
-24.359286367905693 
-24.381798652507836 
-24.403266085328244 
-24.422394778251665 
-24.442379243233454 
-24.46141830289213 
-24.478970145661922 
-24.495672595873376 
-24.515437544387414 
-24.53439684808433 
-24.541942995744552 
-24.498038897714306 
-24.577173002060743 
-24.60028984126488 
-24.614867833710633 
-24.604639707324317 
-24.639190030052085 
-24.655747178429877 
-24.669292349787302 
-24.681438631051652 
-24.69306064803608 
-24.695660097265666 
-24.703373031815243 
-24.706533111015315 
-24.732943064313808 
-24.747544304801075 
-24.758253996043596 
-24.76864810181987 
-24.776822618568243 
-24.78449176702518 
-24.793249720375066 
-24.80337026270022 
-24.814034701424333 
-24.824311066291614 
-24.833149212065756 
-24.84190636804412 
-24.85065874027358 
-24.859333403384465 
-24.867754828983447 
-24.876197329353044 
-24.88458277973319 
-24.892831371012157 
-24.90095965798178 
-24.909239266826113 
-24.917290747262253 
-24.925186270357543 
-24.93292586673754 
-24.940535177800836 
-24.948033964654496 
-24.955436713922772 
-24.962666903950645 
-24.969772042739898 
-24.976935551185303 
-24.9837459669434 
-24.990363085266566 
-24.99729713368165 
-25.004059298920925 
-25.010895072435815 
-25.017549918263175 
-25.024020916294536 
-25.03035490893157 
-25.03654053000351 
-25.042612060517843 
-25.048479651371952 
-25.054111693045684 
-25.059603769249023 
-25.064964995472668 
-25.070213806947383 
-25.075458437263475 
-25.080612668305083 
-25.08562525040685 
-25.09050587617372 
-25.095271215690737 
-25.099942023361223 
-25.10449765589656 
-25.10897573755571 
-25.113376103986635 
-25.117735266790383 
-25.121991437439142 
-25.12621593980604 
-25.130302578384807 
-25.134306523387842 
-25.13821229434842 
-25.142072794203433 
-25.145866353446927 
-25.14960186227147 
-25.153290246353343 
-25.15691064547851 
-25.160480177513996 
-25.163999119197133 
-25.167532196825547 
-25.17100407953033 
-25.17439336970602 
-25.177724103418164 
-25.181049065220563 
-25.184320258006974 
-25.187600110995152 
-25.190801064758634 
-25.193946771487546 
-25.197045836378656 
-25.20009260820924 
-25.203133145333677 
-25.20611358509987 
-25.209045453606315 
-25.21193127090928 
-25.214785846110345 
-25.217626926811846 
-25.220441345121255 
-25.223221110946184 
-25.225948364891146 
-25.228633676439898 
-25.231268964893946 
-25.233870237393745 
-25.236427321642644 
-25.238950913512237 
-25.241434305041434 
-25.24373507323574 
-25.24521276190888 
-25.245864815977406 
-25.2459612257131 
-25.250779781704342 
-25.25482395286184 
-25.257282708559586 
-25.259464896021292 
-25.26160974200959 
-25.263820708418343 
-25.265964141483646 
-25.268070971045496 
-25.270133264560805 
-25.272155936961326 
-25.274134631688142 
-25.276077191610963 
-25.277983610982876 
-25.27985582248143 
-25.28170258037457 
-25.283490074026027 
-25.28523576763591 
-25.286947533332174 
-25.2886275934734 
-25.290281513456893 
-25.29190456884095 
-25.293488693919745 
-25.295046161396748 
-25.296567240671514 
-25.298051278515516 
-25.299506391510466 
-25.30093692997478 
-25.302339402093246 
-25.303718429729432 
-25.305071600513244 
-25.306399940376654 
-25.307716645817475 
-25.309007724264017 
-25.30959605813942 
-25.31156744604618 
-25.312827673595294 
-25.314050107073225 
-25.315259472705716 
-25.31643512640185 
-25.317579193625832 
-25.318701008320552 
-25.31980483184774 
-25.320897228085673 
-25.321960662146182 
-25.32300596350231 
-25.324061566568044 
-25.325092486752876 
-25.32610046004887 
-25.327083596025453 
-25.32806531558093 
-25.329019117875212 
-25.329951027098172 
-25.33086347734951 
-25.331756551765228 
-25.332626309159522 
-25.333475225753237 
-25.33431170796262 
-25.335109042545167 
-25.335888007915376 
-25.33664803257022 
-25.337395233846788 
-25.33813046876656 
-25.338849776959215 
-25.33955232238336 
-25.34023258218458 
-25.34089904094529 
-25.341552029136636 
-25.34219958345932 
-25.342831393214002 
-25.343449799298035 
-25.34405069663446 
-25.344632738449043 
-25.345203686932468 
-25.345765112863507 
-25.346313266565215 
-25.34685061024683 
-25.347376770763333 
-25.347890713264746 
-25.348395358777882 
-25.348905707756575 
-25.34940426444414 
-25.34989405065738 
-25.350375146715834 
-25.350845849120486 
-25.351307653447545 
-25.351760005918727 
-25.35220220632561 
-25.352633614306853 
-25.35305629614512 
-25.35346852003542 
-25.35387214595233 
-25.35426746840995 
-25.354654718504225 
-25.355032959232286 
-25.35540230345701 
-25.355762334205817 
-25.356114921927002 
-25.356459654082542 
-25.35679698242754 
-25.357127490548375 
-25.35745039173425 
-25.35776603068964 
-25.358074396988457 
-25.358376468341653 
-25.3586714990085 
-25.358960848296945 
-25.35924114822187 
-25.35951324561876 
-25.359779755852426 
-25.360041188252612 
-25.360297385948044 
-25.36054895613493 
-25.360795596649144 
-25.36103776975998 
-25.361274584022038 
-25.36150536112571 
-25.361730417889422 
-25.361949538242285 
-25.362164349718526 
-25.362374910079993 
-25.36258160073481 
-25.36278418565581 
-25.362983606007983 
-25.36317918899818 
-25.36336979600125 
-25.363555909391827 
-25.363738863941357 
-25.363918314696964 
-25.364093465566775 
-25.364265422548534 
-25.36443399077838 
-25.36459936802731 
-25.36476118413292 
-25.364919940129077 
-25.365075320648614 
-25.365226318339694 
-25.365374391880064 
-25.365519619533327 
-25.365662588208696 
-25.365802715135715 
-25.365940877312756 
-25.366077878797007 
-25.366211659303456 
-25.36634295520179 
-25.366471810766917 
-25.366597821840855 
-25.366721410985495 
-25.366838847382024 
-25.366953978896515 
-25.367067171239412 
-25.367178563793733 
-25.36728749172774 
-25.36739424696964 
-25.367498839428357 
-25.367601339667026 
-25.36770201185763 
-25.367800476533912 
-25.36789872826255 
-25.367994872154483 
-25.36808754429981 
-25.36817838467542 
-25.368267494245732 
-25.36835489608354 
-25.36844065912055 
-25.36852526621097 
-25.36860815832782 
-25.368689265469104 
-25.36876867254456 
-25.36884671713382 
-25.36892414569287 
-25.368998914066044 
-25.369073032372775 
-25.369145782074483 
-25.369217113473464 
-25.36928706412231 
-25.369355641429983 
-25.36942288834861 
-25.369488579338867 
-25.369552985818732 
-25.369616229939545 
-25.369679148443605 
-25.36974140580972 
-25.369802448870097 
-25.369862366545895 
-25.36992106841066 
-25.369978912512337 
-25.37003570533397 
-25.370091328020724 
-25.37014579394717 
-25.370199216223888 
-25.370251573658102 
-25.370303182196547 
-25.370353785461155 
-25.370403381188527 
-25.370452250903927 
-25.37050010698776 
-25.370546998395064 
-25.37059277395747 
-25.370637354116088 
-25.370681038012233 
-25.370723574471768 
-25.37076592704192 
-25.370807225018634 
-25.37084777544023 
-25.37088748054731 
-25.370926317046816 
-25.37096383886066 
-25.371000592747617 
-25.371036570504238 
-25.37107190301669 
-25.371104792665424 
-25.3711369655952 
-25.371168416300137 
-25.37119926224262 
-25.371229499977886 
-25.37125918781322 
-25.371287834957126 
-25.371315956301054 
-25.371343668374177 
-25.37137138186936 
-25.37139855860586 
-25.37142526118504 
-25.37145140778432 
-25.371477057381455 
-25.37150218965557 
-25.37152682260494 
-25.37155107064474 
-25.371574777750453 
-25.371598041404148 
-25.371620971253805 
-25.37164347023799 
-25.37166509406188 
-25.37168629766309 
-25.371707041709907 
-25.371727405004297 
-25.37174749559464 
-25.371767132387888 
-25.37178639589571 
-25.37180527959982 
-25.37182381265519 
-25.371842000815477 
-25.37185984103429 
-25.37187743564232 
-25.371894608623876 
-25.371911471476256 
-25.37192803503071 
-25.371943931080622 
-25.371959544292622 
-25.371974984935363 
-25.37199013782378 
-25.37200500091706 
-25.37201960117784 
-25.37203394033191 
-25.37204802544333 
-25.372061880576357 
-25.37207551533326 
-25.37208891681232 
-25.372102091821628 
-25.372115028153534 
-25.37212773337185 
-25.37214022799575 
-25.372152487057708 
-25.372164528096725 
-25.372176342634493 
-25.37218795379203 
-25.372199364258602 
-25.372210564472088 
-25.372221567349587 
-25.372232376463952 
-25.372243005262035 
-25.372253410136572 
-25.37226370750966 
-25.37227382459587 
-25.372283700143196 
-25.372293414514967 
-25.372302960311416 
-25.37231236198326 
-25.372321593408987 
-25.37233066321105 
-25.372339529601586 
-25.372348239185587 
-25.372356663075617 
-25.37236495473676 
-25.37237312568381 

 Time 
374.93111515045166 
