Energy 
 
-0.3013136220446028 
-0.3000624555281387 
-0.3062998787185785 
-0.30627189947637024 
-0.426285427260266 
-0.9052980493526659 
-0.906237701114505 
-1.8917638109191042 
-2.697520557122358 
-2.772967687925984 
-2.844506365105213 
-2.834081289207585 
-3.360684638851742 
-4.276536380565356 
-4.264950003045272 
-4.514365824142074 
-4.833679825223874 
-4.910661873179745 
-4.874438126354678 
-4.88589724029547 
-5.0878914186076685 
-5.093142368225121 
-5.097970165805147 
-5.085721351496474 
-5.209848500726995 
-5.243193872409726 
-5.250175608502037 
-5.231234061448751 
-5.326686001787829 
-5.426137497295084 
-5.384255043539648 
-5.346397904348311 
-5.387576627373633 
-5.468942233610888 
-5.852926112773305 
-5.8851405503872085 
-5.7885591023577225 
-5.764555856965977 
-5.787312444866552 
-6.387625810486832 
-6.5882734862363295 
-6.760550499636975 
-6.733719558055332 
-6.888921528218285 
-6.940984506875099 
-6.9402104529889375 
-6.930867962261502 
-6.91940329276993 
-6.904342636475324 
-6.923651562822463 
-6.922272421409631 
-6.964442700713506 
-7.090706987705824 
-7.067614638150237 
-7.067690080242949 
-7.1573876831884515 
-7.227545094422039 
-7.31915677426961 
-7.4417654135729725 
-7.4401979092147466 
-7.611253763990471 
-7.612281261095588 
-7.615601618109451 
-7.647681952328374 
-7.648464303368066 
-7.724588267960955 
-7.756163817232076 
-7.766995481320165 
-7.757850627786322 
-7.757613592197788 
-7.8399520358213985 
-7.847522602569888 
-7.8532074673956 
-8.021086109226957 
-8.067184179510628 
-8.070323734730414 
-8.094485915657858 
-8.097644958392532 
-8.141149140769375 
-8.14248082059927 
-8.1656048369136 
-8.21321824679508 
-8.212970934525154 
-8.243835343713616 
-8.271842411311765 
-8.27051304321737 
-8.270356724936892 
-8.272321865505395 
-8.429331034619457 
-8.54857410713757 
-8.549987916585339 
-8.550855443294154 
-8.550580519024344 
-8.583492565307083 
-8.595147158266952 
-8.628652345877695 
-8.644214473802435 
-8.648120245443907 
-8.652321112297475 
-8.663541155801054 
-8.682582808278767 
-8.690273619245382 
-8.703561638323924 
-8.705132078267134 
-8.743151975608956 
-8.743285510624341 
-8.75249435481658 
-8.754060236278564 
-8.754106457063179 
-8.755991887217487 
-8.758293140420824 
-8.758663006560006 
-8.766020881504602 
-8.765787840790038 
-8.76561237857083 
-8.7763872390398 
-8.784598526987622 
-8.788194501632175 
-8.793868258175053 
-8.793927789609858 
-8.794896286432333 
-8.797175747695235 
-8.798617620128073 
-8.805098504733554 
-8.81350744756351 
-8.81334303074054 
-8.814653228330306 
-8.816227953462963 
-8.829891041175749 
-8.83136518986563 
-8.831337857536846 
-8.83165776624244 
-8.831768078144712 
-8.832471676268966 
-8.835156190679452 
-8.836347051920868 
-8.836888724995646 
-8.83691614295688 
-8.838012176781692 
-8.838336569814157 
-8.839200670725177 
-8.839234122909982 
-8.83923446137559 
-8.839644902430559 
-8.839672622238975 
-8.840135123122332 
-8.84036556273379 
-8.840393078285596 
-8.840852218165018 
-8.84104223772021 
-8.841067966125303 
-8.841119780362265 
-8.841217144760789 
-8.841373063722639 
-8.842395485502433 
-8.84240099929091 
-8.84242085016165 
-8.842770716576462 
-8.842868974962318 
-8.842877950994472 
-8.84343348583802 
-8.843505901232957 
-8.84351073692755 
-8.843558302292195 
-8.843801005499435 
-8.843806751290579 
-8.843810946930015 
-8.843836068635582 
-8.843836085090606 
-8.843862105678046 
-8.843924582058678 
-8.843929762328033 
-8.843999151543818 
-8.844022510289252 
-8.844027660628328 
-8.844064806619887 
-8.844065508313328 
-8.84407081815222 
-8.844074075038835 
-8.844074352286768 
-8.844073901112168 
-8.844078145796672 
-8.844090392464011 
-8.844106974588696 
-8.844111514623698 
-8.844111309549708 
-8.844111569244333 
-8.844116086026792 
-8.844156231418674 
-8.844177978006003 
-8.844179856828822 
-8.844188826799638 
-8.844201860453015 
-8.844208020723372 
-8.84421067086881 
-8.84421130736246 
-8.844211440632863 
-8.844211478018993 
-8.844212286929123 
-8.844212307644174 
-8.844213501674602 
-8.844214134960511 
-8.84421462138521 
-8.844214704150184 
-8.844215275178275 
-8.84421568815737 
-8.844215683345483 
-8.84421572551755 
-8.844220929554883 
-8.844220934378306 
-8.844221145800796 
-8.844221752603621 
-8.844222039780469 
-8.844224148396181 
-8.84422419885265 
-8.844224199090624 
-8.844224598442041 
-8.84422462859339 
-8.844225206680212 
-8.8442254475018 
-8.844225458668312 
-8.8442255549187 
-8.844225609480231 
-8.844225792119659 
-8.844225754209642 
-8.844225817441185 
-8.844225815900325 
-8.844225819107447 
-8.844225947284905 
-8.844226031373426 
-8.84422603155008 
-8.844226168630396 
-8.844226171938951 
-8.844226205374971 
-8.844226213483074 
-8.844226194988874 
-8.844226405520718 
-8.844226546960433 
-8.844226551793373 
-8.844226612744611 
-8.844226612041936 
-8.844226733537695 
-8.844226776905662 
-8.844226779147805 
-8.844226783949573 
-8.844226828617927 
-8.844226902177198 
-8.84422690195542 
-8.844227008517759 
-8.844227009727295 
-8.844227013795331 
-8.844227014772876 
-8.844227006440349 
-8.84422700253048 
-8.84422701049155 
-8.844227046392488 
-8.844227155440967 
-8.844227167877492 
-8.844227191375099 
-8.844227193344462 
-8.84422722446647 
-8.844227264551652 
-8.844227264207216 
-8.844227264387472 
-8.84422726561494 
-8.84422727694886 
-8.84422729633294 
-8.844227295739499 
-8.844227298895715 
-8.84422729955931 
-8.844227301181364 
-8.844227305894313 
-8.844227307376384 
-8.84422735541054 
-8.84422742155633 
-8.844227448207901 
-8.844227478271495 
-8.844227579988772 
-8.844227607737627 
-8.844227607084015 
-8.844227607127223 
-8.84422760709065 
-8.844227604378641 
-8.844227616687839 
-8.84422763106883 
-8.844227662387956 
-8.84422766859909 
-8.844227671719224 
-8.844227672445044 
-8.84422767280246 
-8.84422768343498 
-8.844227686100012 
-8.844227684639247 
-8.844227684387166 
-8.844227711286049 
-8.844227754952854 
-8.844227756214089 
-8.844227763236924 
-8.844227765043 
-8.844227775236856 
-8.844227775438918 
-8.844227777786578 
-8.844227777421981 
-8.844227779001194 
-8.844227789894468 
-8.844227790167398 
-8.84422781032238 
-8.844227817913765 
-8.844227823383045 
-8.844227831641428 
-8.844227858059696 
-8.844227897594655 
-8.844227893274105 
-8.844227893089718 
-8.844227892309084 
-8.844227900555913 
-8.844227903161237 
-8.844227910766667 
-8.844227910170344 
-8.84422791029152 
-8.844227910249833 
-8.844227911746211 
-8.844227911566623 
-8.844227900284881 
-8.844227904384438 
-8.844227917696614 
-8.844227979582584 
-8.844227977873615 
-8.844227984632823 
-8.844227985379696 
-8.844228011793819 
-8.844228030068244 
-8.84422802664132 
-8.844228028161092 
-8.844228045695074 
-8.844228045858383 
-8.844228067445457 
-8.844228065291212 
-8.844228066257667 
-8.844228061837024 
-8.844228076697341 
-8.844228076695215 
-8.844228070646277 
-8.84422806552683 
-8.8442280785106 
-8.844228092974229 
-8.844228132248972 
-8.844228130681927 
-8.844228139929912 
-8.844228139931316 
-8.844228139358723 
-8.844228152559703 
-8.844228164197704 
-8.844228165810671 
-8.844228164279263 
-8.844228178813843 
-8.844228169920925 
-8.844228178142977 
-8.84422818910339 
-8.844228189793728 
-8.844228191595938 
-8.844228218265085 
-8.84422822753579 
-8.844228245145851 
-8.84422824606891 
-8.84422824616797 
-8.84422823782836 
-8.84422823789382 
-8.844228243037039 
-8.844228241025323 
-8.84422823514611 
-8.844228256691382 
-8.844228262083815 
-8.844228262179408 
-8.844228262369068 
-8.844228314925626 
-8.844228318461116 
-8.844228334939896 
-8.844228334573355 
-8.844228334740757 
-8.844228331582523 
-8.844228325785632 
-8.844228327478989 
-8.844228323002952 
-8.844228337699203 
-8.844228396177023 
-8.844228394785313 
-8.844228394297213 
-8.84422839370655 
-8.844228412433418 
-8.844228414392806 
-8.844228412596012 
-8.844228413714319 
-8.844228415266892 
-8.844228414449448 
-8.84422841350165 
-8.844228414138462 
-8.844228420004175 
-8.844228440663713 
-8.844228451599315 
-8.844228455510397 
-8.844228455452047 
-8.844228456860128 
-8.844228457016424 
-8.844228459942071 
-8.844228461088488 
-8.844228461732206 
-8.844228474091635 
-8.844228485653051 
-8.844228489469362 
-8.844228490544628 
-8.844228516951972 
-8.84422852115651 
-8.8442285247106 
-8.844228535661173 
-8.84422853813564 
-8.844228538297378 
-8.844228541388306 
-8.844228544613234 
-8.844228546895717 
-8.84422856127766 
-8.844228562021216 
-8.844228570219272 
-8.844228573985648 
-8.844228580944897 
-8.844228597399878 
-8.84422859931584 
-8.844228621227987 
-8.844228620110421 
-8.844228617212934 
-8.844228621630615 
-8.844228623577331 
-8.844228626762225 
-8.84422863261696 
-8.844228631661831 
-8.844228639948884 
-8.844228641975956 
-8.844228642030904 
-8.844228642744028 
-8.844228651137131 
-8.84422865370817 
-8.844228655141706 
-8.844228659254403 
-8.844228658800532 
-8.844228659252487 
-8.844228657323304 
-8.844228649357811 
-8.8442286495057 
-8.844228652778488 
-8.844228652685947 
-8.844228679170802 
-8.84422868380275 
-8.844228679186195 
-8.84422866977711 
-8.844228669501131 
-8.84422866943464 
-8.844228684907494 
-8.844228687522723 
-8.844228690229572 
-8.844228696141332 
-8.844228717110568 
-8.844228716433303 
-8.844228711999863 
-8.844228711801284 
-8.844228711096813 
-8.844228753746581 
-8.844228770208202 
-8.844228769402305 
-8.84422876415352 
-8.844228762670962 
-8.844228779607427 
-8.844228779062927 
-8.844228779892662 
-8.844228784980979 
-8.844228793077725 
-8.844228794733793 
-8.844228796046098 
-8.84422881173287 
-8.844228818480275 
-8.844228818808974 
-8.844228845837192 
-8.844228836474691 
-8.84422884679262 
-8.844228848067953 
-8.844228845532255 
-8.844228864747011 
-8.844228866315676 
-8.844228866329686 
-8.844228865994575 
-8.84422887445165 
-8.844228908230152 
-8.844228909080755 
-8.844228908165428 
-8.84422891566584 
-8.84422891584567 
-8.844228924723256 
-8.844228937231568 
-8.84422893691917 
-8.844228939202472 
-8.844228960545667 

 Time 
43.249470949172974 
