Energy 
 
2.6208494160309734 
2.5805267088198036 
1.638366216557385 
1.2480891081878838 
1.2214564279245874 
0.7229754599140101 
0.649490837142562 
-0.8423851033608082 
-1.8368656540311625 
-1.8194700956621932 
-0.6409845901407387 
-1.558110297580036 
-2.8081485050057973 
-3.218994375732752 
-3.212901921333322 
-3.4586221519590854 
-2.4254686487579735 
-3.6589209913353975 
-3.826090140479954 
-3.9428603124455193 
-3.836645039716281 
-4.174307087565803 
-4.3789585818793535 
-5.13878135169294 
-5.771329724107201 
-6.209441169620716 
-6.072374185657342 
-6.086751066439567 
-6.65760528568209 
-6.706080212639875 
-7.0268620927992975 
-7.011108221727197 
-7.138406709483724 
-7.1895521218345015 
-7.278032490148587 
-7.351715369290259 
-8.384098993759123 
-8.364224470399211 
-8.35316729541534 
-10.646420584300794 
-10.725655215868887 
-10.789897511825842 
-10.959000482501665 
-11.095577169771753 
-11.13262837324091 
-11.351013372404841 
-11.329910559421892 
-11.608290958283916 
-11.594919775583975 
-11.49169353188235 
-11.423753313698425 
-11.631564920836272 
-11.567378669678776 
-11.520171309998572 
-11.588672934624594 
-11.7371238377249 
-11.564630036355805 
-12.120706828065758 
-12.083640838803738 
-12.144455839092547 
-12.16496775206546 
-12.159118378539228 
-12.202185554323473 
-12.196849917093843 
-12.388252643920108 
-12.418106251099834 
-12.42548889793281 
-12.48852999425359 
-12.493401278543443 
-12.435998199808049 
-12.482470623476285 
-12.526221471406823 
-12.756151445666402 
-13.132274481906599 
-13.171966361819797 
-13.238437401312892 
-13.235809898298038 
-13.226613197596102 
-13.273829380110868 
-13.268523084558163 
-13.2559660066328 
-13.251053672695903 
-13.263721470088115 
-13.263820226648283 
-13.30634075736871 
-13.306164687154414 
-13.31204996347193 
-13.312575296311673 
-13.324673395394393 
-13.306328932224318 
-13.307965431806606 
-13.301225235355009 
-13.180044106304956 
-13.187998669435236 
-13.194376341329265 
-13.428196879753123 
-13.426382808448041 
-13.436775493353075 
-13.43732263979273 
-13.476320684005877 
-13.478732015811783 
-13.563807603830245 
-13.553237132969151 
-13.553969562209705 
-13.541030994160444 
-13.63161280832947 
-13.770230451484922 
-13.76524497552252 
-13.809263053242162 
-13.804608913346494 
-13.815259760740917 
-13.794951910437415 
-13.799993318491936 
-13.791002135319236 
-13.8128338822732 
-13.812275677241141 
-13.812176075752237 
-13.830443253748578 
-13.855856908791004 
-13.860786112504236 
-13.860281920115762 
-13.959559526065343 
-14.035188345475827 
-14.054143878296316 
-14.059200754826039 
-14.06357959625539 
-14.07712730674778 
-14.115584115447108 
-14.121582680835498 
-14.141928526937798 
-14.142354120259949 
-14.144601854195965 
-14.143896775311429 
-14.142528872820327 
-14.150839554631398 
-14.190608352872214 
-14.193001818681978 
-14.196547074969708 
-14.22817342883538 
-14.22596986593849 
-14.22671834057697 
-14.229123709254978 
-14.292641272943042 
-14.291044893262827 
-14.350657084523721 
-14.348282100784889 
-14.365461870426183 
-14.367391260638364 
-14.375498428877105 
-14.378754621959748 
-14.399925096317363 
-14.39996710237271 
-14.41177628294036 
-14.43355313117673 
-14.4357196824032 
-14.485633060223597 
-14.485653164749355 
-14.465220955364286 
-14.48965771463548 
-14.499668736178965 
-14.521196217507129 
-14.522041628776853 
-14.534399928937358 
-14.53438658673078 
-14.533311100450364 
-14.544810896389997 
-14.546464324958642 
-14.549313543216641 
-14.552854100571224 
-14.553724501208636 
-14.574874139842422 
-14.580943384585614 
-14.57814310908768 
-14.586290186901119 
-14.58619765490154 
-14.583223800883328 
-14.583243931744102 
-14.580203626809773 
-14.590903612127207 
-14.589891093639146 
-14.591421954529693 
-14.594950854872192 
-14.59357717475378 
-14.594546385769043 
-14.594802250310263 
-14.576166312642565 
-14.578926941700006 
-14.578914807231428 
-14.585992082938082 
-14.590336932654914 
-14.606008821548201 
-14.605309308069874 
-14.60838816305322 
-14.608754184962589 
-14.607421284143427 
-14.617219734627708 
-14.619577660503511 
-14.630781714632265 
-14.634590319519166 
-14.633865451280386 
-14.634915442018194 
-14.634478086673171 
-14.634514441474249 
-14.634448837577724 
-14.632483621504171 
-14.640620126364297 
-14.642428666069039 
-14.643790768975297 
-14.65037899279972 
-14.654058856324442 
-14.659227566081055 
-14.676506060513592 
-14.678185254544866 
-14.679446133839313 
-14.680009094261273 
-14.68489582421952 
-14.690317136327554 
-14.692115025823009 
-14.692107249451857 
-14.692354456296286 
-14.69295222368161 
-14.692946883859117 
-14.693249944063801 
-14.693172393348956 
-14.696918094378521 
-14.696551802914707 
-14.698211444567107 
-14.700742866544772 
-14.698717374854423 
-14.700661804419518 
-14.70156492533844 
-14.69929377297464 
-14.698962009718104 
-14.704320376799991 
-14.70499404376015 
-14.705393899088335 
-14.708846559495294 
-14.708346070683325 
-14.708357453515127 
-14.70858342415046 
-14.708855452001291 
-14.714046015928345 
-14.714562097252038 
-14.717556260551113 
-14.717755165654268 
-14.718787104421605 
-14.719182387432397 
-14.719782085524306 
-14.720050677818339 
-14.72136148534307 
-14.721325491428326 
-14.72298725179998 
-14.72298550461348 
-14.723329167756257 
-14.723329736112424 
-14.723413400856183 
-14.723412551123662 
-14.723444844581431 
-14.723583134075074 
-14.72361193351961 
-14.724365319072875 
-14.727040786194166 
-14.727466728016298 
-14.727603449066514 
-14.727637985602032 
-14.727748427848255 
-14.728190993364704 
-14.728185548594837 
-14.72837708903208 
-14.728456545411241 
-14.728533126013621 
-14.728776033585785 
-14.729225607718318 
-14.729112927229332 
-14.729044222010206 
-14.729050535930977 
-14.72920339079861 
-14.729267087709314 
-14.729272543030106 
-14.729329181673823 
-14.729328622775324 
-14.72939283240117 
-14.72939864777434 
-14.729416432958228 
-14.729416737303653 
-14.729453737697977 
-14.72995042536622 
-14.730058354733112 
-14.730054207025479 
-14.730606410706148 
-14.730585598658301 
-14.731641993872005 
-14.731576434921863 
-14.731979082764413 
-14.731980173480615 
-14.732046881752199 
-14.732165991121455 
-14.732126622033347 
-14.732128993969905 
-14.73211804697905 
-14.732143852648038 
-14.732147617903987 
-14.732145711893795 
-14.732206347914289 
-14.732219206151356 
-14.73247094405379 
-14.732546444935608 
-14.7325649587466 
-14.732572979071387 
-14.732676633526852 
-14.732518976287317 
-14.733046305947502 
-14.733041302439378 
-14.733028349240794 
-14.733024096163515 
-14.733014141780309 
-14.733331380636125 
-14.733343264303706 
-14.733578589880786 
-14.733573250235564 
-14.733956709882358 
-14.734150955986605 
-14.734138884381629 
-14.734172978927877 
-14.734328768995413 
-14.734381725827856 
-14.734390744831188 
-14.73440825047219 
-14.734444682774942 
-14.734787335728797 
-14.734860164855728 
-14.734845339608633 
-14.73501750160348 
-14.735051214384312 
-14.735074197063657 
-14.735150111206844 
-14.735180590186253 
-14.735343828567915 
-14.735351591645609 
-14.735355039916126 
-14.735376251123467 
-14.735398334772546 
-14.735437083027994 
-14.735859893011186 
-14.735867742141536 
-14.735871419718169 
-14.735855866861959 
-14.735974683429177 
-14.735981215594219 
-14.736009703388515 
-14.73600397195466 
-14.736005167192578 
-14.736001250609394 
-14.73600187379658 
-14.736005051568233 
-14.736040927169705 
-14.736093928641665 
-14.736093745197678 
-14.736235784286759 
-14.736319939977584 
-14.736310117207942 
-14.736297283286303 
-14.736463522630538 
-14.736598431107158 
-14.736684603596641 
-14.736684593176616 
-14.736684894503892 
-14.736684028763898 
-14.736692419791313 
-14.736719457561435 
-14.736761348303917 
-14.736890957470749 
-14.736887898446746 
-14.737078686371916 
-14.737076500364953 
-14.737094338505894 
-14.737092244267728 
-14.737079078729723 
-14.737057919619794 
-14.737196152370014 
-14.7371963968182 
-14.737185607716434 
-14.737203636220613 
-14.737204230271093 
-14.737225627336986 
-14.737243428451618 
-14.737232249592337 
-14.737241542606595 
-14.737244763899751 
-14.737247775248468 
-14.737254839353394 
-14.737248387891322 
-14.73724865400279 
-14.73729308521042 
-14.737295977134057 
-14.737295987618687 
-14.73729895356649 
-14.737339306488575 
-14.737339722942254 
-14.737425958394136 
-14.73748429360634 
-14.737485448449808 
-14.73749958194485 
-14.73743405597774 
-14.737444877606496 
-14.737458953021102 
-14.737511156863023 
-14.737532183723298 
-14.737538174570249 
-14.737589210638454 
-14.737604622798015 
-14.737603640788516 
-14.737604246847535 
-14.737614286349055 
-14.737616565286547 
-14.737616629981057 
-14.737628075029118 
-14.737645664111618 
-14.737658286194817 
-14.737663354969646 
-14.737672561754334 
-14.737721665983555 
-14.737721807898067 
-14.737752131461404 
-14.737800036773802 
-14.737795212708646 
-14.737929612184452 
-14.737929283855594 
-14.737934099177949 
-14.737986685028098 
-14.737985935555303 
-14.73806048943866 
-14.738060828870687 
-14.738100175072073 
-14.73809075231659 
-14.73813080005355 
-14.738128255907618 
-14.738135001729866 
-14.738150732751865 
-14.73816538953522 
-14.738180484990679 
-14.738277322870204 
-14.738391045068312 
-14.738392176656586 
-14.738387573016698 
-14.738437795428883 
-14.738436804729727 
-14.738448173901244 
-14.738545274118717 
-14.738542568764656 
-14.73858245534933 
-14.738626663849962 
-14.738625749798489 
-14.738651886442288 
-14.738648664578607 
-14.738690233010685 
-14.73868685011761 
-14.738687784022554 
-14.738723644250921 
-14.73874496679624 
-14.73874399933697 
-14.738760925837598 
-14.738759299972113 
-14.738842824998846 
-14.738884798005996 
-14.738928217398653 
-14.738929730250703 
-14.738933250488525 
-14.738933546964857 
-14.738959321843126 
-14.738975186294569 
-14.73899040997887 
-14.73912029485941 
-14.739126852750427 
-14.739142405217459 
-14.739151801447939 
-14.739147520445998 
-14.739147628422446 
-14.739156537729503 
-14.739259584620289 
-14.739257294589208 
-14.739263721560395 
-14.739277595247225 
-14.739337267372894 
-14.739335654717353 
-14.739539967895528 
-14.739536194663268 
-14.739554046387314 
-14.739570735682166 
-14.739577328756495 
-14.739649663419499 
-14.739650814801655 
-14.739650705108879 
-14.73963538938484 
-14.739641564619367 
-14.739723614590346 
-14.73973575623366 
-14.739729772017746 
-14.739725782960186 
-14.739824563251126 

 Time 
29.445883750915527 
