Energy 
 
3.3888654472655504 
1.7154903088831257 
-4.610448592711241 
-4.809619120202794 
-5.316700273223864 
-8.036972750251833 
-7.960233400408677 
-7.834741676831952 
-7.844463744828597 
-8.516560012604911 
-8.764461727630449 
-9.171692710696014 
-9.13606881755506 
-9.316335616595943 
-10.271587776087461 
-9.871148762905628 
-10.002593002647972 
-9.794682695252085 
-10.656712288663218 
-10.513911527783678 
-10.292814526612549 
-10.28692384627523 
-10.359982875740677 
-10.62749906780358 
-9.131836315897935 
-8.692989365914464 
-9.494820228334337 
-9.66244959170194 
-8.692824545611575 
-8.734355135779213 
-10.167254194375415 
-10.59856482614309 
-10.838525873666464 
-10.815244860604102 
-11.480875200203094 
-11.6005373307831 
-11.75756467007231 
-11.332025841131752 
-11.326183238931796 
-11.571327398413745 
-11.612310635262702 
-11.124768869206738 
-8.9072015108809 
-9.795629070199999 
-9.733619885503092 
-10.015063454795596 
-10.04185833386991 
-9.991874424395844 
-9.913930462747103 
-10.385960488735742 
-9.8418901599006 
-13.72883713572454 
-13.650353929877273 
-13.450437562515534 
-13.514012660759795 
-13.43326691614515 
-13.381157642080176 
-13.005170335069785 
-13.39371771594071 
-13.427505142504577 
-13.356367875022217 
-13.64808591388373 
-13.84047061066324 
-14.177444808456391 
-14.569293813075134 
-14.430858312057806 
-13.700201326599785 
-13.722665164048294 
-13.872573694702382 
-13.792844519569883 
-13.877380012275358 
-13.87285534279909 
-13.330547565965785 
-13.254012942267575 
-13.087555074474881 
-13.210740891993357 
-12.784810440486034 
-12.831362857088338 
-12.576798225354493 
-12.39791009860939 
-12.62039427828065 
-12.556961702061328 
-12.060443756694838 
-12.349575841168589 
-12.41113248833455 
-12.017859622029965 
-12.298120072083968 
-12.602521012855618 
-12.65281716564479 
-12.760735046424378 
-12.337319828356918 
-12.393825663745618 
-12.46101957917028 
-13.021973341873425 
-13.015203770148817 
-13.33082120692023 
-13.294582858922952 
-13.389900041801473 
-12.67762624971649 
-12.176465014679094 
-12.123637611214072 
-12.214206411618914 
-10.302364789217467 
-10.365678686638239 
-11.9642282955963 
-11.543829010523524 
-11.892869919619168 
-11.336029359682351 
-11.436994072239207 
-11.243087832521475 
-11.686816191832003 
-12.060314656160987 
-12.568817876236364 
-11.268128133557891 
-11.688399134602335 
-13.072141834142757 
-12.84913113636666 
-13.17987950398408 
-13.136706118007176 
-10.000414251193178 
-9.912419175917714 
-9.96800252180769 
-10.685117692307188 
-9.189239589049675 
-8.986103845895098 
-9.060212415933865 
-9.041209943181595 
-9.310533143451952 
-11.446605042523334 
-10.935515266166147 
-10.988265183180248 
-12.657095677114741 
-12.623802000807249 
-12.553087364507485 
-12.547264230024009 
-12.67670591528041 
-12.747272633411875 
-12.984250016382491 
-13.071351515088343 
-13.054632771409217 
-13.119465995344271 
-13.310526143220375 
-12.860033805419555 
-13.182505510514021 
-12.956254150386698 
-12.841629956239881 
-13.438422188357638 
-14.04440414372258 
-13.768716225307276 
-14.142267164369098 
-14.141185692875254 
-14.001444363231679 
-13.92289080574491 
-14.453856216378764 
-14.675200621557806 
-14.873427027401133 
-15.074038932229495 
-14.849573663064266 
-14.826318038242707 
-14.800750303484051 
-14.713012761922334 
-14.441910780977611 
-14.222098669548133 
-14.177510248433851 
-14.176332879093138 
-14.32510987700828 
-13.964582110137364 
-14.201919455644687 
-14.28083734050269 
-14.003594288157629 
-14.068120545877504 
-13.999510134938038 
-13.160063166720356 
-13.12167979355415 
-12.83786259158359 
-12.775231161636915 
-12.70085166351059 
-13.015385591253745 
-12.836167506272089 
-13.146950710097325 
-13.159352099356802 
-12.416366406161387 
-12.392497901993387 
-12.803088472466518 
-11.134500135171344 
-9.961231413833154 
-10.016450936744233 
-10.721857212561375 
-8.266017780166885 
-10.594266234315429 
-9.442952478939807 
-10.724269585573605 
-10.713932588598457 
-10.245154890758034 
-10.336829500135757 
-9.337791410723002 
-5.302278265851463 
-5.310286468553321 
-4.995584443776989 
-6.041098800826619 
-6.0317252647543045 
-6.511026249895762 
-6.55744582717697 
-6.743901179602036 
-7.078495549884425 
-7.160191653008011 
-8.010675245753001 
-8.007254717229353 
-8.370921768339537 
-8.376438617902124 
-8.247909994671177 
-8.272111979747411 
-8.88936318938412 
-9.553508879059832 
-10.315560100150034 
-10.63049029595153 
-9.423544089880279 
-9.664237680860744 
-9.661373490920308 
-9.753575431377005 
-11.253099314990514 
-11.486992278515851 
-11.495389606654339 
-11.533451875047646 
-11.640933016247235 
-11.81289360164936 
-11.996653035643815 
-12.9004034449424 
-13.04094666419849 
-12.99030900164478 
-13.099917645359119 
-12.30610026687435 
-12.31015199969302 
-12.556345229675186 
-12.354695574560079 
-12.745585126295325 
-13.03476388577062 
-13.03898389867433 
-13.269366640211866 
-14.19110102746739 
-14.239257276219728 
-14.446251253479847 
-13.43043512265907 
-13.649933119731065 
-14.760997406164028 
-14.754815487656444 
-14.840471722920553 
-14.466814534723241 
-14.474665959553107 
-14.458402698507873 
-14.758645815315555 
-15.018092750136084 
-14.982885015869918 
-14.390120301044375 
-13.647148750785052 
-15.39767979638665 
-15.502648406564095 
-15.45196497503435 
-15.351572475739548 
-15.382009546606696 
-15.188768010936789 
-15.16753578481098 
-15.30243313919683 
-15.12521150137692 
-13.986693153101006 
-14.167615618633926 
-14.91323026220826 
-13.765403715174163 
-14.03572250315167 
-13.554724612955514 
-11.459430340587339 
-11.574547762220408 
-17.362814417350414 
-17.3758226590618 
-17.461942197807 
-17.715966978753524 
-17.71553272591007 
-17.978030175710813 
-15.241926613989587 
-15.977981740668277 
-15.89522498107966 
-16.507103203361478 
-13.177773179206948 
-14.066367631347868 
-13.778157482861477 
-11.348916022584486 
-11.976244107524963 
-9.073252381948112 
-9.084380717937714 
-8.657485074798137 
-4.219803465917769 
-4.24812777164955 
-4.224869149059042 
-4.30386746485221 
-5.346263756695483 
-5.6277151920799655 
-6.5956208055649945 
-7.237232526026112 
-6.927673818172876 
-8.922445349003878 
-12.192553644650097 
-13.276079381665038 
-13.227074177797318 
-12.089734498800862 
-12.092496384022056 
-12.495648157370729 
-12.526692031947851 
-13.101309601707573 
-13.599709581232307 
-13.649200010514653 
-13.821244343637076 
-13.857612038896425 
-12.756896927735678 
-12.756537028122228 
-12.918121069194573 
-12.954895646718443 
-12.935545669563645 
-13.013278887091223 
-13.194444792143873 
-13.150537311203037 
-13.128094188368369 
-13.778562212426088 
-13.769848111227354 
-13.652180848569076 
-13.665281320013854 
-13.971224738328141 
-14.247028050409018 
-14.176638133821816 
-14.431893718707009 
-14.385095815194104 
-14.923571351142748 
-14.96939107680832 
-15.192994792435204 
-15.198046609432891 
-14.974652251098828 
-14.554030296144195 
-15.06786960219192 
-15.319326053796066 
-15.49408720608417 
-14.701080674503306 
-14.859073011327865 
-14.847152452554074 
-14.687038662698086 
-14.791156890517499 
-14.387810894537317 
-14.193453760676544 
-13.948160509127161 
-13.546724237759513 
-13.25731014294568 
-13.10040400613089 
-13.199792719489382 
-13.653529946593784 
-13.87851671443891 
-13.902417017702506 
-13.549208186648904 
-13.961741582457002 
-13.943852789464957 
-13.962181282761048 
-13.948684238146988 
-13.870074067541486 
-14.278958183611715 
-14.315731829192158 
-14.37269193782799 
-14.310268319064342 
-14.91564655272683 
-14.935121495452583 
-14.577034685159504 
-14.499636676765942 
-14.821553312437384 
-14.872658483826786 
-14.935022299748399 
-15.111157064483102 
-14.950197558883957 
-14.849083859795108 
-15.065717999173136 
-15.370091075875058 
-15.108594705069162 
-15.064211943473243 
-15.061154403899149 
-15.142592436591258 
-15.090439771018284 
-14.927431898227544 
-14.775281661942541 
-15.391815237315726 
-15.476732360268624 
-15.513228261556005 
-15.475522397751195 
-15.459143925472489 
-15.562650304926276 
-15.56236856784123 
-15.430000853469165 
-15.41795153284953 
-15.434932959608426 
-15.429948798149084 
-15.484302443408332 
-14.121670203747907 
-13.844704142941323 
-13.68303788315613 
-14.185063157522366 
-13.533958648429445 
-13.517858221684056 
-14.105400441381326 
-14.210095699980108 
-14.199812970267418 
-14.468506334338418 
-14.534283692219692 
-14.602696256574422 
-14.576269226273176 
-14.555111905878466 
-13.91999763602136 
-13.943157372956847 
-13.977517596679503 
-14.090962175455116 
-14.132127974962449 
-14.0942459205715 
-14.08372208779359 
-14.232744246722277 
-14.137678320769043 
-13.823010865904617 
-12.924847810450494 
-12.68792540135299 
-13.024966964669417 
-13.036417586033089 
-13.983674880403552 
-13.87438792577815 
-13.716218742675075 
-13.931384340962406 
-14.494724697729128 
-14.494020810023882 
-14.821333971853337 
-14.907970801298221 
-14.950149941887535 
-15.05873064668714 
-14.632925861962338 
-14.686558656798645 
-14.724723084709117 
-15.127712203411194 
-15.036705786743733 
-15.034124574142298 
-14.326683014636181 
-14.326529246488795 
-14.316535855382666 
-13.983523186211572 
-14.055965194845172 
-14.09314634649719 
-13.902646004746352 
-13.910130475460981 
-14.09529041000796 
-14.704453664464094 
-14.828709944969075 
-14.782798979655478 
-15.107953876520066 
-15.24793387965591 
-15.383307384149582 
-15.377119607742063 
-15.367727138128469 
-15.403057328148217 
-14.401055523754248 
-14.349015518251807 
-14.502703917096646 
-14.644525605612788 
-14.492261693152674 
-14.507075394697276 
-13.644678271941277 
-12.066949787707507 
-12.06903718980871 
-11.972700504738022 
-11.885819045364606 
-12.051876162360724 
-12.104982670544032 
-12.36232587218699 
-14.39519473526506 
-14.137060679585765 
-14.20652031850635 
-14.971029606060283 
-15.057767503993741 
-15.261110118868638 
-15.356281683688147 
-15.383515767474183 
-15.337895477196094 
-15.31616305123344 
-15.265394984254932 
-15.158431658950267 
-15.207372284450578 
-15.205257740672199 
-15.23903784400119 
-15.019247664976538 
-14.715344449305256 
-14.615882332450267 
-14.770256598435502 
-14.764852793897733 
-14.752921724735119 
-14.620754062964577 
-10.575503264914397 
-12.29056580863252 
-12.293548786309184 
-12.28837490660569 
-12.553046739501056 
-12.720536349887153 
-12.67943153814118 

 Time 
80.09204721450806 
