Energy 
 
3.8998005448887016 
3.546248670757705 
0.275626859402201 
-0.7435707255196083 
-4.4946022169943385 
-4.524035092832006 
-5.480256205100341 
-6.912905887884999 
-6.658351367484316 
-6.861462608556204 
-6.775581015804954 
-7.305757675604062 
-7.5120798658659576 
-7.665267409184145 
-7.627165966939337 
-7.6676138854467695 
-7.715365715152815 
-8.14460659913492 
-8.525598005505188 
-9.958784952832495 
-9.795059871054741 
-9.234729940753535 
-9.724917840774445 
-9.657919934014457 
-9.55616196033015 
-9.508192836305811 
-10.1499918095892 
-10.293317350994325 
-10.352811832419764 
-10.498228118440954 
-11.109716588784364 
-11.107385771968826 
-11.131169610169493 
-11.556565934984453 
-10.096288112104281 
-9.848738482839268 
-9.866824499305803 
-10.213435238726934 
-10.183854625463075 
-10.150461302078362 
-10.06342274156864 
-10.820376990615424 
-10.905849453073332 
-10.900443061316992 
-11.35388463747852 
-11.525048756199508 
-11.666403944965435 
-10.822622791842328 
-10.82255677312852 
-12.686001037077723 
-13.376603805566194 
-12.32374230089578 
-13.060573162343399 
-13.008533078945659 
-13.17984315514543 
-13.183226543952284 
-11.947477052508953 
-12.146476671914046 
-11.656088558614803 
-12.015696639739726 
-10.425567551611943 
-10.666749010052568 
-11.335652025888058 
-10.624074316505421 
-10.755983438900545 
-10.564324985285314 
-10.66213904589814 
-10.74854523761157 
-10.76138198219536 
-11.345886447520737 
-10.161229686457675 
-11.290536893657254 
-11.637367101231547 
-10.42729164461452 
-11.01334864904065 
-10.966559154395346 
-10.66673705495212 
-11.191656877287702 
-11.292773666509236 
-11.919254549107418 
-11.631375674381092 
-12.2743174193375 
-12.636178684250055 
-12.810196951814936 
-12.80322247967382 
-12.802834124712394 
-12.369360946907804 
-12.361604825470732 
-12.48426285429576 
-11.875376351566715 
-11.717736922523105 
-11.682886570543953 
-12.445698029479338 
-12.678734397948515 
-13.138940854882394 
-13.13608073897501 
-13.154494719810426 
-12.571620734145492 
-13.795723852436948 
-13.903536058830316 
-13.948785634312046 
-14.055139357466363 
-14.207953979237404 
-14.180575825804224 
-14.17633763377491 
-14.155140345885098 
-13.991859351431486 
-13.864724115658634 
-13.80292888490031 
-13.826361701372383 
-13.716646294397943 
-14.105935326809332 
-14.096183151596437 
-14.292905694017653 
-14.170277907384284 
-14.168256088317024 
-14.762728688617743 
-14.764663224938346 
-14.745188351839499 
-14.704315052798655 
-14.738417610096338 
-14.887277899305477 
-14.882855305598914 
-14.917393895550568 
-14.789664890416574 
-14.896511207556072 
-14.110644232815323 
-14.119093178372982 
-14.113102755387324 
-14.03202263931663 
-13.738348159593395 
-13.743845680736213 
-13.125482338065122 
-13.168039324285896 
-13.569436667825874 
-13.664869982682573 
-12.829859251730749 
-13.184564590945302 
-13.066095011592804 
-13.075443007357642 
-13.837525080607561 
-13.749246326151596 
-13.567247683248452 
-13.701781923520869 
-13.66554417923449 
-13.286936888721453 
-13.327127794068682 
-13.281546850053589 
-13.287050962095938 
-13.164427762868169 
-12.796481502540974 
-11.352966645758725 
-13.11971122863342 
-12.91906701249182 
-13.471880676570962 
-13.013025651798788 
-13.067287877200037 
-13.006488074378222 
-14.104331956876209 
-13.115594356470044 
-12.738924246476907 
-12.782990511742813 
-12.725351626201945 
-12.52801303389236 
-12.619730789173873 
-12.879272581373563 
-12.48213737163898 
-12.577003104740434 
-10.766647100602931 
-10.570891953210294 
-10.556408648035212 
-10.674222172789232 
-14.777354527282684 
-14.771693858979281 
-14.907847320230152 
-15.044778250980302 
-15.284503359238094 
-15.513737323016615 
-15.603911286531542 
-15.353649989712943 
-15.8403600782462 
-15.684215201009513 
-16.212390296127104 
-16.243759291368562 
-16.453220677692492 
-16.506452819863693 
-16.91560955939289 
-16.33689278396375 
-16.140394201160408 
-13.309985044886453 
-13.376057591299395 
-13.658172294830418 
-13.9921480962838 
-13.990947692472744 
-12.39601477672479 
-10.165234318798296 
-11.004590748902155 
-11.000147959650853 
-13.73465357328944 
-12.981279550637614 
-13.06893383845566 
-13.202973505819498 
-13.781787237545018 
-13.767070251699732 
-10.181835399877908 
-12.087637613945018 
-10.868104457706805 
-11.14046968200125 
-12.772833097213434 
-13.133982691868999 
-11.526795225198368 
-11.640330633997506 
-9.631094785493499 
-10.026756058332635 
-10.868638102012389 
-11.088242374292943 
-10.608704226830039 
-10.434122370703566 
-10.729064499851496 
-10.665574749252668 
-9.611904813647744 
-8.586117313153839 
-8.471632857343582 
-10.868112920090681 
-10.730518108437394 
-10.816450812512468 
-10.731781263473641 
-10.825096399778747 
-12.310927697836975 
-12.28215824301205 
-11.923890691789984 
-11.26635879425923 
-11.719832099465858 
-11.719562861585153 
-11.722065283317878 
-11.718912247985944 
-11.632906301066365 
-11.66980530952941 
-11.752378088101139 
-11.554278947618723 
-11.547641649129995 
-9.556796887981754 
-8.992926872362748 
-9.56549756208695 
-9.41241834434622 
-9.410389313728512 
-11.542274036950026 
-11.388184688312158 
-11.216619868949923 
-11.174936967474775 
-9.975542727503072 
-13.254638903751413 
-13.227984224581123 
-12.184334885725075 
-13.405879739483888 
-12.413175473366941 
-12.378001368978147 
-12.378340476700005 
-12.381204875742153 
-12.30778976525899 
-12.33514556144065 
-11.86370013201814 
-12.064840986449209 
-12.291090789331045 
-12.951284767250161 
-12.70201556153092 
-13.167229356520112 
-13.893185553798006 
-14.544344221543644 
-11.075041192526141 
-11.050110542857528 
-11.687886396439772 
-12.207473366111033 
-12.47278889185161 
-12.586493525086187 
-11.834086668039983 
-11.857697416283337 
-11.824657164951962 
-12.243218829749688 
-14.26528214031228 
-14.272494385904706 
-14.331765409761683 
-11.394732698684965 
-12.95464469167721 
-13.031441287895555 
-13.765914415146375 
-13.789677198574276 
-12.62588203415799 
-12.517142701195286 
-12.545921235057408 
-13.013984378328786 
-12.456915789249784 
-12.59810841261543 
-11.984267756612446 
-10.566903675149455 
-11.444571309200988 
-11.76699182229135 
-11.901482471012452 
-11.202688037934855 
-12.139438159733206 
-10.518249304899067 
-10.543514169761265 
-10.605650230975716 
-10.595610620703283 
-10.677433008352864 
-10.973029292720703 
-11.225589807561198 
-10.884018265529246 
-11.34452499025803 
-13.085468564267995 
-11.640300584323157 
-11.605357265703237 
-13.136792314690647 
-13.32533828783628 
-13.19465511519472 
-13.381443470623449 
-10.938736743590663 
-10.941504454968165 
-10.785836250942575 
-10.62377776698579 
-10.793441862567898 
-11.31942285832243 
-13.581251205705252 
-13.546443870850391 
-14.362461006355947 
-14.181467488675839 
-14.175307899585206 
-14.326385281349602 
-14.42426004911312 
-14.768385107434629 
-14.766226889553483 
-14.79414037544597 
-14.164254321357342 
-13.87541357520409 
-14.72139511085889 
-15.927141132695441 
-15.566994378399077 
-15.992620951002031 
-15.470127282582961 
-15.889087029724054 
-15.831255999303153 
-15.722572783025157 
-15.173293972533818 
-15.158873881102092 
-14.969731993741643 
-14.74766558696585 
-14.821720152424767 
-14.628271278227263 
-14.990435343450823 
-15.695075052539224 
-15.880294840586718 
-15.851320546822645 
-14.012200626699379 
-14.509927214567634 
-14.201316453958253 
-14.422782473442423 
-14.166634545524811 
-13.532263370855125 
-13.43070563629201 
-15.003652363096572 
-14.867356212074178 
-14.870093707864907 
-14.85567327273753 
-15.013892615600009 
-15.251427629617842 
-15.085244484310762 
-13.176784463590373 
-13.236423837107939 
-13.383797394586113 
-12.51891428147076 
-12.695969179524957 
-13.109650233604212 
-14.655451949188166 
-14.655193893034818 
-14.44780346248103 
-14.770584159985141 
-13.51540075556839 
-11.308192514232525 
-11.468937342428736 
-11.43631931077602 
-12.54577058297298 
-12.735333605797504 
-10.27382627668469 
-10.443363917748052 
-10.532128486753635 
-10.217817460290142 
-10.234272210597535 
-10.353608401076643 
-9.808641993084409 
-9.562209714880456 
-9.885753021382198 
-12.116660684677363 
-12.256675178375454 
-11.991847243818356 
-10.91465186813795 
-10.805649543795793 
-11.863380552931071 
-11.595113040828211 
-11.68655585608583 
-11.680944849130244 
-13.933311527757624 
-13.868532361553642 
-14.423278560873754 
-14.495116664995516 
-14.222341581021976 
-14.345165262309386 
-14.577462912211356 
-14.843002550144512 
-14.849080426405799 
-14.778552662888728 
-14.584412871008825 
-14.624609304117655 
-12.58957513495864 
-14.522164610297397 
-13.121467759143465 
-12.956103282821935 
-13.333294263305834 
-13.943043347204954 
-15.615071092211279 
-14.889315864968598 
-12.91678658869091 
-13.089988379990583 
-10.854111030086846 
-13.235158627523228 
-13.129511190372769 
-14.26512966631193 
-14.512878380378288 
-14.531651916874928 
-10.535620371824665 
-13.283963620992632 
-13.147296078740721 
-13.194369585928586 
-13.027603692787945 
-13.009853698037912 
-10.888739599181742 
-11.004947120529932 
-12.667311437675595 
-16.12333980266443 
-15.892485904577338 
-16.398005923075967 
-16.408164785453774 
-14.115987514517562 
-17.86015270196833 
-16.428598037758142 
-16.277613016415312 
-16.23223631517627 
-15.954492889825804 
-15.86193250075762 
-15.773336624956537 
-15.736578286942905 
-15.134584018648946 
-15.10834757683459 
-11.798252460874561 
-13.372214108523632 
-12.713287861907473 
-12.305386477739566 
-12.448311221078844 
-12.326869367530408 
-12.20688571381856 
-12.271164115774068 
-12.254150481057623 
-11.504129558980155 
-12.691242148224486 
-12.794535339542781 
-13.246010300872536 
-13.253881803961884 
-13.882974510050355 
-12.781800048720935 
-12.641940201835851 
-12.57318541480534 
-8.86955237263669 
-9.216982130802679 
-8.765864851060043 
-9.662519517928386 
-8.61563869513115 
-8.726050866402415 
-8.58591710803654 
-8.659652254646536 
-9.451886731154778 
-9.760830821990897 
-9.415172071718953 
-9.394051298920493 
-9.160877836281824 
-10.222212336551435 
-10.474675577544513 
-11.116494091215534 
-14.181884981609993 
-10.236545470893883 
-10.090230701308423 
-5.501099923646409 
-5.4726970745609 
-7.328395586757719 
-7.668242767990222 
-7.95359701691228 
-4.958483744376224 
-5.0455294800552215 
-4.621341068917152 
-9.203713374036507 
-9.47643095051301 
-9.702298268044334 

 Time 
148.60524678230286 
