Energy 
 
3.8998005448887016 
3.6865631098238723 
0.6356236055244618 
-2.0317320754859214 
-2.1703775343549356 
-6.21770779398069 
-7.2292634290519295 
-7.738826081530721 
-7.013030778074845 
-6.823067716860532 
-9.055892968316375 
-9.886616552554868 
-10.145376588967839 
-10.179447969657573 
-10.178008442916278 
-10.211240793221721 
-10.62114691050876 
-10.524476103826641 
-9.618258210851318 
-9.52999261475032 
-9.315021087971088 
-9.316473024376759 
-9.746529207572452 
-10.171219572127475 
-11.794922118458208 
-11.9742114275994 
-12.284231857852365 
-12.334711978637095 
-13.02310892984928 
-12.185007322228962 
-12.160333435542892 
-12.16073301700302 
-12.697302228630129 
-12.316989141165662 
-12.789499023113096 
-12.77021230106945 
-12.819478663427926 
-12.81616828038347 
-12.16369913439026 
-13.989606442729535 
-14.138621580741042 
-14.144415460119616 
-14.95292674392466 
-14.521400702282426 
-14.521417887552527 
-14.94567994813545 
-14.509499077188485 
-14.452204463161067 
-15.198511595695152 
-15.440296490087245 
-15.94012621649675 
-16.20730398317702 
-16.303619433535637 
-16.26887840417256 
-16.43883673917275 
-16.184460329164672 
-15.150620298198117 
-15.204525035440923 
-16.389749772014486 
-16.25545658383765 
-15.142475470284039 
-15.148718569872367 
-14.162861477013898 
-14.734923492101936 
-10.65458962912865 
-10.618800153024816 
-10.510959744966465 
-10.714256695571025 
-9.135524015680419 
-10.033139744095163 
-10.926517056476845 
-10.936603699052576 
-10.866967820644645 
-10.850484798532388 
-11.157148900345021 
-11.154149043434053 
-11.341788638230518 
-11.557199740224261 
-11.749217194832825 
-11.890334233722587 
-11.901030396029377 
-12.361567704004777 
-12.35240856368354 
-12.336440000936413 
-11.71924037034515 
-12.228212782577506 
-12.24325945382842 
-11.76475838228458 
-11.790660241065538 
-12.068625791048525 
-12.471461639187696 
-12.547562274472046 
-12.42121730892357 
-12.3664436331249 
-12.321453296258461 
-13.120865239763186 
-13.41926238321319 
-13.714781880221913 
-13.810109503089405 
-13.877385840072916 
-14.457135622447023 
-14.428594427930385 
-14.714497350007454 
-14.757404827528992 
-14.735576364971243 
-15.052013038354573 
-15.05970968651415 
-14.66852791943143 
-14.751131609570333 
-14.787170773969278 
-14.971413059436774 
-14.2263032118011 
-14.215206554000362 
-13.659824682874351 
-13.410904017333381 
-13.083732096423612 
-13.189624006576125 
-12.760780833966646 
-12.916506705410365 
-14.147859575515524 
-14.072736796047925 
-14.012295918609066 
-13.81118796869803 
-14.553150629528293 
-14.389805891126068 
-14.184822905962019 
-14.184181322316423 
-8.076934661622357 
-9.395561818298871 
-8.611861348079996 
-8.22973002643224 
-5.916020848008748 
-5.085860005014922 
-6.916864750162546 
-6.3139855420942075 
-6.65232273279329 
-6.935450082805819 
-7.423233965879909 
-8.116770987717818 
-8.31664156844423 
-7.576919575458763 
-7.953609720620124 
-8.583788901274552 
-8.59462581778528 
-8.506665865012188 
-8.630085006207487 
-8.668553621935825 
-8.683715523949703 
-8.423232892400351 
-10.005435176999145 
-10.207431263101 
-10.95889406939032 
-11.100905641162138 
-11.297699118269602 
-10.987909321563114 
-11.51004692880727 
-11.481611515686067 
-11.460285562522033 
-11.896943940656945 
-12.043796208137715 
-11.993483622097175 
-11.784085002652972 
-11.922043805823005 
-12.179439145539382 
-12.636453852423152 
-12.218068899420658 
-12.418091863614062 
-12.417922910594786 
-11.735209772808966 
-11.735110934470597 
-11.92386300576023 
-11.775462718675998 
-11.999510205824544 
-12.52139670046792 
-12.509899323920942 
-12.108442567825483 
-12.137144928418074 
-11.85987301576691 
-9.167402636493241 
-9.43857592268862 
-9.570661475014465 
-9.35158586595591 
-9.387006964334747 
-9.448464024800073 
-9.487972002674988 
-9.926259453430772 
-10.125007105589775 
-10.487895232545528 
-10.372955940466197 
-11.265164747495339 
-10.41072152846007 
-11.286906052943984 
-10.777216101608515 
-11.104211946514749 
-11.224155830439395 
-11.140849590264205 
-10.180791306731846 
-10.112804393314935 
-10.458709410033125 
-10.10788404026431 
-10.098574679704985 
-10.513138892991261 
-11.722832037874028 
-10.680837065287118 
-4.898972821140493 
-5.279481952130031 
-5.987565452436857 
-6.728996552049029 
-6.9813498858943515 
-8.751028166421664 
-8.8011331994339 
-8.827710413049683 
-9.991133073365214 
-9.596572467792228 
-9.567041691126681 
-9.667420569527359 
-10.684875820006809 
-10.287504365225077 
-10.235066777010971 
-10.185165689348336 
-11.64205325001635 
-13.372847278504478 
-13.073341838137658 
-12.899109222653385 
-13.836902686611879 
-13.722632400358572 
-13.859527862916062 
-13.82352674670319 
-13.659291771600733 
-13.301813734339575 
-13.792539153581458 
-13.729096999525263 
-13.684181565375157 
-14.128246560351654 
-13.889922546496 
-13.935234118355055 
-14.26519158647146 
-9.6595492751248 
-9.617363837565305 
-8.814214513413319 
-10.5191894655173 
-10.547562398849086 
-10.531136202523715 
-10.743394554321712 
-11.166842369897072 
-11.167434022955351 
-12.949456420327914 
-13.286132091777642 
-12.52516444208481 
-11.997528893935586 
-11.436936664726405 
-12.250844102554451 
-12.115704158102972 
-10.02568538738602 
-10.425986843762722 
-10.361103604766587 
-10.05975116190555 
-10.53973799022057 
-10.607041085608602 
-10.755453318117842 
-11.99857239803352 
-13.903298405396162 
-12.219045886320153 
-12.227256711864428 
-12.10700888959563 
-12.098479063350666 
-12.374996456342544 
-12.799104736241517 
-8.38505721600815 
-7.910568639441701 
-8.953688168593466 
-8.727131392903827 
-7.375736960012677 
-6.234218678098976 
-8.015968688568638 
-8.961701426156106 
-8.75720363964746 
-9.014580774083504 
-9.098019731388522 
-9.850541256460913 
-9.819969230893893 
-10.093707930226532 
-9.558166605619581 
-10.893235947988739 
-10.91515588767719 
-11.272609740155646 
-11.611794324327606 
-6.723550184568276 
-6.803425473416151 
-7.637400011424722 
-7.694235980042129 
-6.988175505776995 
-6.947257876133985 
-7.275716500019567 
-7.720307442359257 
-9.90354672965579 
-7.540990546648063 
-7.876310777912853 
-7.911547634017779 
-7.9434474865736 
-8.88262675703773 
-9.57623656936177 
-10.035668033703915 
-10.818859567236288 
-10.823658538705978 
-11.099630318137919 
-13.449852517658114 
-13.784560368622834 
-14.275899341232698 
-14.465382537252571 
-14.55442372129623 
-14.775134989759604 
-14.773907853080816 
-14.668714899446798 
-14.772980892656916 
-14.890505488261855 
-13.796229257625704 
-13.83196806776658 
-13.746593828927256 
-12.971469969437818 
-12.861100106468598 
-12.829754216761977 
-9.654357002568249 
-9.760591498513865 
-11.717245724077463 
-11.629303134418826 
-11.683132558195721 
-11.649575905217567 
-12.284123405298779 
-12.662829075131638 
-12.463469408117502 
-12.588677079321691 
-12.5514131471558 
-11.963525790692348 
-11.37492192738432 
-10.956396300464887 
-10.896933108496345 
-7.855051628892945 
-8.416964331257997 
-12.179030171669343 
-12.407386539456837 
-12.568980117309211 
-13.613231863682152 
-9.600182500915292 
-10.601368225518915 
-6.186332740491142 
-6.158149953296089 
-6.149162705617978 
-0.617473712207401 
-2.8733837363227464 
-2.892180396547232 
-6.236236767706449 
-6.5310171769147285 
-4.3818484044628505 
-4.722969788232251 
-4.6247552557058675 
-4.584061677411781 
-4.092180305889958 
-7.409949169909883 
-7.711615545565965 
-10.687656504129773 
-10.605336620461845 
-11.15821798726908 
-11.045850786408785 
-11.565497125917037 
-11.525080378104724 
-11.527151679626519 
-10.299075491702153 
-10.414462284300573 
-7.305104611838741 
-7.136172503350323 
-8.120138110514903 
-8.25049918169237 
-8.382341541470163 
-8.528817270844613 
-8.550478784516537 
-10.160696794599879 
-10.336527952258056 
-10.38531743648414 
-10.419531249431143 
-10.482970196580487 
-10.405358590131069 
-10.471297880101151 
-10.117344225616364 
-9.421133495639571 
-6.297629504196428 
-6.291581001941508 
-8.691957909513565 
-10.58432828012747 
-10.828611047579402 
-10.721470876816767 
-12.751195941259954 
-12.74276965396171 
-12.756759616218677 
-12.029575602738879 
-12.042316817221069 
-12.072144996210584 
-12.073684303761132 
-11.988782896318403 
-11.979812201944988 
-11.953376795390634 
-12.412298267646964 
-14.22954730868437 
-14.242898998700847 
-14.728254567411186 
-14.760585558116832 
-14.771492458619772 
-15.002338875764215 
-14.944926145942155 
-13.891106594956064 
-13.88941467591629 
-14.73878852654163 
-16.40406080372989 
-16.166327981716357 
-16.243208933828207 
-15.88970469361994 
-15.833091674554677 
-15.360532358974636 
-15.860786376618847 
-14.91496292344338 
-15.221478971917604 
-15.066361585535986 
-15.064624527375612 
-16.094561490976613 
-14.98049569208373 
-15.532515175397432 
-15.692407529346411 
-15.81802592843749 
-14.946453820736556 
-12.846044243739188 
-12.938826610631763 
-12.970558172367292 
-14.098793648083898 
-13.974364609000316 
-13.526604318474849 
-12.858273329077583 
-12.801370609365396 
-9.940385566311758 
-10.544873719819417 
-10.688893398373736 
-10.07950311387202 
-10.477648009482344 
-10.49878333504856 
-12.014717749014292 
-12.024157637243722 
-12.3732160443176 
-12.260742382426795 
-12.849728826421881 
-12.775132971165707 
-13.122050960286783 
-13.631148432743643 
-13.216266460497238 
-13.088016202765496 
-16.072910711808383 
-16.262482763759152 
-16.42130657688597 
-16.135662975053986 
-16.39705202648643 
-16.608777062053754 
-17.033329491560664 
-16.97673870599571 
-16.958455447113902 
-16.821700126358124 
-16.8284668098501 
-13.93265445391434 
-14.689540319263337 
-14.289780013340243 
-11.706228014586067 
-11.745507274094063 
-11.762143009890893 
-11.749599874969189 
-11.264306536782195 
-11.23929070010594 
-9.439322956365963 
-10.384788520823728 
-10.63623104829061 
-10.796110745427987 
-10.58933743823117 
-11.161586058706641 
-9.045767238435342 
-9.413776201876097 
-10.38522846990146 
-10.392180168929269 
-10.372001594892785 
-10.642062536689174 
-8.60157260022386 
-10.064889164898524 
-6.550209157617756 
-10.744349858152491 
-10.667558946828578 
-11.700896148454397 
-12.098211775437818 
-11.919378997231343 
-13.121953731208425 
-12.119146697328688 
-12.4352831435009 
-11.520332322786661 
-11.625566052634966 
-11.711332096398827 
-12.553655814804173 

 Time 
460.99615001678467 
