Energy 
 
-0.3013136220446028 
-0.30247488184428306 
-3.0343629341536307 
-3.0422289049958615 
-3.135779365223172 
-3.7752034911029138 
-4.938728321560951 
-4.851992566793955 
-4.975268784214629 
-4.731179629830367 
-6.033586576088584 
-6.051393205627268 
-5.961789217531522 
-6.0586805324527795 
-6.031699864285444 
-6.033497253749269 
-5.995012653150438 
-6.005623631372977 
-6.031282900570274 
-6.050621004308463 
-6.12784848996463 
-6.122764934952533 
-6.354366964899339 
-6.372849238883735 
-6.310921485949233 
-6.340684957196193 
-6.214295818760566 
-6.335778216280951 
-6.645773330644906 
-6.468111484842393 
-6.339629078552577 
-6.402078020780648 
-6.504331302081965 
-7.085568982887221 
-6.89787163240698 
-6.512791159486681 
-6.782215220283849 
-6.831502310521507 
-7.010829405756308 
-6.683591612382262 
-7.0474374674303535 
-7.1135827901569035 
-7.457991672848364 
-7.214679706504091 
-7.249871010642313 
-7.080710839236305 
-6.98553998325098 
-6.950995681491491 
-6.82169892103933 
-7.018369395598907 
-6.997044829860686 
-6.9426847530332285 
-6.955761744263399 
-6.949746938895225 
-6.972695138997996 
-7.067380700749009 
-7.171958251733356 
-7.089882501232852 
-6.938734995673187 
-7.115643784335939 
-7.094129710708078 
-7.041340694879699 
-7.105847382509943 
-7.122558337391588 
-7.130293395908163 
-7.1185731509368075 
-7.169102960711369 
-7.183962617761303 
-7.279180382236675 
-7.319886539298522 
-7.299189606411484 
-7.291627492651373 
-7.453435313143689 
-7.470728233945169 
-7.354308287046941 
-7.378352709643022 
-7.368879122668664 
-7.417169331615627 
-7.365817921840706 
-7.552056950463831 
-7.591368847137546 
-7.585576715495248 
-7.621588736319717 
-7.445190376952777 
-7.373501203263951 
-7.418390735229584 
-7.592927638425191 
-7.6067392031286 
-7.5814118158518164 
-7.69300742491667 
-7.741346421135057 
-7.65705354346639 
-7.776571377311839 
-7.847271438400233 
-7.816970705800578 
-7.809906462577056 
-7.80763606362201 
-7.768554721066556 
-7.754142040425435 
-7.724153427919093 
-7.908121955152999 
-7.921143207565897 
-7.880128853760228 
-7.900915445043907 
-7.769579292850726 
-8.27914597861664 
-7.978193491267951 
-7.899407798611518 
-7.767216249750085 
-8.189776722047798 
-8.078062206677993 
-8.076423007844308 
-8.39626176005375 
-8.327309150044579 
-8.199800035319567 
-8.03649787835369 
-8.246285149158313 
-8.19410347644307 
-8.293606386919494 
-8.147522991750872 
-8.209958110671291 
-8.330672003246722 
-8.31714447682592 
-8.233499945658894 
-8.3586712838771 
-8.382490014986574 
-8.388706890680698 
-8.281024507499136 
-8.31997484777595 
-8.46768517812175 
-8.480195822681496 
-8.48226574727135 
-8.433916792406038 
-8.37654859317093 
-8.380021591677902 
-8.482405757504937 
-8.49348725076397 
-8.497611124331057 
-8.518983615264476 
-8.50624914708061 
-8.633432175336074 
-8.589938252087663 
-8.641124334994444 
-8.61179422773304 
-8.619065101308173 
-8.613902764641054 
-8.708626442425 
-8.717414941754686 
-8.707256474246073 
-8.706318521614008 
-8.707441000122028 
-8.714096437188163 
-8.71933859936953 
-8.739414231709137 
-8.734594739328461 
-8.737491391297924 
-8.76420296776566 
-8.761096470998442 
-8.76401518982915 
-8.759021029576813 
-8.760841450113423 
-8.766012906292199 
-8.775318632026488 
-8.777262227017365 
-8.772902770481327 
-8.775820123235015 
-8.775726273001009 
-8.777837738713025 
-8.785737102252627 
-8.795451413239247 
-8.799017904264261 
-8.798968707493527 
-8.805273549146856 
-8.805844262164278 
-8.806254089032002 
-8.817585741015847 
-8.817828834793678 
-8.813015922759433 
-8.806289319098681 
-8.80971760752708 
-8.810505598832828 
-8.811532773228768 
-8.815634657743912 
-8.813709379109802 
-8.817267051732879 
-8.816698599009 
-8.823185411824259 
-8.822933969991984 
-8.823108524671214 
-8.822670597229388 
-8.824837843151494 
-8.824562738664625 
-8.82460216003873 
-8.825190316573543 
-8.824605380294955 
-8.824864665643029 
-8.826112905986443 
-8.826322228501542 
-8.826513887621251 
-8.82646783493333 
-8.826725631165646 
-8.826944641002134 
-8.827213170445674 
-8.827212488204403 
-8.826894861625862 
-8.826889505516906 
-8.82681007426031 
-8.827172011996504 
-8.827350013356687 
-8.827539733783407 
-8.827503744352406 
-8.827505217198391 
-8.827592097655689 
-8.827702709676931 
-8.827562097794296 
-8.82759928498708 
-8.827563730552104 
-8.827549915734945 
-8.827616387511855 
-8.827659044570018 
-8.827745671342235 
-8.82791373728682 
-8.82780258691521 
-8.82810620197853 
-8.828154057497425 
-8.828142686740202 
-8.8279305413086 
-8.827982570742723 
-8.827975109237016 
-8.827914907570031 
-8.827881145630888 
-8.828042789802835 
-8.828111236925697 
-8.828115886147943 
-8.828096207994415 
-8.828112531461242 
-8.828116615555244 
-8.828114144293194 
-8.828126182591085 
-8.828131182712564 
-8.828669169761241 
-8.82853053644575 
-8.828528750797897 
-8.828383223459511 
-8.828602921444881 
-8.828649248493958 
-8.8287376368369 
-8.828751812689406 
-8.828769553863491 
-8.828767230658952 
-8.828750627085885 
-8.828750887788622 
-8.828751150510907 
-8.82874449827396 
-8.828853472538185 
-8.828865340328464 
-8.82888166252869 
-8.828875937235171 
-8.828957757761042 
-8.828931004639692 
-8.828931117622508 
-8.82894627918482 
-8.829024507187649 
-8.828982537408985 
-8.829027265185964 
-8.829015965358822 
-8.829012045399372 
-8.829065314078633 
-8.829079184411249 
-8.829054398094893 
-8.829073522221096 
-8.829079719498537 
-8.829160409103032 
-8.82915962249214 
-8.829155608225 
-8.829163275599946 
-8.829150568377125 
-8.829147917495016 
-8.829236290983738 
-8.829250883276684 
-8.829275263466457 
-8.829275103746086 
-8.829365221730992 
-8.829363799280562 
-8.829423191739604 
-8.829452798349955 
-8.829457772111493 
-8.82951089170581 
-8.82953162935999 
-8.829530965102625 
-8.829539631177775 
-8.829539685080126 
-8.829548402228797 
-8.829579800783073 
-8.82959536120122 
-8.829609570580192 
-8.82960953190791 
-8.82967941366328 
-8.829680660477928 
-8.829691320108953 
-8.829714102091446 
-8.829725712808777 
-8.829746927563974 
-8.829746328074656 
-8.829750346387655 
-8.82975455975393 
-8.82976320327651 
-8.829767447071449 
-8.829772054483982 
-8.829773778517602 
-8.829796799047868 
-8.829795043387426 
-8.829797755314324 
-8.829815092407399 
-8.82983042588346 
-8.829834552699333 
-8.829847392437001 
-8.829847396168539 
-8.829847390528439 
-8.829847547348438 
-8.829847550366908 
-8.829848379933043 
-8.829859030637062 
-8.829866203610424 
-8.829866881707497 
-8.829871917114875 
-8.829886228899905 
-8.829885156624387 
-8.82988907384497 
-8.829891979799658 
-8.829892401112653 
-8.829899640930867 
-8.82989673261112 
-8.829899442606612 
-8.829913171000193 
-8.829914644101342 
-8.82991490616569 
-8.829917704997733 
-8.829917355667519 
-8.829917735698709 
-8.829919496758423 
-8.82992240129653 
-8.829925571153707 
-8.829927618253965 
-8.829933573060034 
-8.829932406436635 
-8.829934768243307 
-8.829934248218214 
-8.829939229881523 
-8.829942295361588 
-8.829956554349945 
-8.829956689377566 
-8.829957534916014 
-8.829988603957782 
-8.829988908719637 
-8.830008579290247 
-8.830010712394952 
-8.830010715047173 
-8.830009340641483 
-8.83000868392839 
-8.830010616656036 
-8.830009769442364 
-8.830015304932628 
-8.830014077609938 
-8.830015270891128 
-8.830015263142428 
-8.830014172136252 
-8.830065001210912 
-8.830081492533083 
-8.830083593419808 
-8.8300835274882 
-8.830086723127081 
-8.830089180122185 
-8.830096874947637 
-8.83011182615055 
-8.83011169154545 
-8.8301142566899 
-8.830119819399648 
-8.830119889649232 
-8.830127149303799 
-8.830164277153758 
-8.830163706308117 
-8.830169933699885 
-8.830172839139927 
-8.830176793537326 
-8.830179375451442 
-8.830187161548947 
-8.830206020869477 
-8.830206820093192 
-8.830206732447879 
-8.830217283550885 
-8.830234819751887 
-8.830237753694416 
-8.830238660477903 
-8.830237385122839 
-8.830246602362026 
-8.83024973074333 
-8.830267199095774 
-8.830267409991713 
-8.830275235749525 
-8.830285433131717 
-8.830289437032674 
-8.830288819825013 
-8.830284075809498 
-8.830284223611272 
-8.830284460182085 
-8.830306666365106 
-8.830311667569516 
-8.830314022018928 
-8.830324130274278 
-8.830324085508629 
-8.8303247990194 
-8.830328431162638 
-8.830330498189115 
-8.830342226061369 
-8.830344081059815 
-8.830361091174048 
-8.830362917318581 
-8.830370011480033 
-8.83037064538341 
-8.830372972733874 
-8.83037357948511 
-8.83037617610666 
-8.830378796354454 
-8.830382557688326 
-8.830382517778528 
-8.83038574279396 
-8.830388835843495 
-8.830388661869744 
-8.830412743356908 
-8.830414266470859 
-8.830413770765183 
-8.830420148987596 
-8.830420415778274 
-8.83042041758002 
-8.830420177119574 
-8.830429749310488 
-8.830437876044083 
-8.830444575223103 
-8.830444380930857 
-8.830452934581627 
-8.830453393720804 
-8.830453576727269 
-8.830457543470992 
-8.830454375643601 
-8.83045530309065 
-8.83047700420897 
-8.830480757578377 
-8.830488946021694 
-8.83051979881124 
-8.830519737576049 
-8.830519901011648 
-8.830523335818523 
-8.830562975324325 
-8.830566017020747 
-8.830565070764951 
-8.830567628541148 
-8.830568581901105 
-8.830580641591943 
-8.830585543684837 
-8.830589967074728 
-8.830592819631708 
-8.830592897202873 
-8.830592425335354 
-8.830601038189442 
-8.830604074572847 
-8.830619731705736 
-8.830619890209626 
-8.830620540029201 
-8.830620451281892 
-8.830635310137865 
-8.830638523682305 
-8.830657234571374 
-8.830657757407987 
-8.830657919084475 
-8.830657783545888 
-8.830657542427982 
-8.830657670286637 
-8.830657782144238 
-8.830660240515442 
-8.83067457050486 
-8.830688623216053 
-8.830693207604522 
-8.830696433295639 
-8.830696888133197 
-8.830695463096166 
-8.830695486540558 
-8.830698015222398 
-8.830702232081045 
-8.830702462185966 
-8.830704886278744 
-8.83070488637151 
-8.830717171307665 
-8.830717267319097 
-8.830718232775936 
-8.83071854338231 
-8.830726622637382 
-8.830744895094616 
-8.830745887863605 
-8.830745547836697 

 Time 
13.099972009658813 
