Energy 
 
2.6208494160309734 
2.632114187153036 
1.508409372447677 
1.4396895864777506 
1.4784152672664628 
-2.002713167702115 
-2.1274916361598626 
-2.4155332795282125 
-4.932983398844912 
-5.6497418395185015 
-5.683447301239882 
-7.555954863208475 
-7.644168394856984 
-7.767498130775882 
-7.690760567427715 
-8.383579388494894 
-8.094939199581011 
-8.074486048763731 
-8.316175365188153 
-8.256518908964441 
-8.252375000358374 
-8.27228648003584 
-8.876200724263539 
-8.904340056786456 
-8.891181159157588 
-9.706417827705053 
-9.716541293801356 
-9.743319646419396 
-9.814826811808533 
-10.004937317979268 
-10.07084581608954 
-10.3676484299457 
-10.31764885310247 
-10.41886980381693 
-10.590402197954084 
-10.610099304573273 
-10.568078119337889 
-10.583654195105732 
-10.382445586679983 
-10.471101642196734 
-11.18226909728258 
-11.271098399451725 
-12.04131881728994 
-12.179378212021483 
-11.925917602752254 
-11.831774179251314 
-10.952983870705134 
-11.022505434969103 
-11.33854952835129 
-11.518637580184667 
-11.824293185031205 
-11.823762050948833 
-11.205657547698822 
-11.387208279583213 
-11.552261822054426 
-12.322649057721591 
-12.449120402906276 
-12.51683203677392 
-12.588956259630805 
-12.759177291753598 
-13.168724139992987 
-13.170054535584578 
-13.223424210797416 
-13.230897381554103 
-13.260501902833868 
-13.440930758514133 
-13.791923226473344 
-13.85695210925043 
-13.322134760847185 
-13.323781495090346 
-13.302927689998052 
-13.327824334509865 
-13.410493148581358 
-13.418613775841258 
-13.446607756113345 
-13.491145352479062 
-13.577699135294484 
-13.633269607164317 
-13.737726159540317 
-13.764594815038505 
-13.848991526926573 
-13.8872199858895 
-13.936435573859278 
-14.072531450487709 
-14.144485722048184 
-14.024462714098643 
-14.031510300174492 
-14.030319555042633 
-14.081848973181657 
-14.125870172225984 
-14.148434285892446 
-14.14830604711649 
-14.25779028017711 
-14.276857155276458 
-14.318633595338321 
-14.266094616327079 
-14.26225039924418 
-14.295375877556934 
-14.299074164466823 
-14.302960455232652 
-14.313569828774815 
-14.314664632780202 
-14.360653190077356 
-14.386496671032695 
-14.413188909195965 
-14.423979056172257 
-14.4487588709282 
-14.440569532799842 
-14.43828671155368 
-14.448274126868714 
-14.445431959578473 
-14.43581176283875 
-14.485974305143731 
-14.50067932905263 
-14.502730235116909 
-14.495452529109983 
-14.499639036759504 
-14.513684160186088 
-14.522555449472524 
-14.524419641104151 
-14.522814990414904 
-14.540094283919148 
-14.551126469277332 
-14.55641627013037 
-14.557170506093959 
-14.561020279496347 
-14.563153804533735 
-14.583513818603786 
-14.587834452952196 
-14.579322702584872 
-14.580819302935609 
-14.58248494758498 
-14.58851945071067 
-14.59085551519842 
-14.598772701421549 
-14.60107360831714 
-14.602825162760041 
-14.60170202530158 
-14.60211918653369 
-14.601612351044553 
-14.604121959877117 
-14.60746547237424 
-14.60735656255061 
-14.610410622110662 
-14.611907668571636 
-14.618891754859746 
-14.619095361247467 
-14.616418296929085 
-14.63036587136827 
-14.632335652700684 
-14.631035503229022 
-14.63106126951896 
-14.631140856455234 
-14.630451889047764 
-14.631513635233045 
-14.637685089530168 
-14.64935492162177 
-14.651654803852656 
-14.667310804141511 
-14.66813047727665 
-14.668978618098754 
-14.66908541375115 
-14.680465817098533 
-14.680335997720535 
-14.680832083297295 
-14.681184944877053 
-14.681257528243355 
-14.686193033220993 
-14.689693213544956 
-14.69072327409178 
-14.694753720201906 
-14.694707822610372 
-14.700639575464095 
-14.70309877703209 
-14.702987302920082 
-14.704179572927565 
-14.711650977806148 
-14.710933760595802 
-14.711032672220519 
-14.71103630074267 
-14.715435932821805 
-14.716449421162046 
-14.717687748823366 
-14.717659867716858 
-14.721940483738258 
-14.723115257300112 
-14.723819958104052 
-14.723998685305045 
-14.724301546895246 
-14.733116953677694 
-14.732957399719535 
-14.732997958634508 
-14.733365453954033 
-14.733705754538326 
-14.734227900460288 
-14.736605738698955 
-14.736199080032334 
-14.736937245998206 
-14.737191044988284 
-14.739015408314168 
-14.73891871257844 
-14.738893955122828 
-14.738931822443925 
-14.737498011469238 
-14.737318225868743 
-14.737402593480265 
-14.737402312493469 
-14.737565674462127 
-14.737641071556986 
-14.740813420896812 
-14.74094855777641 
-14.740800893823707 
-14.740926694234034 
-14.740973946372376 
-14.740995554297813 
-14.741082714332265 
-14.7410484264333 
-14.741166241289505 
-14.741609146926033 
-14.741727433189633 
-14.742524649826004 
-14.742567959889909 
-14.742904673033053 
-14.743525244419844 
-14.743552132332605 
-14.743530200764924 
-14.743663426417903 
-14.74369740712968 
-14.743709914342551 
-14.743926778408202 
-14.74392526497396 
-14.744012250222212 
-14.743941658501637 
-14.74397293812974 
-14.743977309585603 
-14.74418228581376 
-14.744196194262909 
-14.744090146057143 
-14.744083220525056 
-14.74419523359798 
-14.744206787582012 
-14.744440390906082 
-14.744432918338594 
-14.744431967617736 
-14.744597928616827 
-14.744648643504341 
-14.744652652787188 
-14.744714937540346 
-14.744715497911557 
-14.744716131885772 
-14.744720092226295 
-14.744719813117195 
-14.744731693096497 
-14.744731354879221 
-14.744745053353915 
-14.744795007176155 
-14.744793150638305 
-14.744795398638152 
-14.744795299340465 
-14.7448329378625 
-14.744834108505739 
-14.744836663018395 
-14.74484756392923 
-14.744847282010795 
-14.744856847788602 
-14.74485531734652 
-14.744848933069314 
-14.744853247906796 
-14.744862742651897 
-14.744873996132569 
-14.74487379070618 
-14.744913213535787 
-14.744916801771623 
-14.744916932254647 
-14.744926479862562 
-14.744937995526932 
-14.744940279046075 
-14.744941851537018 
-14.744942706150272 
-14.744943366863328 
-14.744943935431323 
-14.744958972247431 
-14.74496283403693 
-14.744970027023868 
-14.744969496996337 
-14.744975230462536 
-14.74498207650605 
-14.744983192453386 
-14.744983525676044 
-14.744990089187263 
-14.744993271711355 
-14.744994872837285 
-14.744994951101946 
-14.744995306039435 
-14.744995214194578 
-14.744995377621393 
-14.744994960259826 
-14.744995717641562 
-14.74499390755839 
-14.744997362841406 
-14.744997450756628 
-14.744997657043568 
-14.745011310841857 
-14.745021152601701 
-14.745021061160452 
-14.745021690448167 
-14.745025216812955 
-14.745025816590797 
-14.745026941059846 
-14.745028344869331 
-14.74503475231124 
-14.745034781031832 
-14.745035793960042 
-14.745052231512702 
-14.745054611143848 
-14.745054448733075 
-14.745055073876951 
-14.745058031254528 
-14.745068932461571 
-14.745071225167724 
-14.745076952578115 
-14.745077262057253 
-14.74507724497541 
-14.745079123494065 
-14.745078714413603 
-14.745083772965481 
-14.745083012854783 
-14.745092250399479 
-14.745091957039442 
-14.74509371540498 
-14.745120696295563 
-14.745130139515327 
-14.745130841278787 
-14.745139360248364 
-14.745138131505582 
-14.745151217860059 
-14.745151195153028 
-14.745156721622937 
-14.74515615563643 
-14.745160045835675 
-14.745159681191343 
-14.745159532304053 
-14.745159671290422 
-14.745177116470268 
-14.745177408901874 
-14.745177193869496 
-14.74517781184765 
-14.745191250804371 
-14.745202179925172 
-14.745204045678566 
-14.745205203783058 
-14.745219618036362 
-14.745219253162738 
-14.745215466976807 
-14.745216445677222 
-14.745218430820394 
-14.745218606136325 
-14.74522014496114 
-14.745223766877293 
-14.745225163676393 
-14.745230232629938 
-14.74524852685239 
-14.745247925894308 
-14.745269729667484 
-14.74529578316254 
-14.74529637047193 
-14.745295687674373 
-14.74531320230333 
-14.745314972786915 
-14.745315897624575 
-14.745315165737141 
-14.74531508730839 
-14.745318918981408 
-14.7453201021363 
-14.745320073434272 
-14.745318889958032 
-14.745317360286101 
-14.745317300968527 
-14.745323100283652 
-14.745324122238195 
-14.745325363682994 
-14.745323510617538 
-14.745323254869007 
-14.745324984835703 
-14.74532870629019 
-14.74532966478978 
-14.745329874793034 
-14.745329229044799 
-14.745329045317682 
-14.745329670503441 
-14.745329500704493 
-14.745340558176027 
-14.745340750070483 
-14.745346678881639 
-14.745356550942041 
-14.745356553218814 
-14.745360023101986 
-14.745359478305547 
-14.74536289564995 
-14.745366344245387 
-14.745367217352165 
-14.745367356904227 
-14.745377372584453 
-14.745401223429006 
-14.745408209640317 
-14.745410424905526 
-14.74541184339868 
-14.745417693933078 
-14.745419103709864 
-14.745418881672151 
-14.74541875693748 
-14.7454199973317 
-14.74542328427843 
-14.745423423344507 
-14.745423626843788 
-14.745424968108406 
-14.745424446183115 
-14.745424540852337 
-14.745424203352771 
-14.745425106919225 
-14.745430893779105 
-14.7454321555381 
-14.745433682596358 
-14.745442473494172 
-14.745442998997877 
-14.745442136435875 
-14.745448578500783 
-14.745448752643055 
-14.7454531885171 
-14.745452135057638 
-14.745457440677473 
-14.745457542161958 
-14.745457627809545 
-14.745458360537745 
-14.745457089753161 
-14.745457947117828 
-14.745464172071397 
-14.745459110246967 
-14.745459433904587 
-14.745458923798283 
-14.74545798092989 
-14.745461243590569 
-14.74546290175307 
-14.745463257836326 
-14.745461896391635 
-14.74545968397594 
-14.74545931732252 
-14.745460046039332 
-14.745456093396125 
-14.745455956015565 
-14.745457610894325 
-14.745463899863044 
-14.745463897265708 
-14.745473823552876 
-14.74547716740841 
-14.74547824558187 
-14.745489906283908 
-14.745491864668141 
-14.745488709293507 
-14.745493199668255 
-14.745495542858762 
-14.745497498823593 
-14.745497539901145 
-14.745508868596447 
-14.745505563107589 
-14.745512610114726 
-14.745512614320448 
-14.745518257101212 
-14.7455230909666 
-14.745522775872141 
-14.745525088096208 
-14.745521023141425 
-14.745521034544794 
-14.745520882329576 
-14.745521891609007 
-14.745523760748418 
-14.745524841535314 
-14.745524748548931 
-14.745525178926933 
-14.745533506706495 
-14.74553390287791 
-14.745535237323374 
-14.745535753875709 
-14.745536562614237 
-14.745537417569412 
-14.745537526888024 
-14.745537739184009 
-14.745546441848475 
-14.745549171982036 
-14.745554526558365 
-14.745555488972382 
-14.745556283088431 
-14.745560821165325 
-14.745565728222083 
-14.745566006281086 
-14.745566174528431 
-14.745567830397107 
-14.74556840988167 
-14.745567808978747 
-14.745567696299869 

 Time 
28.605329990386963 
