Energy 
 
-0.3013136220446028 
-0.638277570623673 
-1.055839416122541 
-1.6610711625625285 
-2.2789250035204205 
-2.8717733151384124 
-3.189849637026964 
-3.517848500598378 
-3.956747619139032 
-4.273379894080143 
-4.598840762174157 
-4.866715859239214 
-5.131695483288782 
-5.462287421729466 
-5.786576274684083 
-6.009926779727674 
-6.231018326288094 
-6.401184939757225 
-6.5602660552927 
-6.702039474466133 
-6.843372398707287 
-7.277908043866476 
-7.461726887322175 
-7.57308291382719 
-7.672758863137586 
-7.7634075718812365 
-7.848628225632895 
-7.928636732528362 
-8.004218823235293 
-8.074833493154078 
-8.140094349260771 
-8.200276078588429 
-8.254762496148938 
-8.305926440390518 
-8.352590597694968 
-8.397522010227808 
-8.43539128289869 
-8.46828751608051 
-8.49839990119712 
-8.527059554477795 
-8.553177227439061 
-8.57519595392813 
-8.594338395215933 
-8.611921903451005 
-8.628496780162415 
-8.643590617526959 
-8.657566126420985 
-8.67047105726355 
-8.682495508285948 
-8.69376167049373 
-8.704322821071038 
-8.715799115510004 
-8.72537609843111 
-8.73425459563655 
-8.742009477644682 
-8.749191910683813 
-8.755755324935187 
-8.761734909554413 
-8.76722474464956 
-8.772149178642692 
-8.776113148991314 
-8.781178411185568 
-8.785236011489424 
-8.788882187732993 
-8.792262978574826 
-8.795388625604824 
-8.798292480764891 
-8.800990208292053 
-8.803528883880482 
-8.80592734805899 
-8.808160502002469 
-8.810353099789108 
-8.812380477131384 
-8.814203361330698 
-8.815904742863449 
-8.817495232835324 
-8.81898134135546 
-8.820398817174304 
-8.821715551252968 
-8.822909790971355 
-8.82400803070682 
-8.825029027121866 
-8.82589008022392 
-8.826680033853634 
-8.827402714645391 
-8.828066324916268 
-8.828693885112592 
-8.82927789942261 
-8.829829408687685 
-8.830353296911094 
-8.830843314768801 
-8.831300066493357 
-8.831729383131602 
-8.832133746855384 
-8.832512636034275 
-8.832865904773127 
-8.83319450711768 
-8.833505989221916 
-8.83380163832925 
-8.834078013967384 
-8.834347857234835 
-8.83460267134224 
-8.834843290494158 
-8.835071009918273 
-8.835289978140711 
-8.835497818095934 
-8.835696400536715 
-8.835887648948288 
-8.836065346103432 
-8.836231864998517 
-8.836389404060496 
-8.836538631302728 
-8.83667999920215 
-8.836814928934434 
-8.836942821858836 
-8.837057102742454 
-8.837165710585625 
-8.837269004531326 
-8.837365490915627 
-8.837456840664426 
-8.837543643982514 
-8.837625919252755 
-8.837705660445405 
-8.837781650870708 
-8.837852101805945 
-8.837918857191152 
-8.837982390842823 
-8.838043014168754 
-8.838100954728917 
-8.838157005601454 
-8.838210602597838 
-8.838261687350167 
-8.838310480459445 
-8.838356916269465 
-8.8384016751469 
-8.83844681404075 
-8.838489993463595 
-8.838531324273992 
-8.838570696044993 
-8.838608224360426 
-8.838644138991084 
-8.838677546474264 
-8.838709800721492 
-8.838740517773234 
-8.83876948985042 
-8.838797164367644 
-8.838823662663717 
-8.838849081829617 
-8.83887357773148 
-8.838897078415588 
-8.838919825823062 
-8.838941518023638 
-8.838962215777627 
-8.838982083590261 
-8.83900108998097 
-8.839019455684781 
-8.839037097754797 
-8.839054290384349 
-8.839070693117723 
-8.839086433449204 
-8.839101807097874 
-8.839116553714291 
-8.839130734632135 
-8.839144225969482 
-8.839157096395901 
-8.83916947380441 
-8.839181381381035 
-8.839192941557464 
-8.839204053948421 
-8.839214818158826 
-8.839225540461173 
-8.839235974291524 
-8.839245699096004 
-8.839254815071833 
-8.839263628081026 
-8.839272014804694 
-8.839280152763651 
-8.839288037275537 
-8.839295856485016 
-8.839303457751278 
-8.839310777095523 
-8.839317914222988 
-8.83932483862035 
-8.839331560806137 
-8.839338174304958 
-8.839344564395784 
-8.839350768174937 
-8.839356787868264 
-8.83936263762888 
-8.839368259474014 
-8.839373764359513 
-8.839379183504246 
-8.83938446223684 
-8.839389619342422 
-8.83939458117305 
-8.839399426428443 
-8.839404196595796 
-8.839408860307577 
-8.839413344547292 
-8.839417722446367 
-8.839422008905382 
-8.839426272460326 
-8.839430400735571 
-8.839434454254478 
-8.839438471347458 
-8.839442414403733 
-8.839446293804864 
-8.839450097469516 
-8.839453805994184 
-8.839457443328513 
-8.839461061964315 
-8.839464598586282 
-8.839468062262315 
-8.8394714548559 
-8.839474810889861 
-8.839478165166424 
-8.83948143295031 
-8.839484647288096 
-8.839487824368232 
-8.83949094314753 
-8.83949401482248 
-8.83949701932077 
-8.839499969813385 
-8.839502701053972 
-8.839505425262027 
-8.839508114588773 
-8.839510738511642 
-8.839513334032791 
-8.839515903882761 
-8.83951838339945 
-8.839520839439706 
-8.839523268098342 
-8.839525673209428 
-8.839528070545803 
-8.839530434727108 
-8.839532769290548 
-8.839535121871439 
-8.839537411245319 
-8.839539666073886 
-8.839541891466316 
-8.839544108328937 
-8.839546310021216 
-8.839548498000848 
-8.83955067851255 
-8.839552844450246 
-8.839554966140797 
-8.839557073974143 
-8.839559179283468 
-8.83956125997648 
-8.839563328370156 
-8.839565378004291 
-8.839567417160682 
-8.839569447404399 
-8.839571465575949 
-8.839573503306283 
-8.83957554034349 
-8.839577578871445 
-8.839579603395363 
-8.839581620561209 
-8.83958365737817 
-8.839585704908927 
-8.83958774499003 
-8.839589779136732 
-8.839591811166907 
-8.83959383036844 
-8.839595833546223 
-8.839597838715786 
-8.839599837414873 
-8.83960184483477 
-8.839603875575946 
-8.839605899498624 
-8.83960789948074 
-8.839609892794272 
-8.839611879143954 
-8.83961391051524 
-8.839615906301306 
-8.839617896628521 
-8.839619874676819 
-8.839621842461586 
-8.839623797145723 
-8.83962574579313 
-8.839627688643505 
-8.83962962414477 
-8.839631543078468 
-8.839633502956161 
-8.839635527458846 
-8.839637540699593 
-8.839639544077977 
-8.839641536232335 
-8.839643517953736 
-8.839645496978717 
-8.839647464818693 
-8.839649448469471 
-8.839651410854321 
-8.839653365753014 
-8.839655334108624 
-8.839657297773487 
-8.839659278225549 
-8.839661253793029 
-8.839663260592264 
-8.839665310916565 
-8.839667355896392 
-8.839669376546981 
-8.839671386623982 
-8.839673390419826 
-8.839675388467622 
-8.839677379402259 
-8.839679361045338 
-8.83968133917315 
-8.839683311962075 
-8.83968528513601 
-8.839687252663516 
-8.83968921522377 
-8.839691172891117 
-8.839693089778322 
-8.839694978675738 
-8.839696842321054 
-8.839698731455123 
-8.839700617343636 
-8.839702499242252 
-8.839704372360172 
-8.839706243097481 
-8.839708110403897 
-8.839710015677792 
-8.839711951594378 
-8.83971391918807 
-8.839715881482848 
-8.839717838772083 
-8.839719791592554 
-8.839721739409715 
-8.839723681291042 
-8.83972562026506 
-8.83972752436007 
-8.839729430747136 
-8.839731318292214 
-8.839733189502873 
-8.839735042687794 
-8.839736891224154 
-8.839738693233206 
-8.839740490520338 
-8.839742283336609 
-8.83974406841213 
-8.839745850222945 
-8.839747614376739 
-8.83974937106015 
-8.839751130349175 
-8.839752878389127 
-8.8397546228046 
-8.839756363669046 
-8.839758103607506 
-8.839759840603165 
-8.839761574500642 
-8.839763305153246 
-8.839765032632961 
-8.83976675722391 
-8.83976848584717 
-8.83977019658273 
-8.839771902732018 
-8.839773591744542 
-8.839775292402521 
-8.83977698922267 
-8.839778682326058 
-8.839780351630674 
-8.83978201851509 
-8.839783683363486 
-8.839785334908925 
-8.839786982940852 
-8.839788655017141 
-8.839790325803294 
-8.839791994244871 
-8.839793643935304 
-8.839795288203797 
-8.83979692627212 
-8.839798565366719 
-8.839800201453535 
-8.839801834530151 
-8.839803465498623 
-8.839805093559708 
-8.839806718797421 
-8.83980833677836 
-8.839809953676058 
-8.839811579791574 
-8.839813162990577 
-8.839814746855017 
-8.839816331414413 
-8.83981791310014 
-8.83981948410025 
-8.839821048515399 
-8.839822600567436 
-8.839824151045265 
-8.839825720916 
-8.839827289373469 
-8.839828856131154 
-8.839830418530621 
-8.839831971755324 
-8.839833522522875 
-8.839835068922817 
-8.839836611789977 
-8.839838159724248 
-8.839839708188089 
-8.83984125421013 
-8.839842800098008 
-8.839844336094753 
-8.839845869359078 
-8.839847399112243 
-8.839848926732637 
-8.839850451301077 
-8.83985197831513 
-8.839853500986981 
-8.839855024808047 
-8.839856550256297 
-8.839858081880257 
-8.839859609584606 
-8.839861139095227 
-8.839862663938858 
-8.839864184460357 
-8.839865702315265 
-8.839867218052953 
-8.8398687311983 
-8.839870231868712 
-8.839871729526788 
-8.83987322260158 
-8.839874718823324 
-8.83987621441008 
-8.839877706959847 
-8.839879204711329 
-8.839880697832738 
-8.839882187243486 
-8.839883673340452 
-8.839885156599301 
-8.83988663081405 
-8.839888102130402 
-8.83988957242653 
-8.839891040171054 
-8.839892505276822 
-8.839893968394268 
-8.839895428737568 
-8.839896887120132 
-8.83989832688544 
-8.839899768760626 
-8.83990120773224 
-8.839902646082813 
-8.839904082067527 
-8.839905511608947 
-8.839906933047368 
-8.839908351870422 
-8.83990976830885 
-8.839911181512605 
-8.839912587759748 
-8.839913991570118 
-8.839915390941941 
-8.839916789737053 
-8.839918187323883 
-8.839919590780438 
-8.83992099183538 
-8.839922384193377 
-8.839923774627492 
-8.839925165128836 
-8.839926552718682 
-8.839927937363921 
-8.839929313144895 
-8.839930683475623 
-8.839932049974871 
-8.839933411302459 
-8.839934775659447 
-8.839936137430264 
-8.83993749709631 
-8.839938854465757 
-8.839940208707485 
-8.839941561290575 
-8.839942909533358 
-8.839944255893636 
-8.839945600057629 
-8.839946943454843 
-8.839948283253934 
-8.839949620873861 
-8.839950962152948 
-8.839952305914426 
-8.839953644191803 
-8.839954971199116 
-8.839956283270416 
-8.839957599276886 
-8.839958903394239 
-8.83996020667549 
-8.839961507179687 
-8.839962805803482 
-8.839964101255887 
-8.839965393683046 
-8.839966684431841 
-8.839967973591174 
-8.839969262987855 
-8.839970550128442 
-8.839971853272466 
-8.839973155955104 
-8.83997445643097 
-8.839975754163278 
-8.839977068656976 
-8.839978383794042 
-8.839979694857874 
-8.839981006885077 

 Time 
591.7133839130402 
