Energy 
 
-0.3013136220446028 
-1.771461953506534 
-1.9126294789714804 
-2.116968516934138 
-2.115395219519252 
-2.0167965440721782 
-2.0323950978633185 
-2.0475011357895045 
-2.4294430027018565 
-3.115210101461188 
-4.064916283756189 
-3.9581341559099865 
-4.0505806419789065 
-4.09020160175366 
-4.160092994095546 
-4.935040102708516 
-4.847601747035781 
-5.05410172757043 
-5.186880760131293 
-5.613938352856333 
-5.9203038179414085 
-6.134748036004257 
-6.141697277188834 
-6.278654469770891 
-6.522701657103892 
-6.493676604645641 
-6.614498190012487 
-6.689464697949468 
-6.701230481746171 
-6.793637176362383 
-6.814525487264591 
-6.743927217437653 
-6.665220861961527 
-6.897105897585508 
-6.969798641286758 
-6.99188754909228 
-7.355707953563673 
-7.391982344418036 
-7.609205873490073 
-7.665489899409294 
-7.665637567719406 
-7.754710505950878 
-7.770055833509199 
-7.7869374746010935 
-7.936705758394358 
-7.943098303814585 
-8.018839638361094 
-8.029661930259264 
-8.071440481036257 
-8.127705450522539 
-8.137043823497287 
-8.209968253271231 
-8.327871914230975 
-8.330318680629325 
-8.330341289875536 
-8.334197208404468 
-8.365350003801716 
-8.367980071425603 
-8.36792774582106 
-8.43237624120102 
-8.432035437949256 
-8.434178337150426 
-8.439030725043994 
-8.452450433087826 
-8.535851064306375 
-8.541622632112635 
-8.547287329345034 
-8.549257773561598 
-8.554686760271554 
-8.558453233552193 
-8.56468874217556 
-8.604338679934553 
-8.640286471505787 
-8.648187612075455 
-8.650841920322897 
-8.738100182940938 
-8.739078561031807 
-8.75822562347416 
-8.758465150725861 
-8.759734050580139 
-8.759983222514885 
-8.75998128266921 
-8.772691239232868 
-8.789781995409987 
-8.794508960090429 
-8.795237235264022 
-8.795334599892463 
-8.795733404381107 
-8.798867692796382 
-8.802066416201946 
-8.802014396649417 
-8.804048736275114 
-8.805513823649843 
-8.805965192222505 
-8.808841939628753 
-8.809078016532872 
-8.809094614531336 
-8.809295192731526 
-8.80990436944442 
-8.811222224140698 
-8.811771815792634 
-8.812110801881841 
-8.813944310771713 
-8.81538524674527 
-8.815646466210756 
-8.81564811859043 
-8.815993679178455 
-8.817406683720987 
-8.817936071417304 
-8.817937004442605 
-8.81801612946504 
-8.818274657982904 
-8.818433669255377 
-8.81847231269139 
-8.819110896949766 
-8.819428854266748 
-8.819461448080453 
-8.819583881172672 
-8.819705298118658 
-8.819857811929502 
-8.819954839524287 
-8.820025899972686 
-8.820034719706943 
-8.82004764191644 
-8.82023759011537 
-8.820244598412033 
-8.820245921720117 
-8.820279612607314 
-8.82030063780521 
-8.820572312993747 
-8.820659750232569 
-8.820692973308311 
-8.820702109587776 
-8.820725361308092 
-8.820720162292533 
-8.820833425623801 
-8.820947292706851 
-8.820961399026306 
-8.82096494265463 
-8.820971080071402 
-8.820979152043403 
-8.820987311487587 
-8.82119777539303 
-8.821222778879651 
-8.821221373360727 
-8.821341819378134 
-8.821341794621333 
-8.82141043009027 
-8.82157948292393 
-8.821584351769255 
-8.821586038001533 
-8.821585312349766 
-8.821605151552133 
-8.821626832293886 
-8.821630680289916 
-8.821745807462268 
-8.821797211414822 
-8.821857208815263 
-8.82185971839346 
-8.821868736205301 
-8.821869270253217 
-8.821869247480569 
-8.821874268108756 
-8.821920667281846 
-8.821949648825047 
-8.82194937276897 
-8.821980001303526 
-8.821980120214066 
-8.82199197938714 
-8.821991843531215 
-8.822197794381413 
-8.822303340608794 
-8.822332266468646 
-8.822358911183265 
-8.822366450377295 
-8.822373733658877 
-8.822395329645376 
-8.822414213569115 
-8.82244895895921 
-8.822460077891348 
-8.822461270854687 
-8.822475500583275 
-8.822497071870183 
-8.8225315849614 
-8.822535431869628 
-8.822547706257849 
-8.822553040333084 
-8.822576043151594 
-8.82258000974125 
-8.822611646894279 
-8.82261162449837 
-8.822612554954588 
-8.822631859554646 
-8.822639161652688 
-8.82264088502577 
-8.822641594287683 
-8.822663532517426 
-8.822663543298228 
-8.822698535495448 
-8.822699519250833 
-8.822699511946574 
-8.822699144239667 
-8.822716102021179 
-8.822719829943997 
-8.822719397210616 
-8.822727760279937 
-8.82272889275053 
-8.822759133137847 
-8.822760604396649 
-8.822784734803186 
-8.822786496714572 
-8.822796428454494 
-8.82279642989382 
-8.822811290653485 
-8.822821447945927 
-8.82283379852098 
-8.82283700787995 
-8.82287593247081 
-8.82287687855797 
-8.822881485484425 
-8.822881844972827 
-8.822882983858758 
-8.822888416598927 
-8.822890791197015 
-8.82289084114717 
-8.822891691343997 
-8.822909572608904 
-8.82291274276813 
-8.822919550139881 
-8.822929394260319 
-8.822931232698833 
-8.822931354725046 
-8.822935148369032 
-8.82294713409605 
-8.822948392945586 
-8.822948612535274 
-8.82295197638899 
-8.822959341854284 
-8.82296406330443 
-8.822982937468883 
-8.822983171558517 
-8.822991964432083 
-8.822992008585324 
-8.822997151699704 
-8.823006758097101 
-8.823006868798474 
-8.823017751351449 
-8.823021413565552 
-8.823021225082684 
-8.823023688381824 
-8.823026703984015 
-8.823026833971266 
-8.823028658321354 
-8.823033452160054 
-8.823039027899904 
-8.823088623989912 
-8.823128311123936 
-8.823135856849902 
-8.823135533300903 
-8.823145720848636 
-8.823145736105982 
-8.823173985590703 
-8.82323505326412 
-8.823240088396615 
-8.82325483628311 
-8.823254842523303 
-8.82325747179062 
-8.823260384399076 
-8.823269914593284 
-8.823282842694596 
-8.82328316158683 
-8.82328317871999 
-8.823283479471918 
-8.823283465784684 
-8.823290448652811 
-8.82329966123594 
-8.823299692280944 
-8.823303251585742 
-8.823309160853807 
-8.823309335686272 
-8.823310846002856 
-8.823313503475928 
-8.823313666317635 
-8.823315942868627 
-8.823317679485918 
-8.823323876954852 
-8.823324408947343 
-8.823327013085683 
-8.823327889251223 
-8.823329955374065 
-8.823331077051844 
-8.8233334084982 
-8.82335101398354 
-8.823353839540232 
-8.823353713701806 
-8.823360184152222 
-8.82336230008821 
-8.82337525187774 
-8.823375104042169 
-8.823379046909357 
-8.823382107235833 
-8.82338296304968 
-8.823388331556654 
-8.823388439695275 
-8.823398339055343 
-8.823398279578383 
-8.82339959926308 
-8.823400950973344 
-8.82340937781598 
-8.82340986457313 
-8.8234099654691 
-8.823409956957393 
-8.823417764919279 
-8.823418516913087 
-8.8234205037563 
-8.823427926131538 
-8.823428457909761 
-8.82342864136167 
-8.823430393021555 
-8.823435604168754 
-8.823437186762211 
-8.823437189062165 
-8.82343737581983 
-8.823438163872195 
-8.8234384055334 
-8.823438964156932 
-8.823438951493717 
-8.823448750627664 
-8.82345011671889 
-8.823450718000263 
-8.823457706891695 
-8.82345926256936 
-8.823493868568487 
-8.823494110204162 
-8.823542747962836 
-8.823543350353269 
-8.82354335889954 
-8.823545925348975 
-8.823552284059902 
-8.82355229207488 
-8.823554276169766 
-8.823555599212375 
-8.823559506263013 
-8.823560012140256 
-8.823560262587774 
-8.823560528202417 
-8.823560551297632 
-8.823582428530244 
-8.823592280796156 
-8.823599020054852 
-8.823599446170139 
-8.823603173270604 
-8.823603182499953 
-8.823610443454411 
-8.823610663263562 
-8.823611485766891 
-8.823612747333197 
-8.823613449288162 
-8.823635830917274 
-8.823637751074415 
-8.823643373706762 
-8.823648357430068 
-8.823664080516648 
-8.823670993455659 
-8.8236709508226 
-8.823673556415242 
-8.823688662309918 
-8.82370022801053 
-8.823710306127717 
-8.823712414697146 
-8.82371361354881 
-8.823713579954774 
-8.823728754251938 
-8.823728732045648 
-8.823728786419458 
-8.823738017101443 
-8.82373884803889 
-8.823738846471844 
-8.823768674578362 
-8.823768780117003 
-8.823773083740871 
-8.823788716674642 
-8.823789564441446 
-8.82378962946432 
-8.823790288161408 
-8.823790888317614 
-8.823791367672044 
-8.8237996822488 
-8.823810607012318 
-8.82383366599112 
-8.823838002967594 
-8.823838826136093 
-8.82384158772794 
-8.823841549250291 
-8.823841534437278 
-8.823854980049246 
-8.823857170002478 
-8.823857480556235 
-8.823860514255337 
-8.823861316122636 
-8.823862099253795 
-8.823862518055247 
-8.823866374994871 
-8.823871125223778 
-8.82387180575237 
-8.823872179838599 
-8.823873584540435 
-8.82387357377437 
-8.82387623403279 
-8.823878813803507 
-8.823878863486547 
-8.823878858014323 
-8.823888304847834 
-8.823912220602322 
-8.823912753077842 
-8.823916125227452 
-8.823916066747566 
-8.823916169713993 
-8.823922351342596 
-8.82392240881862 
-8.82392320847486 
-8.82393044392399 
-8.82394520758059 
-8.823945282563226 
-8.823945479143331 
-8.823945892348195 
-8.823946811195047 
-8.823950793309193 
-8.823950962828256 
-8.823950962542385 
-8.823951580955343 
-8.823958424559759 
-8.823958529013538 
-8.823961201016056 
-8.82396155107905 
-8.823970651897893 
-8.823970576601443 
-8.823970464557588 
-8.823970589323357 
-8.823970620902802 
-8.82397343242802 
-8.823974561579838 
-8.823981027713522 
-8.82398144762854 
-8.823982401882947 
-8.823983116709309 
-8.823994124478565 
-8.82399427522557 
-8.823995624955456 
-8.824015714303062 
-8.824016447980172 
-8.824016642122956 
-8.824018400734628 
-8.824024266187315 
-8.824024292207056 
-8.824029313998393 
-8.8240295600709 
-8.824031686901222 
-8.824031904875868 
-8.824034746203031 
-8.82403540109429 
-8.824036538584437 
-8.824042436233542 
-8.824042961510056 
-8.824042873562373 
-8.824043934937642 
-8.824044319670218 
-8.82404545663876 
-8.824045917232917 
-8.824049434108415 
-8.824050816118515 
-8.82405281600557 
-8.824052811565872 
-8.824064721510403 
-8.824068814253167 
-8.824069150092429 
-8.824071104300836 
-8.824078434265624 
-8.824078453137265 
-8.824084752389831 
-8.82408531402137 
-8.824089677422345 
-8.824095879158236 
-8.824109438535169 
-8.824110108542287 
-8.824112835040733 
-8.824113007159035 
-8.824115022900056 
-8.824115904598353 
-8.82411854741663 
-8.824135455263951 
-8.824136189060258 
-8.824136102310064 
-8.82413613978666 
-8.8241423435136 
-8.824142393972599 
-8.8241555877792 
-8.824155547057886 
-8.824155629224236 
-8.824155997802684 

 Time 
39.46574807167053 
