Energy 
 
3.644175773884647 
0.9943440162970646 
-1.2512288710639 
-1.28435041901237 
-1.519651684076341 
-4.347003054501216 
-4.621797646592751 
-6.572857882970199 
-7.030619284455208 
-6.879620255781978 
-8.593444522963228 
-9.506779698457482 
-10.13844877128067 
-9.742101928248918 
-9.636409426055543 
-9.516125553832767 
-9.391289302939155 
-9.338980406328064 
-9.390709840033812 
-9.388968764886933 
-9.432347928738286 
-9.640357347793852 
-9.677632790805784 
-10.151693280670425 
-10.31106744666508 
-10.216461308746663 
-10.767968476541908 
-11.829835579013771 
-11.719189752388521 
-12.193097912863353 
-12.21023850722956 
-13.376135730822503 
-13.462517795550394 
-13.689424136599946 
-13.048371447531457 
-13.050177800649521 
-11.739308407014594 
-11.674372165899548 
-13.001767764120055 
-12.96769840002801 
-12.992519376087525 
-12.88132528486305 
-12.895414966625829 
-13.219205366813323 
-13.220586888113253 
-13.205292532406835 
-13.426685380959103 
-13.52144534237598 
-13.47711834659143 
-13.31609374783448 
-13.37326606140461 
-13.764024163769902 
-13.610557326190285 
-13.495795406502758 
-13.84362090050982 
-13.83811705781374 
-13.835054265608179 
-13.326227722789515 
-13.313471143035867 
-13.34020139424354 
-13.736291921633832 
-13.471888159366209 
-13.344688003788008 
-12.881977550385498 
-13.231013921998226 
-13.226179293711002 
-13.576981836649509 
-14.441146710555227 
-14.433281408100441 
-14.457269892807398 
-14.320360561526416 
-14.780721958860356 
-14.98995359416767 
-14.944522110749649 
-14.358506693667637 
-14.562739577309248 
-14.033532444881502 
-14.050621283202762 
-13.392182431550587 
-13.409597889717984 
-13.692830435805107 
-13.481610605276998 
-14.374341637954824 
-14.964808821443805 
-14.1701448015508 
-14.62110253917718 
-14.557157187655298 
-12.71211790140722 
-13.513982424589445 
-14.0833907453414 
-14.071138217001865 
-13.42823246475964 
-13.607718156175343 
-13.31493409011999 
-13.119878633549241 
-14.738569029778546 
-13.977493187935838 
-13.90998740731171 
-14.231957995389461 
-14.520839102445814 
-14.998119468286792 
-15.457301969809 
-15.324036403098948 
-15.328270391346656 
-15.238151340432202 
-15.310053641677209 
-14.790926045981411 
-15.020110976908393 
-14.520583848208961 
-14.951140268472143 
-13.832848355048878 
-13.750820668918568 
-13.902050972367736 
-15.838758263991043 
-15.711421974976076 
-15.759557261767227 
-15.531268655969395 
-14.66293636597757 
-14.731517662979833 
-14.738560596495262 
-14.156861883566886 
-14.196130195047644 
-15.04585606012319 
-15.03754679946616 
-15.082850742188702 
-15.090096331069242 
-15.08065152153804 
-15.09997342895975 
-15.570170857679068 
-15.608519560181875 
-15.299058544614093 
-14.25610936212234 
-14.274412033330494 
-14.582625345596973 
-14.672359811510436 
-14.310413896836153 
-14.640807798108217 
-14.665193077721131 
-14.998724615105067 
-14.867500826436512 
-14.916084570157295 
-15.409154868694811 
-15.360726539405636 
-15.284095585077758 
-14.860941673914363 
-14.948077632424548 
-14.89270148980825 
-14.890158828036885 
-14.87746642702904 
-14.887330678320467 
-15.877022847804644 
-15.730469607725778 
-15.729435323545212 
-15.10725644536128 
-15.090919178552117 
-14.784024430259926 
-14.841457278140838 
-14.204385305234977 
-11.027708371803065 
-12.774835204103475 
-11.764839401392894 
-12.71587105806957 
-13.288746002330148 
-14.535422148867283 
-13.36137244102429 
-13.603820540257098 
-13.583506495658323 
-14.19619860324905 
-13.823726453604994 
-13.897544983908514 
-13.448340926410136 
-13.424797287761807 
-13.43998877064415 
-14.622501408639597 
-14.246070908622324 
-10.99777555732779 
-11.035323123298957 
-11.035855864195666 
-11.007644604304257 
-11.06282421884602 
-11.406723147206822 
-11.293325177114475 
-11.33044258627463 
-11.314338194065945 
-11.223697986878062 
-11.500050944559929 
-11.932032458179105 
-12.02850697356285 
-11.876745293292833 
-12.101708565487641 
-12.587852796704796 
-14.561677438811625 
-14.993746330738954 
-14.836465263438425 
-14.7117618024613 
-14.930359410485703 
-14.927218309201788 
-14.773072236798773 
-14.776902319098618 
-14.765999477757166 
-14.738477949415334 
-15.427186922889806 
-15.469517463497258 
-15.491135428993205 
-15.527175028702104 
-15.902821280639646 
-14.34039539627249 
-14.85691782322771 
-14.973643413541103 
-15.5786754044357 
-15.955911466544695 
-15.4642570818492 
-15.662153135569845 
-15.711583730157392 
-15.739874874318907 
-15.316608194395872 
-14.34733853364751 
-14.775938022901656 
-14.72316300370788 
-13.943440747237384 
-13.811970926324767 
-15.696190746605955 
-13.02968067798314 
-12.887315623181946 
-13.015455688365245 
-12.109762852339735 
-12.111451918346912 
-12.133470793807744 
-12.09567690406887 
-12.052106716982257 
-11.628861755340393 
-13.87193613942106 
-14.196149229986368 
-12.94534294746781 
-12.933057575952432 
-12.321330857914209 
-12.570480606767129 
-11.861358527255803 
-8.62835894701229 
-10.289384254134813 
-9.291487720978743 
-9.87787016177629 
-9.86441497053339 
-10.066645983249657 
-10.060702887307372 
-9.947183087226696 
-9.814948377512547 
-9.366369515797329 
-9.263735135442843 
-9.709076886274746 
-9.901430675412035 
-9.833106327715473 
-9.986646703442634 
-10.374497268793704 
-9.174544365594109 
-7.238185760035941 
-7.127738663099352 
-7.82922445337326 
-7.855564600525055 
-9.54307387694882 
-11.08756715007473 
-10.727321793579875 
-10.770594733746393 
-10.752582496487035 
-13.847936979403151 
-13.447661737927628 
-12.243763227477404 
-12.813997958598284 
-12.76408371601795 
-12.829431326367375 
-12.966074120724638 
-13.334248768390289 
-12.38487338010329 
-13.029939476375757 
-12.769900349368104 
-12.724290714788886 
-12.820687079586051 
-12.677509276230527 
-12.796922419825005 
-12.925536219833592 
-12.431892239969908 
-12.186767566130598 
-12.39689181835398 
-12.7135552662438 
-12.374706750464595 
-11.59537078142751 
-11.68885112094588 
-12.732608774558393 
-12.535815751205908 
-12.792019406273905 
-12.929212336260566 
-12.887997127639268 
-13.791890489787644 
-13.82980921484482 
-13.996033805267938 
-13.92394760045605 
-14.282781677549158 
-14.36408189635359 
-14.362924156720526 
-14.236736021642574 
-14.24420547423134 
-14.195959786595973 
-14.254070238675471 
-13.627374009708046 
-13.652212844367476 
-13.588078683881491 
-13.48971897688597 
-13.51100697902693 
-13.111041744053123 
-13.089131083583016 
-12.077555358408304 
-12.02929618400525 
-11.455175697856726 
-11.21538466997973 
-10.898617417546664 
-11.195195638591569 
-11.042924513333137 
-10.575836020631272 
-11.336147332263025 
-11.345668552235312 
-11.772452057689016 
-10.99766440909631 
-11.104458350472818 
-10.393411839486753 
-10.635025311026881 
-10.21343428400867 
-11.290877451947514 
-11.22499655563253 
-11.319038918556716 
-10.52079357163107 
-10.791197581730666 
-10.14037797640766 
-8.671869952481963 
-10.571124381018288 
-10.1183087430286 
-10.88584049863664 
-11.436609653741455 
-11.290883299000214 
-11.221645365926692 
-11.442918443280304 
-12.26837040164222 
-12.115515818045134 
-11.427655163833386 
-11.24383799395622 
-11.308404875085857 
-11.430125558411255 
-11.688803412384175 
-5.158416310864795 
-6.544648749244819 
-5.327353370394867 
-3.2211369378940122 
-5.520719328309806 
-6.45168133356845 
-6.2488464791293445 
-6.0774533981195855 
-6.302879817435081 
-6.291765070211693 
-6.178579221545042 
-6.045540386479003 
-3.7751071638371076 
-5.100675549990437 
-5.394715350798014 
-5.1950754487177715 
-2.596089315110378 
-2.669996909581907 
-2.6892859546948813 
-2.581041519311996 
-3.7876210975218747 
-3.7592785541116607 
-3.8029831592801067 
-3.718549828270103 
-3.8682565067179873 
-7.3788956257449625 
-7.207208838359956 
-7.193523807066685 
-7.193782983895166 
-9.017552781259473 
-5.55519791294418 
-6.381436619626021 
-8.188479522159545 
-8.505090860278848 
-9.29008657526927 
-9.638708096287756 
-8.893863737636162 
-9.184506315952895 
-9.882118931079065 
-9.250410768797444 
-9.32604175755413 
-10.697822426139359 
-9.981896419917412 
-10.994266710814214 
-10.806662445775599 
-11.182414653061002 
-9.59040080657058 
-9.49713465793909 
-10.038942729470902 
-9.678964239715071 
-10.39724850541681 
-10.184155416036683 
-10.157814857174419 
-10.174043373554357 
-10.254334202805776 
-10.09401119416977 
-10.514591336780025 
-10.623578832531713 
-8.207307134281406 
-8.442457820368954 
-11.113939441879529 
-10.893597482138155 
-11.353475473295095 
-11.589631550218089 
-11.670408656448616 
-11.680987307047745 
-11.673134223467763 
-11.712639399616403 
-11.701174340482616 
-12.262877039796678 
-12.308529587494395 
-12.480006896921015 
-12.404021375822994 
-12.574211880247974 
-11.293627919068587 
-10.939521594131264 
-10.977126316654344 
-12.48399028876942 
-13.805231955842713 
-13.75737683895271 
-12.564161358146015 
-12.74900758148099 
-13.949730663492126 
-13.954997296667702 
-13.679568256573324 
-13.47433672228185 
-12.945888839767477 
-14.01090077891892 
-13.995223151958738 
-14.48338025568262 
-13.385968755041553 
-13.38951360992669 
-13.385449223001514 
-14.335907172107587 
-14.257179399810514 
-15.139371968234643 
-15.584486085768539 
-15.566604609858587 
-15.565007977895576 
-15.713922737292396 
-15.175530016712734 
-15.403225589851925 
-15.46722976565182 
-16.27040933882168 
-16.254184626560413 
-15.523644048831718 
-15.8064736117711 
-17.00994259240176 
-16.970155672892854 
-16.99780926704545 
-16.447256446839546 
-16.448128125600945 
-16.556113727569073 
-16.38722118335848 
-16.56150206044015 
-16.596940428540293 
-15.539221173892702 
-15.639933482423665 
-15.373853319794593 
-14.346047504079703 
-14.464202824167254 
-14.637461529709483 
-15.188622321723841 
-15.599648094999894 
-15.311230521123742 
-15.833896822588592 
-15.812542222790949 
-15.358435202767746 
-15.392136481592182 
-15.13012451292483 
-15.556409086608477 
-15.521644998040331 
-15.846544570907618 
-15.874977422916357 
-16.151474637700066 
-16.548769542011588 
-16.577622756188077 
-16.4884206929747 
-16.040575515731913 
-16.52765621827794 
-16.387664854111016 
-16.30828250511052 
-12.207670861487854 
-12.483004803894193 
-12.56279332430829 
-12.427535960141341 
-12.406112926615512 
-12.333172497008272 
-12.205918915420256 
-12.142624421719406 
-12.241525916610104 
-12.264348000683684 
-12.280817553276966 

 Time 
97.63122200965881 
