Energy 
 
-0.3013136220446028 
-0.7404290219420063 
-1.1892514632984545 
-1.749288362698968 
-2.3914523709865763 
-3.103304771262999 
-3.796531840654909 
-4.194076149031573 
-4.561515542727502 
-4.9278830570837275 
-5.273072162557711 
-5.577075294040836 
-5.841102676890872 
-6.108520054324043 
-6.316978860314474 
-6.5002330300255355 
-6.7260661169056695 
-6.851756295759565 
-6.974584442974791 
-7.078215265029557 
-7.233210733638734 
-7.363517633694446 
-7.461416828552174 
-7.542181554241869 
-7.61264226058195 
-7.675424550272721 
-7.732138784480101 
-7.784666281068602 
-7.836125248113101 
-7.883821607308782 
-7.931797906393861 
-7.978926016073559 
-8.020707895884204 
-8.05276723278879 
-8.083270184800394 
-8.112402084940719 
-8.140637681554873 
-8.167594527345289 
-8.193513459236325 
-8.218506216235854 
-8.242352820138548 
-8.26563259999587 
-8.288140797422793 
-8.308454691165618 
-8.3284908431527 
-8.352929993953417 
-8.374875795204407 
-8.399799363610988 
-8.418936108193643 
-8.4368827723752 
-8.453789911728368 
-8.473775096207547 
-8.490129059262829 
-8.505810890186963 
-8.52135985176215 
-8.535862633038505 
-8.549685568834986 
-8.562935488516665 
-8.576148809995624 
-8.588184299455753 
-8.599670955099082 
-8.61044314140869 
-8.620692546657718 
-8.629831608199222 
-8.640245920312296 
-8.649114771851252 
-8.65017800264377 
-8.659219157647145 
-8.670588487236857 
-8.6789351632829 
-8.67988019970655 
-8.688155397626764 
-8.695418802732975 
-8.703003587008968 
-8.707377110215344 
-8.714515460115882 
-8.720532406576623 
-8.725702452263164 
-8.730554257511436 
-8.735140059044879 
-8.739486804866761 
-8.743521601983723 
-8.747298058837012 
-8.750856973157298 
-8.754328832350492 
-8.757625902975121 
-8.760799226186736 
-8.763868109703088 
-8.766774982925247 
-8.76953966781683 
-8.772278289594663 
-8.774813104897252 
-8.777286432568493 
-8.77968962623537 
-8.781990267990471 
-8.78421350973302 
-8.786364568738938 
-8.788543711262802 
-8.790472718260096 
-8.792274629335289 
-8.794470102087447 
-8.79634939730172 
-8.798145260313273 
-8.7998768749983 
-8.801544531973747 
-8.803140380298835 
-8.804670487256775 
-8.806150012985091 
-8.807584330015068 
-8.808957063756127 
-8.810279280012368 
-8.811555499052966 
-8.812775518624736 
-8.813956717069136 
-8.815100165568452 
-8.816208973880977 
-8.8172657653286 
-8.81828504964166 
-8.819274145470702 
-8.820233571381392 
-8.82115913949126 
-8.822061669372086 
-8.822892527970879 
-8.82369330544224 
-8.824460086894051 
-8.825200981353547 
-8.825915321864366 
-8.826605502584258 
-8.827271807298157 
-8.827914681796205 
-8.828535403227773 
-8.829136780839011 
-8.829722045522582 
-8.830288590520192 
-8.83082894525797 
-8.831349946767277 
-8.831852954013964 
-8.832337929987833 
-8.832805376154484 
-8.833268815353213 
-8.833714578542658 
-8.83414588489413 
-8.834555367202999 
-8.834949397016413 
-8.83532823326203 
-8.835692949025074 
-8.83605234751464 
-8.836394969824282 
-8.836723999026649 
-8.837031827493385 
-8.837321953577629 
-8.837601092744165 
-8.837868754574036 
-8.8381263657584 
-8.838374431422269 
-8.838613224653399 
-8.83884287535492 
-8.839063838825247 
-8.83927679407819 
-8.839481615436577 
-8.839680954153774 
-8.839872645370821 
-8.84005682475146 
-8.840232328453505 
-8.840401098488286 
-8.840563290359292 
-8.84072106188251 
-8.840873589334764 
-8.841020525058473 
-8.841153550226009 
-8.841281270814726 
-8.84140399037591 
-8.841522179351648 
-8.841635831495179 
-8.841745130847352 
-8.841850067163607 
-8.84195407878609 
-8.84205419870632 
-8.842151191062529 
-8.84224469937147 
-8.842334340033975 
-8.842412233047368 
-8.842487093832112 
-8.842558833169152 
-8.842627788195522 
-8.842694149906777 
-8.842758000464707 
-8.842819494322637 
-8.842878630116342 
-8.842935816163704 
-8.842990708839165 
-8.843043255739294 
-8.843093787421711 
-8.843142463144023 
-8.843189369975224 
-8.843234307044384 
-8.84327774934378 
-8.843320017481673 
-8.843360697146883 
-8.84340046468545 
-8.843438455494718 
-8.843475066228217 
-8.843510351667062 
-8.843544586139506 
-8.843577554683907 
-8.843609304151405 
-8.843639997655353 
-8.843669669637093 
-8.84369829821596 
-8.843725735282517 
-8.843752287859786 
-8.843777809990625 
-8.843802565558862 
-8.843826049131913 
-8.843848570932156 
-8.843870252746235 
-8.843891201068233 
-8.843911495999643 
-8.843931046055358 
-8.843949879103219 
-8.843968160205266 
-8.843985749106361 
-8.844002888357211 
-8.84401932114398 
-8.844035117895345 
-8.844050329668324 
-8.844065006301763 
-8.844079149995146 
-8.844092052144546 
-8.844104470169782 
-8.844116426615173 
-8.844128094837165 
-8.844139240101926 
-8.844149894675269 
-8.844160156948538 
-8.844170049301082 
-8.844179632111626 
-8.844188874895275 
-8.84419779639277 
-8.844206466647478 
-8.844214828410177 
-8.844222849960119 
-8.844230674449422 
-8.844238207791633 
-8.844245463141801 
-8.844252450344609 
-8.844259180357069 
-8.84426566489537 
-8.84427191007564 
-8.844277922004219 
-8.844283696269619 
-8.844289259082833 
-8.844294639609105 
-8.844299600837937 
-8.844304436272138 
-8.844309130357187 
-8.844313672965031 
-8.844318066796896 
-8.844322314426371 
-8.844326405482436 
-8.844330379186268 
-8.844334234743158 
-8.844337949938105 
-8.844341530231276 
-8.844344948603412 
-8.844348265860047 
-8.844351456199105 
-8.844354528232902 
-8.844357487707777 
-8.84436033164199 
-8.844363078991174 
-8.844365728674608 
-8.84436827985034 
-8.844370726442026 
-8.844373120149248 
-8.844375425809787 
-8.84437764571164 
-8.844379769681607 
-8.844381792570571 
-8.844383741256618 
-8.844385617257924 
-8.844387446683832 
-8.844389222530559 
-8.844390940734321 
-8.84439259292977 
-8.844394203352273 
-8.844395721563092 
-8.84439718308886 
-8.84439859126862 
-8.844399947735612 
-8.84440124905358 
-8.844402503574331 
-8.844403711594802 
-8.844404874808898 
-8.844405995794501 
-8.84440707596235 
-8.8444081159645 
-8.844409120299131 
-8.844410087328109 
-8.844411002520305 
-8.844411884278468 
-8.844412733276815 
-8.844413551105184 
-8.844414334008743 
-8.844415087262462 
-8.844415813735695 
-8.844416514569506 
-8.84441719115136 
-8.844417838541016 
-8.844418461731825 
-8.84441906154912 
-8.8444196394806 
-8.844420187165474 
-8.84442071511657 
-8.844421224006421 
-8.844421713151549 
-8.844422184680436 
-8.844422638573441 
-8.844423074118312 
-8.844423494969492 
-8.844423899853696 
-8.84442429021583 
-8.844424666527145 
-8.844425020278452 
-8.84442535727843 
-8.844425682182605 
-8.844425997263414 
-8.844426301407125 
-8.84442659362074 
-8.844426876121041 
-8.844427148920875 
-8.84442741187336 
-8.844427665668483 
-8.844427910598812 
-8.844428146949063 
-8.84442837501679 
-8.844428595103038 
-8.84442880385574 
-8.844429005047552 
-8.844429199352719 
-8.844429386175932 
-8.844429566549826 
-8.844429740886271 
-8.844429909368564 
-8.8444300675761 
-8.844430220612432 
-8.844430368526874 
-8.844430511469517 
-8.844430649656994 
-8.844430782323405 
-8.844430910616403 
-8.844431034679648 
-8.844431154685033 
-8.844431270746586 
-8.844431383027366 
-8.844431489725606 
-8.844431592876383 
-8.844431692706783 
-8.844431789162012 
-8.844431882465749 
-8.844431972767097 
-8.844432060085122 
-8.844432144621866 
-8.844432226541057 
-8.844432305693033 
-8.84443238224375 
-8.844432456203785 
-8.844432527300478 
-8.844432596445943 
-8.844432663469718 
-8.844432728411775 
-8.844432791258178 
-8.844432851981797 
-8.844432910627363 
-8.844432967439106 
-8.844433022738539 
-8.844433076261339 
-8.844433128245548 
-8.844433179029252 
-8.844433228346166 
-8.844433276224892 
-8.844433322326198 
-8.844433366843555 
-8.844433410013846 
-8.844433451610701 
-8.844433492322517 
-8.844433531619794 
-8.844433569740778 
-8.844433606186552 
-8.84443364155343 
-8.844433675905682 
-8.844433708735794 
-8.844433740595717 
-8.844433771503294 
-8.844433801470984 
-8.84443383082889 
-8.84443385936629 
-8.84443388706203 
-8.84443391351662 
-8.84443393912568 
-8.844433963997318 
-8.84443398817534 
-8.844434011695467 
-8.844434034551833 
-8.844434056711819 
-8.844434078229956 
-8.844434099198853 
-8.84443411961198 
-8.844434139387882 
-8.844434158439272 
-8.844434176958556 
-8.844434194981185 
-8.844434212478195 
-8.84443422951503 
-8.844434246113 
-8.844434262275088 
-8.844434277987393 
-8.844434293324865 
-8.844434308450984 
-8.84443432321843 
-8.844434337571343 
-8.844434351498295 
-8.844434365078016 
-8.844434378223783 
-8.844434390904569 
-8.844434403232036 
-8.844434415215042 
-8.844434426854068 
-8.844434438220967 
-8.844434449106217 
-8.844434459591687 
-8.8444344698055 
-8.844434479753104 
-8.844434489458298 
-8.844434498860775 
-8.844434508024174 
-8.844434516957463 
-8.844434525669177 
-8.844434534205277 
-8.844434542530694 
-8.844434550684527 
-8.844434558638442 
-8.844434566421567 
-8.844434574021657 
-8.844434581438327 
-8.844434588686653 
-8.844434595752446 
-8.844434602636666 
-8.844434609430646 
-8.844434616053595 
-8.844434622502614 
-8.844434628798217 
-8.844434634927815 
-8.844434640912318 
-8.844434646754712 
-8.844434652471701 
-8.844434658037356 
-8.84443466346667 
-8.844434668755065 
-8.844434673924502 
-8.844434678973705 
-8.844434683914255 
-8.844434688742567 
-8.844434693443217 
-8.844434698016165 
-8.844434702487833 
-8.844434706877461 
-8.844434711174397 
-8.844434715370484 
-8.844434719479823 
-8.844434723538901 
-8.844434727509498 
-8.844434731397095 
-8.844434735182016 
-8.844434738891737 
-8.844434742517864 
-8.844434746074533 
-8.84443474950467 
-8.844434752875594 
-8.84443475618497 
-8.844434759435313 
-8.844434762649918 
-8.844434765796723 
-8.844434768886396 
-8.844434771922838 
-8.844434774905283 
-8.844434777837016 
-8.8444347807731 
-8.844434783688026 
-8.844434786530393 
-8.844434789329611 
-8.844434792085009 
-8.844434794796634 
-8.844434797476719 
-8.844434800118275 
-8.844434802718984 
-8.844434805281107 
-8.844434807797654 
-8.844434810282015 
-8.844434812731745 

 Time 
692.455363035202 
