Energy 
 
2.6208494160309734 
2.599405075942367 
2.6052023014128745 
2.1825230350735643 
1.7884483229129424 
1.1596194177153318 
1.0840651534994405 
0.562315505496485 
-0.10295317906316637 
0.17216332105288637 
0.2190049835786043 
-0.6002394644905822 
-0.939900086415371 
-2.729463787721155 
-3.5385938624402073 
-4.0510438301228255 
-4.049062251190849 
-4.617708947000683 
-4.914838761870703 
-5.339576494430992 
-5.210769283388575 
-5.220726272091474 
-5.485436423988974 
-5.7188472340749374 
-5.480223631855748 
-5.192949511613363 
-6.239682046144781 
-6.157635153622791 
-6.520587084523909 
-7.200460777744261 
-7.141883136954338 
-7.083548244347499 
-7.173679615842815 
-7.313273811104708 
-7.077854509700385 
-7.041746364053466 
-7.153601393655373 
-7.109365807544114 
-7.090934754947059 
-7.221311300509635 
-7.507345990389405 
-8.232218516802636 
-8.355843293678399 
-8.276790372613473 
-8.41870253884366 
-8.424411499204371 
-8.384902151728621 
-8.377797281550079 
-8.427371080352163 
-8.441845435143248 
-8.47793710431531 
-8.528501413411503 
-8.616868254950298 
-8.61410446713873 
-8.606171940121124 
-8.696198221356081 
-8.72489430605203 
-8.724616270546786 
-8.74387045472438 
-8.743706073038943 
-8.749990482747608 
-8.74929290722623 
-8.759575162519656 
-8.746345323317371 
-8.764470238359236 
-8.784470917129076 
-8.784459683968294 
-8.783792997767494 
-8.788507275259539 
-8.789134966920836 
-8.767089583315991 
-8.835280835160331 
-8.842293157931307 
-8.840460072831444 
-8.837484152232445 
-8.838881303725609 
-8.860631495536396 
-8.90774659821522 
-8.93898791197649 
-8.946111854467086 
-9.091453495463815 
-9.19638644502593 
-9.276304080181813 
-9.274064171911327 
-9.278809853265628 
-9.329728067926274 
-9.299835687727823 
-9.419479766202008 
-9.416094836689165 
-9.425198241171563 
-9.417487656384186 
-9.432267873756071 
-9.456210314898575 
-9.593495961132135 
-9.494760510288817 
-9.57054854259774 
-9.554536307584442 
-9.535270085825168 
-9.661091740892047 
-9.752196555875429 
-9.785415901326303 
-9.879077988494902 
-9.899356212676242 
-9.896467315106934 
-9.896297786120677 
-9.900860499548745 
-9.895436139468647 
-9.966688525271175 
-9.946234311669064 
-9.917211026395098 
-9.849211813412602 
-9.883456106370913 
-9.851834607139565 
-9.801605724057447 
-9.787881460601739 
-9.813486165491147 
-9.902617311112452 
-9.960550853055713 
-9.992992954901677 
-9.92189853015002 
-10.301061408544246 
-10.341822175785435 
-10.439768431555102 
-10.422609980781177 
-10.432890891088963 
-10.403459291833164 
-10.369208016687333 
-10.424895756064247 
-10.380653480662335 
-10.351216546646132 
-10.462674914764232 
-10.475192440625067 
-10.688132530718974 
-10.711386510296833 
-10.704477492937436 
-10.692908990400953 
-10.690642348323909 
-10.871684690910945 
-10.914271965944053 
-10.977838573080938 
-11.036100894469977 
-11.02783522703043 
-10.836734138884834 
-9.804337943287406 
-9.784774094749382 
-9.851534127545838 
-9.947449961491005 
-10.278849770417278 
-10.488779036602695 
-10.481319705504589 
-10.939607289026933 
-10.731241726889472 
-10.623166041623389 
-10.67083266986732 
-10.716023774629877 
-8.833613031768015 
-9.43841373138628 
-9.28309780160476 
-10.250860173763941 
-10.265683052792362 
-10.269560443637113 
-10.238566501305172 
-10.447096731767392 
-10.599667087162437 
-11.218428329687763 
-11.217112737323536 
-11.353399866856304 
-11.331350537171682 
-11.63808940644862 
-11.716767558576041 
-11.709552587788485 
-11.58470036750884 
-10.743171611290329 
-10.746204998843092 
-10.656551848674907 
-10.66843589428321 
-10.616285881599621 
-10.612821279566639 
-10.402026164644983 
-10.076635463570732 
-10.140899684864545 
-10.588531140560908 
-10.22207013070394 
-10.384776073088071 
-10.810799381731869 
-10.859417119412226 
-11.203240080385036 
-11.032050975708298 
-11.290367742379626 
-11.504183755969358 
-12.60491406938359 
-12.58385799130968 
-12.584082154502466 
-12.645921985019985 
-12.738425285761323 
-12.659621573906854 
-12.657776121780827 
-12.674297072938044 
-12.688534086677898 
-12.294527807658895 
-12.272354230354544 
-12.149378891833653 
-12.065445074621909 
-12.023900576103228 
-12.031224323613735 
-12.051395697265834 
-12.026246479071355 
-12.022734057787838 
-12.027534264224153 
-12.046591954897425 
-11.9044808447095 
-11.873040868261636 
-11.85476683229357 
-11.744298862049334 
-11.830696744193764 
-11.726825351145274 
-11.61913462135269 
-12.082730603238998 
-12.101097817516957 
-12.005689814104766 
-12.023511009871713 
-12.020620811390163 
-11.987836095987749 
-11.995428313142096 
-11.753663072639785 
-11.89084361409459 
-11.918708286854786 
-11.944210044791951 
-11.973123044566027 
-11.961194545535484 
-11.951707436520733 
-11.903651361418637 
-11.966178597511457 
-12.316086224465142 
-12.420664457765302 
-12.42177095336669 
-12.41345903382298 
-12.438746162892993 
-12.64772920321619 
-12.645791924239726 
-12.643487548662662 
-12.727028745357007 
-12.75017243468614 
-12.752287975510484 
-12.77941473204637 
-12.780535232211873 
-12.664126431065798 
-12.77463572671686 
-12.773241262835029 
-12.80649225345118 
-12.769882945886444 
-12.735186206132989 
-12.774994524796726 
-12.80699406789219 
-12.680822236894567 
-12.712943842416452 
-12.711014443785674 
-12.700373852955089 
-12.701207827164053 
-12.743674047793556 
-12.752892528282086 
-12.703535334738941 
-12.711254040221114 
-12.765882688959328 
-12.509423157450893 
-12.107921102106557 
-12.124461777574586 
-12.125453472433412 
-12.219851514543311 
-12.268994759219918 
-12.27361554862309 
-12.280936047501037 
-12.440845280208265 
-12.408757547862887 
-12.43988291437018 
-12.498363397561244 
-12.509977436921663 
-12.562289546233274 
-12.556254447287465 
-12.556685006405864 
-12.315933739935822 
-12.384266376685241 
-12.61547567279175 
-11.357742473805201 
-11.560198390105633 
-11.684855352463824 
-11.68279743165425 
-11.689872597665339 
-12.248777740947483 
-12.326047815440416 
-12.131635917522722 
-12.05965077311717 
-12.06956168003003 
-12.013966357113462 
-12.240670161553277 
-12.248987867855192 
-12.286937901603569 
-12.347868136451552 
-12.385496198884232 
-12.391466476345805 
-12.726326453306292 
-12.60636708065914 
-12.45900519983603 
-12.458545161643901 
-12.074431316895057 
-12.238653949780796 
-12.3010428506744 
-12.076510074307478 
-12.07920815889923 
-12.075974352290238 
-12.102950394674863 
-12.15074559675852 
-12.108008019527274 
-12.174422813142352 
-12.198120625292248 
-12.738304955536881 
-12.729932158929676 
-12.697640288727976 
-12.676341020120157 
-12.694909005871615 
-12.91151938280435 
-12.903414998623663 
-12.747813093369828 
-12.734591655069543 
-12.778165850294634 
-12.785318736757436 
-12.809563026976935 
-12.842119744356276 
-13.154158300546785 
-13.196115485044842 
-13.190883951477662 
-13.190529613462953 
-13.124441919242354 
-13.1613269359549 
-13.097491870579788 
-12.446124693813047 
-12.490347321366015 
-12.478623620086287 
-12.525907906989415 
-12.561318786580445 
-12.583089007958122 
-13.130608563831533 
-13.212645250395024 
-13.138282029833224 
-13.414247196259282 
-13.412979659463115 
-13.526598734512424 
-13.545726846438814 
-13.547849710598317 
-13.597681634579953 
-13.566976076273242 
-13.58280458725716 
-13.535763803472264 
-13.609785629812404 
-13.709743503174856 
-13.690609710362057 
-13.694965038841133 
-13.667710938957548 
-13.734365800471727 
-13.730935567355944 
-13.731930181464135 
-13.764783440011039 
-13.77978078327728 
-13.782209026641443 
-13.782207542648385 
-13.783080938715521 
-13.781232462026342 
-13.781606123123645 
-13.800068210643232 
-13.80288876348113 
-13.803250300205764 
-13.805520890781267 
-13.82906850018044 
-13.834028622848326 
-13.855791771533436 
-13.885253897406297 
-13.900783820945515 
-13.89651593316777 
-13.886396008061341 
-13.90300211388718 
-13.920589664667805 
-13.943779277925621 
-13.994223078695889 
-13.99134768236043 
-13.976742378881019 
-14.009450730090297 
-14.013140473932655 
-14.083529230135081 
-14.080770306948782 
-14.094766367299925 
-14.05242397983844 
-14.04872756793971 
-14.060330699277351 
-14.064294828545378 
-14.069052256215405 
-14.178367375577906 
-14.217325345216762 
-14.217852198695716 
-14.231954734912188 
-14.2207930780315 
-14.270132262192288 
-14.268919414078669 
-14.271184216259446 
-14.283239118213379 
-14.287109842585119 
-14.34342091256777 
-14.348110307486074 
-14.348108184799077 
-14.351953916870263 
-14.428175257836937 
-14.436492056928135 
-14.477827157374586 
-14.477908336264214 
-14.479197555192085 
-14.479140367181845 
-14.482734550933873 
-14.481801081539691 
-14.481070494707122 
-14.487091462503791 
-14.489348233005483 
-14.495005385093705 
-14.495016434353618 
-14.495100524826832 
-14.497517054009819 
-14.49775813921654 
-14.497923091555602 
-14.502198536544634 
-14.503438320729344 
-14.508696561758736 
-14.509058494255216 
-14.510739725695213 
-14.513390581129325 
-14.514949011647138 
-14.515985840024543 
-14.516540801318861 
-14.52455385514606 
-14.528621637602154 
-14.530596063988064 
-14.530460933030993 
-14.530864185867912 
-14.531046944687002 
-14.533902160018332 
-14.533332920832915 
-14.533042461555942 
-14.533791451368225 
-14.538760797509408 
-14.539190497210306 
-14.538659101411291 
-14.537536981797986 
-14.537475416973889 
-14.539172208530152 
-14.540851211117815 
-14.536257825073985 
-14.536317070400132 
-14.533026209757596 
-14.534751476210124 
-14.534154621729916 
-14.538940229827851 
-14.540394160755257 
-14.540957938181972 
-14.541499317701456 
-14.541873781862483 
-14.541995072266978 
-14.537632246077404 
-14.537726851230989 
-14.537858738355123 
-14.538065748822765 
-14.538764085123487 
-14.538613157067957 
-14.54484825729547 
-14.544447062786041 
-14.54974978513345 
-14.550664303696925 
-14.550604078779351 
-14.550523996278825 
-14.55048707404482 
-14.553611656658399 
-14.553263421996409 
-14.55360789974954 
-14.553778232754093 
-14.554470589450137 
-14.554305126788634 
-14.55431074358405 
-14.555270844420967 
-14.555554843328993 
-14.55610038423193 
-14.558529215223356 
-14.555746581076525 
-14.556871500259922 
-14.557136083231038 
-14.559914790362065 
-14.5602596655829 
-14.56072294497294 
-14.5607109604274 
-14.571235556441657 
-14.572252299750454 
-14.577120029044824 
-14.579844865375692 
-14.57990596231162 
-14.580964692622128 

 Time 
29.09846806526184 
