Energy 
 
-0.3013136220446028 
-0.7586101216733456 
-0.8298634357092758 
-2.381870547577975 
-2.4469392569337884 
-2.1614742904489326 
-2.26007786272337 
-2.839998969993454 
-2.8610459440846476 
-3.0046050364674 
-3.712318279985038 
-3.432404818004151 
-4.022719392795441 
-4.720330140404295 
-4.6350549743692735 
-4.546036305998151 
-4.142715098160092 
-4.735020520059142 
-4.920627155399592 
-4.659265704624193 
-4.456877832060616 
-4.420025124512085 
-4.116933516015544 
-5.757311439939246 
-5.770719572041354 
-5.695138199704141 
-5.446855752284918 
-4.65745437628919 
-4.743631038329321 
-5.538988134786106 
-5.622546921764186 
-5.338632601424711 
-5.737563457825016 
-5.132609978194267 
-6.3180217797292 
-5.85017027091703 
-5.936465694826988 
-6.007876897169581 
-6.328101801172101 
-6.233438838264335 
-6.082227449790064 
-6.580448396973701 
-6.821436915335333 
-6.8078470536990325 
-7.142880831827129 
-7.212077202581181 
-7.241965670253146 
-7.274030195080282 
-7.270773589910479 
-7.273905568294184 
-7.356060981982586 
-7.549645996685053 
-7.479015554904014 
-7.567785531905391 
-7.353060964328144 
-7.492579859224135 
-7.501488209357167 
-7.482269002302291 
-7.495016673828189 
-7.4856906837147275 
-7.556768174668675 
-7.562331836115355 
-7.552722911965091 
-7.5011255591210215 
-7.6141040553688 
-7.615012463828628 
-7.839954623882031 
-7.715717299346069 
-7.739847550279387 
-7.672744073511148 
-7.672374164255278 
-7.709131048852228 
-7.668250305396627 
-7.702874860487944 
-7.78960774043541 
-7.735083318984388 
-7.7739460647616605 
-7.789408933252217 
-7.816412520739361 
-7.78654294747112 
-7.756759079857249 
-7.773034017553662 
-7.754815575368218 
-7.7641946661569445 
-7.770525957193707 
-7.947842371880306 
-7.806344181461904 
-7.959614076046128 
-7.840444060708335 
-8.098765252697644 
-8.067914478657844 
-8.27122529197511 
-8.277783034377208 
-8.262356803938246 
-8.271611021794067 
-8.230863022480865 
-8.44087010555488 
-8.464316036785668 
-8.516831197461578 
-8.545762366965613 
-8.457761045983366 
-8.415756081181936 
-8.39712935045506 
-8.288613659103916 
-8.122958168470277 
-8.470429647066027 
-8.237604202311738 
-8.257772625134198 
-8.107824436274182 
-8.149433108570594 
-8.239334219350447 
-8.168113721095837 
-8.217054876698649 
-8.32735606036394 
-8.445248553663943 
-8.457024359421629 
-8.350080349362957 
-8.326237378665434 
-8.387179434759618 
-8.53397684664318 
-8.53545051846493 
-8.522112385175099 
-8.541064436635262 
-8.542079821599991 
-8.539190968212147 
-8.545040734753693 
-8.556476171797414 
-8.559592133069957 
-8.569744065296945 
-8.55507913248344 
-8.564527034973553 
-8.563708641496069 
-8.560964243472323 
-8.56784878508702 
-8.679448805276703 
-8.633571982918292 
-8.613387098235545 
-8.625237561959667 
-8.60881722054068 
-8.595111628061128 
-8.575468546021643 
-8.541589658877133 
-8.525241024337944 
-8.503074842254982 
-8.61985763702825 
-8.653206158123261 
-8.64961697228093 
-8.635161640262334 
-8.621520565549412 
-8.620983208869761 
-8.62715221289158 
-8.718086734153047 
-8.724206510144466 
-8.72364867910312 
-8.72393428368455 
-8.699737503683892 
-8.776310697390988 
-8.780317991757471 
-8.780209034764715 
-8.78076137939058 
-8.784033376399377 
-8.797671028201126 
-8.798431773933904 
-8.80059720009062 
-8.800639284345207 
-8.80401664222209 
-8.808306752758881 
-8.80759653390658 
-8.80463378816203 
-8.820582603142796 
-8.820113649227796 
-8.82249794915833 
-8.823340089033946 
-8.821358943987894 
-8.821172414887238 
-8.82220246737911 
-8.82122956524507 
-8.82131769690543 
-8.820753356756038 
-8.821486757333668 
-8.822462076000548 
-8.822478192678961 
-8.824034264368535 
-8.82424105473785 
-8.825043965561866 
-8.825357574715241 
-8.82563031480394 
-8.82485530841268 
-8.825616262044724 
-8.82594777125873 
-8.82654903662185 
-8.82646453131299 
-8.825516169081716 
-8.825728729056882 
-8.826891197313682 
-8.826219732337764 
-8.825846964429855 
-8.825442449490671 
-8.8253200036727 
-8.825733144387637 
-8.826812096335875 
-8.829585998659134 
-8.831039585380804 
-8.832799291479777 
-8.834086304839387 
-8.835640510871835 
-8.834596127236425 
-8.83876658047651 
-8.838770876515706 
-8.839669693552903 
-8.83958463096372 
-8.83990548438449 
-8.839904405194048 
-8.84007543972709 
-8.840205082745717 
-8.840214805879363 
-8.840492831334752 
-8.840508767402026 
-8.840811332795168 
-8.841029699771827 
-8.841072437258724 
-8.841079029927341 
-8.841066199008392 
-8.840947683204643 
-8.841019690966554 
-8.84111256623249 
-8.841106291900395 
-8.841090980956661 
-8.840989967975244 
-8.841305203670881 
-8.841288027057548 
-8.84120459156829 
-8.841090909667313 
-8.841089302189419 
-8.84124961741219 
-8.841335178258605 
-8.841478006843696 
-8.842255905408452 
-8.842259422004572 
-8.842229739403463 
-8.842241009947983 
-8.842243018707803 
-8.84235032211565 
-8.842487532814651 
-8.84280382619714 
-8.842909746550314 
-8.842897029561131 
-8.842905844370975 
-8.84290454529956 
-8.843016033869 
-8.84302347960207 
-8.843051971758856 
-8.843051961725207 
-8.843043013324783 
-8.843049604218706 
-8.843057041466881 
-8.84309595036086 
-8.843102639397966 
-8.84309161568827 
-8.843421248340627 
-8.84351641781408 
-8.843500252008651 
-8.843491803725344 
-8.843599641329014 
-8.843610407404904 
-8.843639669356374 
-8.843809059002016 
-8.843798807734494 
-8.843798360833738 
-8.843771470587287 
-8.843900429462138 
-8.843948307779021 
-8.843952225743728 
-8.84396883076647 
-8.843965831242482 
-8.843977996809192 
-8.843978057796644 
-8.844008171213618 
-8.84402588310582 
-8.844025890268671 
-8.844029786731502 
-8.844034811435684 
-8.844046020663928 
-8.844063481494915 
-8.844108529241511 
-8.844109833505497 
-8.84410961091762 
-8.844116630140991 
-8.844119183331442 
-8.844133853671513 
-8.844152750452324 
-8.844152486933682 
-8.844171348561948 
-8.844176041156137 
-8.844176017042868 
-8.844169840382271 
-8.844181741008201 
-8.844184134021138 
-8.844182291767611 
-8.844190364710254 
-8.84418692572725 
-8.84418870123617 
-8.84419893515651 
-8.844215705525004 
-8.844219884188316 
-8.8442186570279 
-8.844238744010754 
-8.844238579326534 
-8.844243612264167 
-8.844243474708058 
-8.844245130268039 
-8.844245191111785 
-8.844271544580312 
-8.844271519972686 
-8.84427492642393 
-8.844275205771941 
-8.844275701535945 
-8.844275704693773 
-8.8442756410281 
-8.844276380540256 
-8.84427961080492 
-8.84428853772221 
-8.844292812949101 
-8.84429441405745 
-8.844294257503934 
-8.844294523652383 
-8.844294758102034 
-8.844309161739897 
-8.844309838654356 
-8.844312042562908 
-8.84431220616496 
-8.844316207818803 
-8.844315984289809 
-8.844315933729497 
-8.844315357712965 
-8.844316292395899 
-8.844317271789702 
-8.844316356599688 
-8.844316350877877 
-8.844316099034586 
-8.844316046821648 
-8.844317029640585 
-8.844316965721205 
-8.844317201727323 
-8.844317130256488 
-8.8443208105631 
-8.844324244802099 
-8.844324816336803 
-8.84432681001869 
-8.84432674948726 
-8.84432634092907 
-8.844326012514951 
-8.844326678959183 
-8.84432687594286 
-8.844326778793304 
-8.844326765854143 
-8.844326804356331 
-8.844331359618531 
-8.844331369718274 
-8.84433704512729 
-8.84433734410416 
-8.844337137250177 
-8.84433726408022 
-8.844337132323762 
-8.84433711033596 
-8.84433700652461 
-8.844342134843048 
-8.844342045575084 
-8.844342006514816 
-8.844342492484762 
-8.844343170681142 
-8.844343863481685 
-8.844343974446426 
-8.844344031654156 
-8.844344169475853 
-8.844345252011344 
-8.844345194181546 
-8.84434573685231 
-8.84434600563247 
-8.844347213082246 
-8.844347414855692 
-8.844347150831535 
-8.84434706987642 
-8.844347216056502 
-8.84434730851077 
-8.844348156706479 
-8.844348437892428 
-8.844348833380097 
-8.844348942273268 
-8.844348941866418 
-8.844348952049383 
-8.844348872108059 
-8.844349298811125 
-8.844349434359803 
-8.844349473883176 
-8.8443495167906 
-8.844349572571502 
-8.844349595238317 
-8.844349950934495 
-8.844349951787063 
-8.844350012256625 
-8.844350389434922 
-8.844350478970286 
-8.84435086363513 
-8.84435081553589 
-8.844351173737731 
-8.844351685743733 
-8.844351800212472 
-8.84435227300587 
-8.844352311345602 
-8.844352452884241 
-8.844352811305754 
-8.844352801812528 
-8.844352835765303 
-8.84435283531185 
-8.844352813067003 
-8.844352809794351 
-8.844353165812938 
-8.844353164615868 
-8.84435318839205 
-8.844353355973276 
-8.84435342804625 
-8.844353615696159 
-8.844353817340433 
-8.844353855548068 
-8.844353862454026 
-8.84435386210661 
-8.844353895882373 
-8.84435395711006 
-8.844354100096114 
-8.844354094069255 
-8.844354100153332 
-8.844354092394576 
-8.844354107021857 
-8.844354161201311 
-8.844354312133195 
-8.844354310022014 
-8.844354369313425 
-8.84435441981286 
-8.844354453149112 
-8.844354635162912 
-8.844354774872405 
-8.844354857528057 
-8.844354900413144 
-8.844354899824207 
-8.844354899762092 
-8.844354901288375 
-8.844354920591437 
-8.844354966938173 
-8.844354983456888 
-8.84435498598689 
-8.8443549880319 
-8.844355168497986 
-8.844355174413229 
-8.844355173626289 
-8.844355204909881 
-8.844355224719049 
-8.84435522977957 
-8.844355246225659 
-8.84435524524811 
-8.844355272204208 
-8.844355445247158 
-8.844355461521609 
-8.844355464492702 
-8.844355480978546 
-8.84435548098685 
-8.844355490278302 
-8.844355489639783 
-8.844355489933255 
-8.844355499591314 
-8.84435550856556 
-8.844355503335413 
-8.844355542701857 
-8.844355591636198 
-8.844355590848597 
-8.844355629094485 
-8.844355662470603 
-8.84435566356824 
-8.844355660918898 
-8.844355669222846 
-8.844355674387872 
-8.84435571356912 
-8.844355716640042 
-8.844355719000152 
-8.844355726979174 
-8.844355726096422 
-8.844355774717602 
-8.844355772126956 
-8.84435578649452 
-8.844355786614395 
-8.844355792206368 
-8.844355793802112 
-8.844355793205452 
-8.844355795021247 
-8.844355797021121 
-8.844355799506937 
-8.84435585082285 
-8.844355850528176 
-8.844355863792613 
-8.844355883764878 

 Time 
11.406120777130127 
