Energy 
 
3.3888654472655504 
3.316558423666187 
3.030684763376155 
0.29277575222531094 
-2.2489385240940893 
-2.2507781590266536 
-2.453045658718678 
-2.3626848380349608 
-2.9676064572865304 
-3.135223558656281 
-3.365770563745695 
-3.7575749408969976 
-3.7844806133205955 
-3.7957361624133092 
-3.9280939706979336 
-3.8686732778524893 
-4.767553172367756 
-4.76097444269841 
-4.51444681076256 
-5.946902618116804 
-5.961798880861225 
-6.4256447788071736 
-7.017839111364657 
-8.304951662007237 
-8.281357450944206 
-8.572253452359694 
-9.789408487709796 
-9.776978165534853 
-9.734112709674653 
-9.885601912320615 
-10.289867789029394 
-10.231901214736052 
-10.053242093136902 
-9.858590930805628 
-9.612873243862262 
-10.75935213047193 
-10.765391101066447 
-11.058277818186923 
-11.029679312984616 
-10.784886297452148 
-10.988159929789207 
-11.113731928996922 
-11.024699533945236 
-11.125169933871849 
-11.01260779212282 
-10.966074395204906 
-8.82399029410647 
-8.138103735620344 
-8.5294636856922 
-8.701813248114318 
-8.757203732868954 
-8.7566416453244 
-10.315376203703092 
-10.563725377323324 
-10.884288791248045 
-11.071646877054594 
-10.977434722246807 
-11.014363279549736 
-10.978259388868043 
-11.195503051667847 
-11.084938860537981 
-10.90797177745874 
-11.441524174087236 
-11.44816557935691 
-11.459465158751629 
-11.212469213159173 
-11.774711552766655 
-11.714661485364587 
-11.862201637223242 
-11.76775975405981 
-10.602879536979135 
-10.403468549045018 
-10.553013962899795 
-10.231300423541716 
-12.573164544957068 
-12.836128618206605 
-12.81254031173124 
-12.241098582706046 
-12.903239340819864 
-12.931740954102697 
-12.921797889435512 
-12.937019444775194 
-13.098643402170762 
-13.145064025120867 
-13.61491095920131 
-13.572657168483389 
-13.277754907807545 
-13.752424928908743 
-13.712047742904783 
-13.5665837711049 
-10.748500048872108 
-11.291361137389307 
-11.324241984042361 
-11.801097719189793 
-12.052574616319623 
-11.803406833265377 
-12.160030263202861 
-12.271738377198357 
-12.407835655775674 
-12.723310769495967 
-12.881479562817898 
-13.15876578611074 
-13.36410483628585 
-13.387493993533337 
-12.69299094046242 
-12.866683221405642 
-12.894906883586238 
-12.865425262782896 
-12.887726060989447 
-13.127351013689232 
-13.521170236395651 
-12.485176929503286 
-12.50052124592579 
-12.492388255610074 
-12.346116548119221 
-12.109041858935555 
-12.112454912088772 
-12.005258335188907 
-11.896046881509982 
-12.337313842508697 
-12.583811378688429 
-13.12716385095374 
-13.92280212951562 
-13.932379887312342 
-13.475313766379154 
-14.049248777801216 
-13.58877317158165 
-11.215314131974647 
-11.53945646486634 
-12.510183489754045 
-12.722146678373353 
-12.691193899170507 
-12.450877211563544 
-13.148304717863397 
-13.851142791385344 
-13.529812223754426 
-14.033432134597366 
-14.113620858609428 
-13.436074926559394 
-13.745329965857556 
-12.370465351912804 
-12.970209305228748 
-13.116569431524951 
-13.103506274991298 
-13.638536000217265 
-11.171798606840918 
-12.144739669422336 
-12.649563756669123 
-12.737200318582284 
-12.514273084371816 
-12.882913550960325 
-12.990577851827915 
-12.990549649777483 
-13.544899607028844 
-13.826101693080128 
-13.84023963638551 
-13.935399319625812 
-13.53312394053061 
-13.533144924777748 
-13.47588547848209 
-14.220598523072324 
-14.375600985321617 
-14.093359152080053 
-14.515655355093703 
-14.93350499422051 
-15.575479954702466 
-15.567812733570317 
-15.56089060508846 
-14.241948426771094 
-15.738542211625859 
-15.675069805169434 
-15.306917707284471 
-15.331606694139154 
-14.08503284474511 
-13.801476972136358 
-13.877207399031628 
-13.885799183070048 
-13.80600625162515 
-13.824818642104967 
-14.425156110108002 
-14.316635868061919 
-14.261649679333416 
-15.390965066834656 
-15.311232987577249 
-13.971533193396413 
-14.404225873948139 
-13.37851810517569 
-13.14905710144371 
-15.902459464676229 
-15.86931191305972 
-15.860895717831248 
-15.862316534771429 
-15.820243933210234 
-12.711741296254907 
-12.703368529298176 
-12.876939129041787 
-13.329954580738853 
-13.274241385059508 
-13.474752546868901 
-13.727221920086143 
-13.723215795911859 
-14.74685799630187 
-14.789221750834146 
-14.492361521651864 
-13.408705288628425 
-13.184997349818822 
-13.296184114287351 
-13.335353248293194 
-11.688136658842005 
-11.85798895971317 
-9.86286236588258 
-10.809636002843012 
-10.14120313511043 
-8.703491765983738 
-8.772791633249263 
-9.435711814551356 
-10.665030978406815 
-10.814775915990559 
-13.171933197119785 
-13.142703974604183 
-12.546814215337891 
-11.728818762357015 
-12.512006313692295 
-12.520130776050916 
-12.557820324948958 
-12.499038240332862 
-12.494770765352294 
-11.948390987211408 
-12.433733204841747 
-12.921852469091366 
-12.52416670267311 
-12.818720573066416 
-10.55695482713697 
-10.525716329745078 
-11.686583786704627 
-12.311249241042248 
-10.706707014955782 
-11.345289325917772 
-12.359064987453676 
-12.31124932471117 
-10.8055642300328 
-11.158841343844651 
-11.12774362481516 
-11.22272614432082 
-12.800752602332766 
-13.13638075391331 
-12.719921685659669 
-12.788603936052265 
-12.41073334141334 
-12.303173312269763 
-12.132628343185633 
-12.47022476836234 
-12.595073839190764 
-13.343577153038389 
-12.960215888791916 
-13.553738711453471 
-13.572796577600553 
-14.490070796596553 
-14.132302317527023 
-14.671676249658141 
-14.918530374709379 
-14.932048245665811 
-15.045652072511281 
-15.829115697030856 
-16.13636234660712 
-16.348913952882373 
-15.090685165296998 
-15.995536838506824 
-15.928823816793336 
-15.927138410064725 
-16.871323294585405 
-16.677728340329168 
-16.254972118295363 
-16.06064199435173 
-16.09969485713097 
-16.048843533324174 
-16.194506660747756 
-16.142296986296255 
-15.982278078250307 
-16.150337519066486 
-15.380701861551874 
-15.420259973546964 
-15.439476180236705 
-15.440226284050317 
-15.460273442498073 
-15.573604604342366 
-14.931574014048913 
-14.795189515841212 
-14.740370949137082 
-14.843121971673725 
-15.220156552755018 
-15.345538976534463 
-15.731024656142065 
-15.462874775548045 
-15.464752378850479 
-15.51191621694494 
-14.920302445445603 
-14.872547670220387 
-14.578939702773374 
-14.38850531842417 
-13.887823209139833 
-13.12533784559549 
-12.132545677206414 
-13.2287986229362 
-13.168909139669056 
-10.478595335085636 
-11.309839013095718 
-11.140055064085356 
-14.545182876936607 
-14.371767722511168 
-14.275969574180056 
-14.535687635298427 
-12.277576861365493 
-12.548800448421146 
-10.165199065451006 
-12.67126887974754 
-12.670534859126342 
-12.693548980948094 
-12.72871357534107 
-12.751661103915112 
-12.750019879449685 
-12.411718130584275 
-12.593666116291434 
-12.879728923344146 
-11.233411280535442 
-11.43196134755091 
-11.485403393520656 
-11.96131269617133 
-12.040803510583752 
-12.025734187785464 
-12.785744659836194 
-12.82254012481091 
-12.983267237627363 
-11.54677953803143 
-11.702811899635062 
-11.702062019667663 
-11.730769525641232 
-11.336602857931492 
-11.363737970038226 
-11.623208112911385 
-7.977842463321518 
-8.274983041655517 
-8.275195187229608 
-8.586024201736027 
-8.652598669222339 
-9.274596261594771 
-10.835245679166995 
-10.413316305701406 
-10.86297480144346 
-11.20016388277286 
-10.915536558656328 
-11.428746774355107 
-11.867410560490416 
-11.85339471154505 
-11.593669846538358 
-12.273263066413644 
-11.013632491855509 
-8.540586308341275 
-6.772697904058687 
-7.525038383014717 
-7.510557292182401 
-7.453843937738995 
-7.630606218164371 
-7.426992768947434 
-7.624797828210545 
-7.439006885853278 
-8.131616029433442 
-9.689383647455255 
-9.749756384175441 
-10.079376854413637 
-10.860279425644514 
-11.626515800076946 
-11.521000999279106 
-11.564016331005561 
-11.828982596226606 
-11.776350095776916 
-11.659729616559954 
-10.738251172658186 
-13.23715402633642 
-13.67726375781779 
-14.262380120856301 
-14.292779075701555 
-14.158326540135523 
-14.188413190241386 
-14.470706155376286 
-14.528065200807294 
-14.301564347605979 
-14.478996293765743 
-14.49840262738592 
-14.244167131050432 
-14.51139773688283 
-14.532393558925014 
-13.715497161200142 
-13.917003173449963 
-14.115450745664932 
-12.195983732302288 
-14.022640016512213 
-14.484304223610467 
-14.047082977794698 
-14.04500665340387 
-14.09485688257541 
-14.226143423202682 
-14.21563217317912 
-11.816862700412454 
-12.402823091741443 
-12.507072484959245 
-12.628320528107478 
-12.155732070547378 
-12.36199401208956 
-12.472181587194983 
-12.34194444284891 
-12.243903256366323 
-12.245583613033364 
-12.381681768399265 
-12.174702559537225 
-12.220005161366126 
-12.345725469582893 
-12.57931188127387 
-13.435507047741767 
-14.075496878387675 
-13.16885212897189 
-13.137713466021525 
-12.549953530197351 
-12.833264378106467 
-12.85479448759984 
-12.763213631009046 
-12.610119109402236 
-13.025861428139867 
-13.369492311239847 
-12.21090288441231 
-13.040341948531962 
-12.593802932954278 
-12.77721295963982 
-12.569418979855014 
-13.049847347572546 
-13.175292772035421 
-13.697877055425588 
-13.73043932266408 
-13.609454150789418 
-13.650660174686918 
-13.114242459433882 
-13.182867080196203 
-13.114253422350433 
-14.942863115425233 
-14.940174652133612 
-14.406730597112666 
-14.845824349064923 
-14.89230634305807 
-15.18464266100689 
-15.19726947360203 
-15.255392766504523 
-15.255508505347908 
-15.154828838970307 
-14.962841807404894 
-14.959016998025493 
-14.881880095766569 
-14.966105676219142 
-15.613489651889596 
-15.169976797030063 
-15.125966677751283 
-13.665466547440282 
-14.106430850176265 
-12.948298328197597 
-13.281409860445324 
-11.851368491256352 
-10.277422676233972 
-10.274613150692648 
-10.319681690920474 
-10.332332124990296 
-11.772781615951683 
-8.751908606740741 
-8.633737594656719 
-11.826120937935272 
-11.867137582225306 
-12.045483092045359 
-12.771211450356347 
-12.900950433373868 
-12.952206502684007 
-12.998168603092454 
-12.596031370209545 
-11.554872482641086 
-12.802535161438122 
-12.89589034199063 
-7.21711579963046 
-8.902997760148063 
-8.83178036684368 
-8.391179215929128 
-7.962343867822931 
-11.713059648193633 
-11.612167989229158 
-9.392705057285605 
-8.022505647011123 
-7.282372793906102 
-7.632397609630607 
-7.046379088516101 
-10.509824665760208 
-10.429865900092413 
-10.477329217524899 
-11.451582126328589 
-13.375101556953016 

 Time 
75.45969200134277 
