Energy 
 
-0.3013136220446028 
-0.7281653730355644 
-1.3536689083858882 
-1.9942512167085686 
-2.6488923591985456 
-3.318977755854845 
-4.031498601478573 
-4.660570747542091 
-5.2047477989867765 
-5.65672174589036 
-5.54080130591559 
-6.03316850380095 
-6.370003577112331 
-6.625697990908752 
-6.842390308644778 
-7.022002180675923 
-7.186872483272616 
-7.364679447402634 
-7.507614120030172 
-7.607849171628076 
-7.684787852812095 
-7.7688461918576985 
-7.842889111234064 
-7.902936496171573 
-7.958551479481886 
-8.01243905366443 
-8.063600969135754 
-8.109108426130112 
-8.151421430685259 
-8.189398218240166 
-8.224552477129425 
-8.258556304250822 
-8.290527243552932 
-8.32148584443722 
-8.358617124468621 
-8.385789116348972 
-8.397436002609297 
-8.438307716433359 
-8.471919012537544 
-8.492348101951485 
-8.50976176577225 
-8.523263406930194 
-8.538766991440756 
-8.55507868117355 
-8.56987687655823 
-8.582734043442933 
-8.594413522022549 
-8.603406491951022 
-8.60937153499612 
-8.623429400677205 
-8.623003014913268 
-8.64162819563377 
-8.625021944097778 
-8.623627582996374 
-8.66512903128458 
-8.666560021427003 
-8.68136867980409 
-8.695410598556283 
-8.706379801464973 
-8.713201150994706 
-8.719667087880254 
-8.726006899288159 
-8.733940147102384 
-8.739417990774278 
-8.728933632945006 
-8.737879435328407 
-8.749352623824318 
-8.753837210310653 
-8.75733722120343 
-8.773275469700987 
-8.776218980851 
-8.77426219569057 
-8.757948062566877 
-8.760771818465063 
-8.757008746350024 
-8.791942536824326 
-8.799544150686254 
-8.802590373266424 
-8.805138195731667 
-8.80751373114596 
-8.809578826694658 
-8.811511014980564 
-8.813219734958723 
-8.814777617148318 
-8.816226572164249 
-8.817590093666354 
-8.818887205801103 
-8.820109141867364 
-8.821275778665296 
-8.82237255734357 
-8.823338874774374 
-8.821696808246474 
-8.824588546133107 
-8.825791510002341 
-8.826785893710651 
-8.827638510523597 
-8.828430604548585 
-8.829155654755363 
-8.827961447891093 
-8.829741447016191 
-8.831303938658369 
-8.831995015209351 
-8.832614395417014 
-8.833225575660725 
-8.833793097098361 
-8.834340159220737 
-8.83485696484861 
-8.835341919683271 
-8.835798910175996 
-8.83622984057335 
-8.836633262112521 
-8.837012738531445 
-8.837379674339267 
-8.837720900676125 
-8.83804313935271 
-8.838345775369175 
-8.83863174495711 
-8.838887890728662 
-8.83912743325249 
-8.839358913655433 
-8.839580121857267 
-8.839797049804364 
-8.840007382366709 
-8.840202520716804 
-8.840389141801401 
-8.840567816084635 
-8.840745265832656 
-8.84091362492123 
-8.841074649426705 
-8.841228633379751 
-8.84137526066715 
-8.841515654497135 
-8.841653608637582 
-8.841785011147175 
-8.841911272666497 
-8.84203153901463 
-8.84214453111433 
-8.842255948365032 
-8.842363649723877 
-8.842467306730025 
-8.842566313558194 
-8.842660642635165 
-8.842748843135974 
-8.842832669549978 
-8.84291052087057 
-8.842985883215572 
-8.843057585201398 
-8.843126784282962 
-8.843192163067142 
-8.843254822591033 
-8.843314781627106 
-8.843372038886356 
-8.843426537532824 
-8.843478370576168 
-8.843528109638655 
-8.843575552695329 
-8.84362086254593 
-8.843664468429456 
-8.843706319410273 
-8.843746479180972 
-8.843785136603342 
-8.84382225769328 
-8.843858483418138 
-8.843893126520793 
-8.843926413049974 
-8.843958460494614 
-8.843989139421069 
-8.84401837469144 
-8.844047098553068 
-8.844074577195546 
-8.84410093185851 
-8.844126076281235 
-8.844149735703565 
-8.844172365171366 
-8.844194047124969 
-8.84421471940068 
-8.844234555598677 
-8.844253973281566 
-8.844272838948317 
-8.844290664344689 
-8.844307761628198 
-8.844324182954228 
-8.844340064846445 
-8.84435530492587 
-8.844369767926143 
-8.84438364569839 
-8.844396862859426 
-8.844409546882197 
-8.844421810318732 
-8.844433538121963 
-8.844444748820969 
-8.844455400972464 
-8.844465656254991 
-8.844475524666013 
-8.844485011634422 
-8.844494176861536 
-8.844502987057353 
-8.844511410103319 
-8.84451951278917 
-8.844527301182005 
-8.844534813347156 
-8.844542007731397 
-8.844548943905371 
-8.844555613897414 
-8.844562018723854 
-8.844568164852866 
-8.844574040117788 
-8.844579708429698 
-8.844585150756883 
-8.844590392532497 
-8.844595393408156 
-8.84460020073146 
-8.844604814714115 
-8.844609272874704 
-8.844613554877261 
-8.844617644410954 
-8.844621584018666 
-8.844625368945241 
-8.844629011987871 
-8.844632556458064 
-8.844635961078634 
-8.84463927326296 
-8.844642460068103 
-8.844645554492148 
-8.844648544264706 
-8.844651410460257 
-8.844654180892505 
-8.844656832943915 
-8.84465937686733 
-8.844661718541879 
-8.844663929328064 
-8.844666014208634 
-8.844668009641339 
-8.844669919651773 
-8.84467176292844 
-8.84467352838107 
-8.84467521779254 
-8.844676835375584 
-8.844678388241723 
-8.844679890292536 
-8.84468133340537 
-8.84468271951604 
-8.844684057606203 
-8.84468533718628 
-8.844686568547885 
-8.844687754520484 
-8.844688890233025 
-8.844689982326532 
-8.844691032393094 
-8.844692042537307 
-8.844693013365557 
-8.844693947958795 
-8.844694830472104 
-8.844695679928323 
-8.844696498643762 
-8.844697289711211 
-8.844698084046085 
-8.84469884489183 
-8.844699575436819 
-8.844700271703367 
-8.844700910254419 
-8.844701522016273 
-8.844702110782368 
-8.844702675757043 
-8.844703219728796 
-8.844703742164278 
-8.84470424110889 
-8.844704719056613 
-8.844705179500997 
-8.844705623382078 
-8.844706047892725 
-8.844706458567536 
-8.844706851419302 
-8.844707230108707 
-8.844707595343024 
-8.844707947162089 
-8.844708287317872 
-8.844708615378698 
-8.844708933584155 
-8.84470924003778 
-8.844709535360243 
-8.84470982140469 
-8.844710096697177 
-8.844710361853018 
-8.844710618876451 
-8.844710867187079 
-8.844711106573936 
-8.844711335845439 
-8.844711554538884 
-8.844711761747563 
-8.844711963483864 
-8.844712158870106 
-8.844712347341277 
-8.844712530514817 
-8.84471270569846 
-8.844712874644724 
-8.844713037320933 
-8.844713194232408 
-8.844713346685197 
-8.844713493691113 
-8.844713635196781 
-8.844713771013017 
-8.84471390425288 
-8.844714031437126 
-8.844714154599554 
-8.844714273447545 
-8.844714389158167 
-8.844714500769806 
-8.844714607228788 
-8.844714710138954 
-8.844714809391792 
-8.844714904184471 
-8.84471499517353 
-8.844715083005564 
-8.844715165243276 
-8.844715244996385 
-8.84471532191479 
-8.84471539670721 
-8.844715470654386 
-8.844715541718362 
-8.8447156109161 
-8.844715677845228 
-8.84471574236049 
-8.8447158044915 
-8.844715863950924 
-8.844715921339874 
-8.844715976938245 
-8.844716031072487 
-8.844716083385103 
-8.844716133826376 
-8.844716182207176 
-8.844716229277688 
-8.844716274301575 
-8.844716317891917 
-8.844716360049325 
-8.844716401075843 
-8.844716440748435 
-8.84471647914891 
-8.844716516447782 
-8.844716552749423 
-8.844716587581933 
-8.844716621107484 
-8.844716653097759 
-8.844716684105057 
-8.844716713946132 
-8.844716742929375 
-8.844716770941323 
-8.84471679813584 
-8.844716824489598 
-8.844716850221982 
-8.844716875097573 
-8.84471689977779 
-8.844716923741732 
-8.844716947014394 
-8.84471696963038 
-8.844716991977075 
-8.844717013740311 
-8.844717034959244 
-8.844717055662203 
-8.844717075814902 
-8.84471709532478 
-8.844717114318584 
-8.84471713281569 
-8.844717150864572 
-8.844717168435029 
-8.844717185552852 
-8.84471720221441 
-8.844717218420428 
-8.844717234224438 
-8.844717249632513 
-8.844717264597001 
-8.844717279126783 
-8.844717293355597 
-8.844717307264103 
-8.844717320827174 
-8.84471733412427 
-8.844717347120705 
-8.844717359758276 
-8.844717372107812 
-8.8447173843462 
-8.844717396320203 
-8.844717408032057 
-8.844717419487022 
-8.844717430624813 
-8.84471744149987 
-8.844717452153908 
-8.8447174624645 
-8.844717472562273 
-8.844717482430815 
-8.84471749215451 
-8.844717501713106 
-8.844717511099311 
-8.844717520365332 
-8.844717529467914 
-8.844717538397074 
-8.844717547174245 
-8.84471755580803 
-8.844717564246613 
-8.844717572511442 
-8.844717580647796 
-8.844717588660178 
-8.844717596548286 
-8.844717604328837 
-8.84471761201061 
-8.844717619582957 
-8.84471762705959 
-8.844717634434021 
-8.844717641797915 
-8.844717649073912 
-8.84471765618789 
-8.844717663214864 
-8.844717670145501 
-8.844717676997814 
-8.84471768377985 
-8.844717690384599 
-8.844717696928305 
-8.84471770339626 
-8.8447177098002 
-8.844717716148828 
-8.844717722471445 
-8.844717728736667 
-8.844717734944245 
-8.844717741064962 
-8.844717747127362 
-8.844717753082113 
-8.844717758967672 
-8.844717764792726 
-8.844717770568362 
-8.84471777629682 
-8.844717781979348 
-8.844717787616581 
-8.844717793139033 
-8.84471779859893 
-8.844717804000616 
-8.844717809411906 
-8.844717814792876 
-8.844717820141687 
-8.844717825342956 
-8.84471783051296 
-8.844717835661942 
-8.844717840780623 
-8.844717845844428 
-8.844717850849515 
-8.844717855824904 
-8.844717860702081 
-8.844717865536882 
-8.84471787035135 
-8.844717875070804 
-8.8447178799104 
-8.844717884711223 
-8.844717889493783 
-8.844717894283285 
-8.844717899027456 
-8.84471790373443 
-8.844717908418989 
-8.84471791308306 
-8.844717917715158 
-8.844717922330108 
-8.844717926954827 
-8.844717931520956 
-8.844717936090541 
-8.844717940640281 
-8.844717945205185 
-8.844717949687588 
-8.844717954154056 
-8.844717958599208 
-8.844717963023195 
-8.844717967411313 
-8.844717971763165 
-8.844717976091447 
-8.844717980402509 
-8.844717984716985 
-8.844717988947071 
-8.84471799314601 
-8.844717997311642 
-8.844718001455725 
-8.8447180055811 
-8.844718009690906 
-8.844718013779051 
-8.844718017888578 
-8.844718021987042 
-8.84471802607154 
-8.844718030142149 
-8.844718034199444 
-8.84471803824457 
-8.84471804227724 
-8.844718046303852 
-8.844718050316617 
-8.844718054335381 
-8.844718058324016 
-8.844718062290822 
-8.8447180661966 
-8.844718070097889 
-8.844718073950657 
-8.844718077784131 
-8.844718081599565 
-8.844718085407683 
-8.844718089208186 
-8.844718093014377 
-8.844718096818362 

 Time 
685.3831789493561 
