Energy 
 
3.644175773884647 
-2.2708632814368324 
-2.302987732813712 
-2.0481760058282914 
-2.0432921856865227 
-2.3653204785740902 
-5.418893667846452 
-5.579233122838678 
-5.639167090253049 
-5.702650391157045 
-5.721090720972323 
-6.483755189687471 
-6.805182705577195 
-7.091579361788613 
-8.121751804488374 
-8.033362773909671 
-8.366313800849689 
-8.387412898493476 
-8.431043559403307 
-8.738013068323674 
-8.636297206505585 
-8.803072827904426 
-9.180489886651488 
-9.335504866126808 
-9.6601896852253 
-9.740998451965769 
-9.960432766933081 
-9.784345687735605 
-9.989602115485335 
-10.344182909401463 
-10.36741412872535 
-10.118370034702783 
-10.417051186498023 
-11.436450268836158 
-11.422251661110927 
-12.564715743129039 
-12.412600019380521 
-12.908864981354503 
-13.327568506716075 
-13.334315549749329 
-12.968806100611973 
-13.05064044696721 
-13.168893553852078 
-13.260046852427338 
-13.673260574148026 
-13.545832522153503 
-13.551128566124557 
-14.998516310632624 
-15.054704225005764 
-14.784876560251854 
-14.84847484223013 
-14.862464862496322 
-14.678272431017625 
-14.676379503421256 
-14.609342104170427 
-14.914159061840929 
-14.960093400575417 
-14.985892159263534 
-15.269482197136014 
-14.820673881220362 
-14.904336660378187 
-14.94513580924309 
-14.911451389399765 
-14.590992507874722 
-14.11019419239017 
-14.534589212461938 
-14.534895149395329 
-14.574847904118997 
-14.67786522054803 
-15.100091507524642 
-15.076811555661184 
-15.030129532336986 
-15.067254698353404 
-15.191573088923173 
-15.157043620711589 
-14.70407757155959 
-13.331482593698427 
-12.087786052701038 
-11.194277831735016 
-10.995158314866327 
-10.08732441811213 
-9.872924651723613 
-9.574309586293875 
-9.683942463035045 
-9.085619536809647 
-8.878573221529793 
-10.748143093073448 
-10.656381207577903 
-10.853839064047143 
-11.537292410833386 
-11.771621603431552 
-11.601859983155917 
-11.606282677953713 
-12.590035016892518 
-12.57239508880181 
-13.03687752919512 
-13.189618797126588 
-13.210166540590846 
-13.476176885255178 
-13.58864139204866 
-13.531460425927808 
-13.07263982365573 
-12.531638420385896 
-13.299583213323563 
-14.13525638550467 
-13.7211018681824 
-13.560726716323316 
-13.433749258770616 
-13.292592275574206 
-13.316933608859124 
-13.348836125930674 
-13.483548715916113 
-13.979181000114135 
-13.726353588367102 
-15.459897649215746 
-15.374537659989182 
-14.354854999468714 
-14.33053765778618 
-14.865006313975405 
-14.553461166023519 
-15.019939542362975 
-15.197895764566224 
-14.628325644461396 
-12.365908444656698 
-12.385372123975474 
-12.43462834787814 
-13.527597544058795 
-13.704163209210133 
-14.92559889964971 
-14.90861896374989 
-15.185242876675302 
-15.252657825686493 
-14.759964078692827 
-14.721763618730478 
-14.161971566416398 
-14.385802853182732 
-15.003128823211844 
-14.673833539007896 
-14.049561202486988 
-13.799590481922753 
-14.017162626144108 
-13.94984758980834 
-14.304158024881906 
-14.929222446809106 
-14.42832318637868 
-14.591409482550791 
-14.788854748742791 
-14.623035644929972 
-14.758472023455194 
-15.939667137755592 
-16.0402761829986 
-16.215741467524154 
-16.51767523215568 
-16.73528792341853 
-16.740469298367408 
-16.746374947239335 
-16.804893531324172 
-16.61236707208236 
-16.588157234102425 
-16.54366754955289 
-16.007104815633546 
-16.056114792145124 
-16.07810514191458 
-16.465804570696122 
-16.226030954816878 
-16.681557536667054 
-16.008479929684835 
-16.02704346711476 
-16.192006549508637 
-15.516941419807111 
-15.375346036875772 
-14.720656300138417 
-14.713311176960858 
-14.663624211119506 
-14.351184069391014 
-14.213163676242365 
-16.042988820528702 
-15.844695875110032 
-15.845427988127836 
-16.484838344453433 
-14.098468653613141 
-13.93021137725987 
-13.901015068333558 
-13.530280621590396 
-12.664844741036134 
-11.909036395860825 
-12.369682088246517 
-10.597777343030828 
-11.310141054830138 
-12.21784208348653 
-12.227124891194508 
-13.15073700343786 
-13.253392428557396 
-13.225879354916517 
-13.440094475725212 
-13.126703095462357 
-13.46961752053344 
-13.520534712209862 
-12.126647954827291 
-11.580958874848221 
-11.267443562759317 
-11.92243308616925 
-11.841803181597767 
-12.06838275005927 
-12.479208845624399 
-11.408041028259712 
-8.733049423997123 
-9.112607715831665 
-8.741585690398463 
-10.284899978819238 
-10.865737816847215 
-11.369079764996808 
-11.362664762901444 
-11.355373520712785 
-11.336611228565058 
-11.400145007113162 
-11.393003130363581 
-14.675047239064071 
-14.866092990061636 
-15.181889374984355 
-14.88800856851923 
-14.436883818869617 
-14.598223149587959 
-14.598118295656928 
-14.657654364154798 
-15.66199783280538 
-15.535749828173804 
-16.122972497731602 
-16.11210396957063 
-16.08197289451921 
-14.00255925773435 
-12.55259474770786 
-12.489239835020529 
-12.477841674580993 
-12.870466199821475 
-12.881565776257931 
-12.914339935327366 
-9.777753214810451 
-10.179974273946065 
-9.229287560388599 
-9.28133025077097 
-9.434675671879264 
-9.431002356668351 
-5.709762062654937 
-6.563582029015692 
-6.898031813691879 
-8.263500135041493 
-8.801367260956162 
-8.790278283027227 
-9.157836572701747 
-9.281186089120576 
-10.058993768405617 
-10.28831173094543 
-10.71042526692663 
-10.534629816520864 
-10.532170490778217 
-10.626605018017965 
-12.60709839890789 
-12.647094207462665 
-12.743848371576997 
-13.163579896555545 
-12.969153240228948 
-13.384235219659287 
-13.307042857069357 
-13.332976248796708 
-13.431403074251703 
-13.816026309950507 
-13.856625877839479 
-13.474648122670562 
-13.599671027162413 
-13.735562468801946 
-13.63836129948838 
-11.053035559609915 
-9.566357919849235 
-9.942936337804504 
-12.973912355617333 
-12.93304051271323 
-13.006854527837824 
-13.221764353056557 
-13.747420436448246 
-13.758324916920532 
-13.721566366917697 
-13.645211761201473 
-13.753637425055596 
-14.160153814390158 
-14.259209516689024 
-14.420623901066865 
-12.356346601855417 
-12.624751785938582 
-13.466344009468537 
-13.705212415530989 
-14.0111447206756 
-13.461322875978961 
-12.998651132973968 
-12.958683017869095 
-13.22015356881673 
-14.145160930338271 
-14.06691336148381 
-13.61134878780664 
-13.589167493287118 
-13.689870232751005 
-14.857614356257038 
-17.731319456009636 
-17.583834140172193 
-17.57159336100342 
-17.639242996607805 
-16.96382328767266 
-16.922942472528433 
-16.54214564250114 
-16.512584111423376 
-16.564645654184304 
-16.5862513256076 
-16.568071763970774 
-16.354746155933395 
-16.27245558088614 
-16.25410232046049 
-16.274417055002953 
-16.28567829069847 
-16.537669324066858 
-16.273167761453486 
-15.945307682121221 
-15.708342120048309 
-15.996436775546924 
-16.372263698620742 
-15.388979070286588 
-15.329312651906289 
-15.803803609557132 
-15.80163708555172 
-15.896468706993875 
-16.036933657331208 
-15.903020496435964 
-15.799359451087938 
-14.488658562830658 
-14.422354619539384 
-14.829422156362082 
-14.790032674639294 
-13.813776564664197 
-13.683950468914057 
-13.673665271938136 
-13.607116790768096 
-13.401681816049223 
-13.851481646904418 
-13.034866537130053 
-13.952590501943558 
-14.08232005109222 
-14.120473875601975 
-13.22273866593083 
-13.327210103416968 
-13.333826906665333 
-13.022602470747717 
-13.280997629666034 
-13.36333681311203 
-9.070966409646637 
-8.605974254458834 
-8.745712751907632 
-8.884121284872581 
-12.123319426545098 
-12.028049872222972 
-12.594253326894316 
-12.573234117764144 
-13.829975040248806 
-13.855562712938243 
-13.918298844066278 
-15.457291385844545 
-15.45343941921477 
-14.360419426811296 
-14.338799828596299 
-14.78941234558582 
-14.885854708258673 
-14.729012909811102 
-14.762758315162335 
-14.650006167944076 
-13.577925949779972 
-10.92658744513273 
-11.148640475969774 
-11.806037936436336 
-11.441675173275593 
-11.652546611748276 
-13.245038184603136 
-12.929468442559417 
-14.676431503896978 
-14.14831323672318 
-13.993158435683341 
-13.703563274146326 
-14.258810543877887 
-14.275563810714711 
-14.397967871341681 
-14.437486688217565 
-11.543505142347087 
-8.781096026230754 
-9.635796699214481 
-9.826817276594927 
-9.43233430843021 
-9.62424521374997 
-10.803047147793873 
-10.907352600985675 
-9.809541049080615 
-10.302599705533199 
-8.724013217211585 
-8.69678258468878 
-8.494524104400462 
-7.676831708584058 
-10.779397966642106 
-10.762846015798935 
-10.677839014092196 
-10.66857667779474 
-12.187401692449345 
-12.65479107965784 
-15.560790199151528 
-15.423538962372515 
-15.311203669688865 
-15.158239923237094 
-15.384493862123454 
-14.889600213999804 
-15.690271865218731 
-14.194861502409962 
-14.240923933225904 
-15.35959474893149 
-15.67792603796935 
-15.497534682646725 
-15.609006495637562 
-15.059476423317541 
-15.08108877240316 
-15.486520145242398 
-15.50938452687448 
-15.936685206594035 
-15.184932676894778 
-16.95025343780724 
-16.92223346261269 
-16.896512529611933 
-16.386231016439528 
-16.529742588809434 
-16.557067734265534 
-16.575519263592057 
-16.596622473252914 
-16.19163331007013 
-16.309268110217484 
-15.910415023754751 
-16.65604680622881 
-16.56340753138779 
-16.659354090120743 
-16.609637292175762 
-15.650239168178842 
-16.23945893765438 
-16.18020138766952 
-16.11202827392379 
-17.612800346152955 
-17.6300986394671 
-16.82381921716023 
-17.175327792356132 
-17.104072417422064 
-16.3550235670265 
-16.181614179075883 
-16.306504580346832 
-16.381720969605286 
-16.031193399158308 
-15.664812381485083 
-15.628190571145208 
-15.583126616483181 
-17.044517497614972 
-16.957533925112664 
-16.367937209414535 
-16.135950822373754 
-16.58153131155033 
-16.044361468049456 
-11.058447310764302 
-9.823119475638412 
-10.111422667390874 
-9.714017072325365 
-9.690310531889356 
-9.662822522464456 
-9.679681398030294 
-9.263247158439823 
-9.361399530033635 
-9.487708736535291 
-10.031946449450889 
-10.205785035815788 
-10.139672382879747 
-9.985263922185235 
-10.001378521167014 
-10.041893882154493 
-10.04952500985194 
-9.6588107558983 
-10.201037837679317 
-9.925149909740124 
-11.602077354036798 
-12.097199753289907 
-12.531467697300899 
-12.59728686027846 
-11.277000196987084 
-12.225303150147266 
-11.814149818831318 
-11.82388419336652 
-12.116273907647 
-12.3321024108409 
-12.371642404347085 
-12.095354492720745 
-12.572922709097416 
-12.632598411902155 
-12.630440361978053 

 Time 
100.34705519676208 
