Energy 
 
2.390142678989272 
2.347884047036659 
-0.5312758379195797 
-0.0960943947625088 
-2.9458833835235003 
-2.926668828707969 
-3.136163382730137 
-2.960129307293224 
-2.710658522708032 
-3.027405660661759 
-3.2237004197527983 
-3.205159952945441 
-3.6002385440787026 
-2.2083379387728983 
-2.8345698755578135 
-3.372737597237463 
-4.62407493581735 
-5.570975002692089 
-5.550487942612638 
-5.426124724557329 
-5.740307167469722 
-5.727339688386096 
-6.085806039599984 
-6.1571177213403505 
-5.868234689416311 
-8.273430048554888 
-6.830481375687412 
-9.852767540240718 
-10.033319600775428 
-9.857396379173872 
-8.427249304093637 
-9.663239508514108 
-9.664539070758202 
-9.289581226180783 
-9.09972004553173 
-8.220271524542405 
-8.186434921492465 
-8.409437005739154 
-5.173064346816407 
-5.093625575795167 
-4.84371533305162 
-6.994571365633315 
-6.98084258768118 
-6.835946678111805 
-5.2700631907140405 
-5.996917828736117 
-5.13196896830757 
-5.66150918839344 
-4.742532624824806 
-4.655279473994094 
-5.042584839827251 
-4.797437206980458 
-3.9775582948234165 
-3.953299213306293 
-4.103666753170007 
-7.741816646629702 
-7.863093560518409 
-8.233671444636727 
-7.5006800692112385 
-7.972329123348004 
-8.595371447997476 
-8.285371595940942 
-8.374847447335508 
-8.470765094525852 
-8.666493257207279 
-9.795620861854808 
-9.179465150754893 
-8.503060424356653 
-9.247144948912506 
-9.127582029615066 
-9.132587161737279 
-9.054090137842964 
-9.192726305659994 
-8.845104649482128 
-9.112576791164882 
-9.888703999848659 
-9.938617688246433 
-9.642982459150927 
-11.18067637515111 
-10.768696149377382 
-10.807473814112868 
-7.049383799985617 
-6.968937816881702 
-5.164748641698269 
-5.776681209500975 
-5.623486835205282 
-5.528099943652354 
-8.444738527502574 
-7.8744753454282295 
-5.445860365113271 
-5.983269107095939 
-6.38429411252888 
-5.437641990945623 
-5.987801669636892 
-6.9983753893514065 
-7.171944075870433 
-7.26113290071243 
-7.23761607247204 
-7.0941883273631525 
-7.077242348781638 
-7.446641776289837 
-7.182504074723597 
-6.722699277426788 
-6.624011023847687 
-7.102781853703579 
-7.4243910144005545 
-8.53277558333756 
-8.204149716478577 
-9.494758533930014 
-10.015386251511188 
-9.9931296741882 
-10.222990880987098 
-9.534221803726709 
-10.276233100166387 
-10.029164313851949 
-9.275997681410123 
-10.271306251078876 
-10.217914063671735 
-10.084324989823973 
-8.515946160126608 
-8.39632435974767 
-9.31234172476784 
-9.45975115120266 
-9.652975169217584 
-9.495573105180402 
-9.25767667497244 
-9.225138375538952 
-10.646757012928079 
-9.884433852195473 
-9.686243666154688 
-10.471257461788696 
-11.538330505584419 
-9.643728881031768 
-9.84721922410276 
-9.836436354593815 
-10.415561440300417 
-9.477554314046566 
-9.081005237901012 
-9.139208181257148 
-10.38211261828484 
-10.650893761760653 
-11.146955089800349 
-11.1370798423211 
-9.915129775217183 
-12.040435466575557 
-11.804478840656866 
-11.939197230451995 
-11.756344033796882 
-8.19519291438867 
-8.678477114449269 
-8.622578105877146 
-8.51290776305819 
-8.459444825032318 
-8.129018250294072 
-8.128171993935828 
-8.458978432955924 
-8.191108106160277 
-7.0567201703237235 
-7.632081731271446 
-6.2449848779915875 
-5.038726960409472 
-5.06520408347262 
-4.687524294584506 
-5.47806587309255 
-5.9269083440748105 
-5.787416646290794 
-5.812322180975714 
-5.344408684403272 
-5.294968887583606 
-6.966171432693264 
-7.346458460821155 
-6.8821207460096 
-7.14147740674482 
-6.29242359714826 
-6.297875391792802 
-5.3453914727652165 
-5.867629564336989 
-5.901631762285162 
-5.923956243711802 
-5.75608962278279 
-7.395633309843677 
-7.1637833025282625 
-7.239769390305533 
-7.223479456656873 
-7.153945258136764 
-8.376159504857553 
-8.109865817580214 
-9.280272636189025 
-8.855945614758337 
-8.711484109935874 
-8.667288124186845 
-7.732734648211355 
-8.072740141596272 
-5.7653705681990575 
-6.299742273223546 
-6.168616233577502 
-5.952640494813487 
-6.780748024405623 
-6.571876493401655 
-6.907036482161025 
-7.967833541635625 
-7.956140849132049 
-8.970444034594081 
-7.703314752743003 
-7.6725402079054845 
-7.508698095923314 
-8.93348378510744 
-8.914524697812466 
-8.109100602209107 
-9.25949588797039 
-7.885918021535722 
-6.067845630705976 
-5.382556554188822 
-4.567452471968039 
-5.055091874923303 
-5.761060043114388 
-4.022495597644248 
-4.518538857952803 
-4.58106442845522 
-5.177182547822393 
-5.1095856753350715 
-1.8234401558459246 
-1.7359792200816846 
-2.6357607444661473 
-2.5733514875752723 
-4.334477640620487 
-4.155868472230626 
-2.9172247675428347 
-2.2918114019892615 
-2.000136061133222 
-1.6770406807934155 
-1.1169366041132054 
-6.288842202594507 
-6.246528340708626 
-5.5878144634663185 
-6.721236246035853 
-6.314753887024232 
-5.815779728252349 
-6.174276953087187 
-7.2281696372306214 
-7.025222145807509 
-4.920412556108094 
-6.248945369369943 
-6.454545434899094 
-8.56390022957565 
-8.388928092711737 
-9.479885699161182 
-9.41934922159911 
-9.073328655862783 
-9.061593053366394 
-8.95642441893741 
-8.911899960615091 
-7.878929122051125 
-8.51809529671644 
-8.975594876973911 
-9.63499050196627 
-9.943092546576342 
-7.114587310656018 
-6.061611212442907 
-6.489392431723791 
-9.004778012875134 
-8.301392588833302 
-8.995702906679483 
-7.72972790996736 
-8.002138045126554 
-7.849138392047828 
-6.1936496745907155 
-6.23573414729818 
-5.590698542279184 
-4.992915997938963 
-5.17376402102753 
-7.970033483786954 
-7.812461392555903 
-8.180340091213877 
-8.061443847387096 
-7.810988174602356 
-8.686018654052235 
-8.826332724488825 
-9.109078195718743 
-9.376787047317594 
-2.007779671380466 
-2.2817835813642273 
-3.031939257089311 
-2.984361459788943 
-3.9137192204546194 
-3.7495966819416187 
-4.656006828677108 
-4.87974622197657 
-5.832017993823562 
-5.378752597860295 
-4.3503139534718915 
-4.740811459668718 
-7.022452061072546 
-6.936833143501647 
-7.186559776528985 
-7.274011783992241 
-5.558164977732438 
-5.6103012787087225 
-6.526441258390049 
-6.298510842598297 
-6.573312222618557 
-5.9343046750733155 
-2.5681211466555744 
-2.555806757662044 
-2.667760812604004 
-2.6195057814191616 
-2.4657908951761205 
-2.892122580063087 
-2.864607313695979 
-2.820404087805894 
-3.5730451859606607 
-3.246645797000875 
-2.9102572373963707 
-3.41355612902067 
-3.7270965646404184 
-4.332772476827278 
-4.584074497421625 
-6.662452657424825 
-6.980894259530368 
-5.7237332859425045 
-5.5424226772852805 
-5.569205861106248 
-5.561423295823571 
-6.964813526102935 
-7.765620304174624 
-7.374468203378681 
-7.701855241868414 
-6.904266318553166 
-7.778741028689679 
-8.464858172777094 
-6.121073333644555 
-5.583077074714659 
-5.808223951544374 
-5.799660990609778 
-6.385178557694401 
-6.458563821380657 
-6.2984524879212405 
-5.97245373099295 
-6.624659263061127 
-7.06933071562079 
-7.221609673680703 
-7.364922153387102 
-10.450772225656944 
-10.473844731979476 
-10.144898535172072 
-9.35157942422418 
-8.9674918080883 
-8.993479148992543 
-8.209021091350593 
-9.485429397189307 
-8.589905941088787 
-8.594472482258046 
-7.681298192139831 
-7.636132575903435 
-7.4999141933343845 
-7.3226490960876305 
-8.633961297897132 
-8.5659099019678 
-8.713140238034203 
-8.761480617902022 
-8.98137756688543 
-8.299645254417852 
-8.133056390152118 
-8.142218257773916 
-7.897854884529068 
-8.55136237429121 
-9.089556298868676 
-9.237222685288614 
-10.173725133460232 
-7.623014547556882 
-4.482802283088265 
-4.444573625698613 
-4.326835143493446 
-7.131310394971417 
-7.461729334871439 
-7.177541259846593 
-7.47299396028348 
-7.431549272528795 
-8.735033839033548 
-8.051196752065087 
-7.280541835822902 
-8.535562269171677 
-7.06736182210018 
-6.5730985626216105 
-6.860503026679793 
-7.513854750499446 
-7.529335822622819 
-6.874384561750666 
-7.925769155084853 
-7.979020199170831 
-7.434102254166649 
-4.356849629991386 
-4.875168921357219 
-4.63154949232822 
-3.7470140764766087 
-3.7792991461288 
-5.260489669600649 
-5.988111979899294 
-5.801032472735401 
-7.732747361494957 
-6.789368777117106 
-6.58471608146428 
-6.546743260621239 
-6.513689960342969 
-6.958089060835136 
-7.032093547664988 
-6.901714357008498 
-6.983034821072575 
-7.744672954204698 
-7.865801553672218 
-8.792478160797918 
-7.604318864394119 
-8.43278197744145 
-8.530125131842722 
-8.166920512441443 
-8.903296722189426 
-8.522803827031805 
-8.522249679681686 
-7.608985333080389 
-9.88756155272543 
-9.19144351847207 
-8.930556416529717 
-8.979788218475232 
-9.04017385309822 
-9.554034772786096 
-9.432793771633655 
-8.440290814470373 
-8.41846180572943 
-5.445608681035967 
-6.307373530339795 
-6.312431994144921 
-6.48676541940511 
-6.42802459886566 
-6.308555604707699 
-7.939554049432837 
-8.315015446923885 
-8.82766385590552 
-9.51085499970912 
-9.429630553267131 
-8.955433246271316 
-8.975832625523022 
-9.097004399157242 
-8.83521098217067 
-9.450006645559055 
-10.491621403264654 
-9.062788825393651 
-9.192409616862934 
-9.210784748603542 
-8.326343763606141 
-8.057192256315675 
-7.568556630137717 
-7.957694076278955 
-7.959202732494405 
-8.12687766001327 
-7.491576079735274 
-7.672625364663756 
-9.088546473945502 
-9.595719107301196 
-9.312180008694478 
-9.49722232162851 
-7.157541574107044 
-7.4181795159657336 
-7.609244274216152 
-8.878012347143555 
-8.711446466728546 
-8.821738001443336 
-9.26498992187556 
-9.441526094109188 
-9.474915729143936 
-9.424668581784253 
-9.770400088274453 
-9.903601413214776 
-8.79885167981805 
-9.304206194180743 
-9.144577278130354 
-10.676994315544245 
-9.334154363004355 
-9.437407619934943 
-9.398849614460572 
-11.173117789765238 
-10.343324697632347 
-8.213185238084783 
-8.962834215747323 
-10.407752777728955 
-9.200798136113216 
-8.407502153514862 
-10.292386154174473 
-9.10302472266403 
-9.33313969951627 
-9.650215094259174 
-9.197612982123081 
-9.113385551419764 
-9.15760537222397 
-8.790243462866236 
-9.455962667094765 
-9.415334917592773 
-8.619655080475658 
-8.813081229112079 
-8.842555076279298 
-9.202204135491806 

 Time 
590.830206155777 
