Energy 
 
3.132899243227253 
2.08665732822253 
1.004403282956582 
-0.29460977437782043 
-0.24708127306568595 
-0.25722845742815115 
-6.180849189113561 
-9.604962294431115 
-10.07012343646623 
-10.484890371575545 
-10.477916698206384 
-10.630140912889503 
-11.00683259369899 
-10.972551676743837 
-11.013249376428432 
-11.10044225057158 
-11.096052704285343 
-10.954873923076569 
-10.874716784105356 
-10.71375713983145 
-10.379449873796496 
-10.731694836997658 
-10.788498012451276 
-11.097731769549634 
-11.334598311378876 
-11.385358401399946 
-11.396613526798102 
-11.274279464935564 
-11.254417369576336 
-10.394535326467418 
-11.243494230089215 
-12.107796340463734 
-12.183000902826167 
-11.967287181609596 
-12.507275525447998 
-12.523672638013748 
-12.36906527622052 
-12.37945762084068 
-12.320946904275093 
-12.972416429873853 
-12.311076566165287 
-12.887703099882682 
-12.793483613548212 
-13.122598278691722 
-13.15520421468263 
-13.104462757164058 
-11.706132054187224 
-11.577697145261917 
-11.89074413963926 
-12.528279320229007 
-13.036793811628419 
-13.259116797653105 
-14.404544544922713 
-14.334983783703592 
-14.264469268152492 
-14.539124269391968 
-14.695982878339137 
-14.666201351882245 
-14.664738837818318 
-14.218306595265776 
-14.283866266024626 
-13.832917159818512 
-14.087736543333666 
-14.22075821758247 
-13.993192209007242 
-14.245377205254629 
-14.527637679677456 
-14.707221948672304 
-15.110418742145953 
-15.051191769746776 
-15.052500112026642 
-15.016047404239888 
-14.92526369703551 
-14.646701155970256 
-14.592329100400297 
-14.5839719388289 
-15.084168677873809 
-15.084411348490509 
-15.033343828991567 
-15.161799147814365 
-15.771844063301371 
-15.683969577948492 
-15.030400373975358 
-15.216735467668974 
-15.435641758257276 
-15.112614820558662 
-14.42754624912903 
-14.585642945028773 
-14.475523146369616 
-14.870717940168849 
-14.841251406075028 
-14.68614710206694 
-15.339194905724263 
-15.366233972322675 
-16.43908736822465 
-16.1346404571842 
-15.73511609537323 
-15.954821750289428 
-16.026161005021756 
-15.590888371227567 
-15.828753841947135 
-15.629973283950891 
-15.682982296645944 
-15.445190300595764 
-15.428408349628123 
-15.394573005106878 
-15.412930326078296 
-14.9982618731535 
-15.366891179170327 
-15.375073001517855 
-15.335521467256097 
-15.156768544452769 
-15.707141752372026 
-15.705443512520885 
-14.50791953056395 
-14.507595078114354 
-14.458693836088706 
-14.541754536074352 
-14.667043920732695 
-14.686358362094426 
-14.715436739567041 
-14.381493587591047 
-14.384140411991133 
-14.375727043751867 
-14.29647227314308 
-13.804016721791356 
-13.368027826529968 
-13.627400313600583 
-13.480502143735345 
-13.626532767634426 
-14.710745037133387 
-14.827038241450046 
-15.09273389473761 
-15.265731522238399 
-14.865366111565105 
-14.749141013004525 
-15.264700419132733 
-15.392679932040899 
-15.444922862006596 
-15.26065056146889 
-15.303005484368391 
-15.360475925854157 
-14.63814478308055 
-15.032221095170163 
-15.00985960215341 
-14.960504188584812 
-15.169267704641296 
-15.98375064199155 
-16.048486793014916 
-16.417164671058355 
-15.075405802132556 
-15.801513012780434 
-15.88691774485491 
-15.829548200535545 
-15.793071170627169 
-15.800872102282728 
-15.646536753157095 
-15.519052545298853 
-15.878786208092567 
-15.478885107377764 
-15.174433224631311 
-15.293650318797637 
-15.155355080144162 
-14.490662806086636 
-14.861048189108036 
-14.515880578932869 
-14.483038464212218 
-14.010958879022347 
-14.147894975813056 
-13.596860353500727 
-12.967298689235836 
-13.26735669949815 
-13.226765220663879 
-13.39223372416279 
-13.713816852189304 
-12.865631713006108 
-13.451047766459801 
-13.20316857214909 
-13.2713231265219 
-13.318396855202598 
-13.259015251470194 
-13.36156946544274 
-13.514239620458305 
-13.561244158587993 
-13.599057675124904 
-13.562831821657715 
-13.295282641914145 
-12.648694355291276 
-12.651174380921375 
-12.606761652890285 
-13.020394272867943 
-12.486323326400175 
-12.633080066458012 
-13.248411526250933 
-13.295693999441207 
-13.282535748751068 
-13.593300559158264 
-13.343550772216071 
-13.411806610936452 
-13.176513120512421 
-13.297063376837706 
-12.719718599407981 
-12.378090969082493 
-11.488453532871189 
-11.523802275648634 
-11.432351527344322 
-11.481214634475636 
-11.651322336669137 
-11.721560284323907 
-11.692669881854755 
-11.6985202985202 
-12.334048020349519 
-12.091178181194714 
-12.693713977486876 
-12.835713560285994 
-12.80237650846492 
-12.907196932320328 
-12.908644671881765 
-12.91463709263128 
-12.937813313963781 
-12.99028867850609 
-13.064013944991801 
-13.472850879546646 
-13.343273521086449 
-12.65788767436909 
-13.323840772422058 
-12.94017107479473 
-13.719489913425504 
-13.624163320315823 
-13.532893117626731 
-13.325681251337464 
-11.913948979552341 
-11.635480754295843 
-12.268840068756358 
-12.589061033341299 
-13.259020166202854 
-13.259361468822908 
-13.270506835872597 
-13.267605053665111 
-13.359724118924259 
-13.418147809858985 
-13.423005025928294 
-13.426720839144226 
-13.577091293171579 
-13.579916836734593 
-13.637511192106563 
-14.035600135789016 
-14.154222363814297 
-14.208305111847661 
-14.372306791712711 
-14.455574458093524 
-13.997590766996046 
-14.312344058033421 
-13.971078781735715 
-14.49120958499 
-14.034161135028715 
-14.006796787381182 
-14.624519539749034 
-14.656038654551512 
-14.645633085308184 
-14.779852304557066 
-14.754469523981944 
-14.565987727831173 
-14.573271002983425 
-14.35410319464769 
-14.723771874611957 
-14.30179193725569 
-14.279318112451763 
-14.483824966254208 
-14.430373795337756 
-14.477586797865387 
-14.406107374242278 
-14.260401514541897 
-14.499982655433998 
-14.252810603049682 
-14.104344581000692 
-14.0346733210243 
-14.317948463666042 
-14.333451293277122 
-14.078566786733097 
-14.39536962537564 
-14.522588196543012 
-14.525735139546788 
-14.066412107736054 
-13.162137245342546 
-13.835050853430312 
-14.116463388894608 
-12.92748031591841 
-13.02527621227578 
-13.12341135335171 
-13.20813774349051 
-13.655590450891133 
-13.46657114796432 
-12.508157056752113 
-12.5520737439955 
-12.74702413758107 
-11.616258586519297 
-11.555967126518606 
-12.011523030966776 
-12.084783045326008 
-12.574746324698605 
-11.773479600856092 
-12.153241272359352 
-12.796135561617156 
-13.169164805414868 
-13.707662612215627 
-13.905140028648605 
-13.945878386847529 
-13.88625181643413 
-13.847406101040031 
-13.719738418603438 
-13.709002799684272 
-13.672909558820415 
-13.5807621851258 
-13.741235293085456 
-13.894985082408004 
-13.84520952458383 
-13.213450240719276 
-14.015545296387094 
-14.002368286434294 
-13.983784960977285 
-13.119523954975323 
-13.686140099918877 
-13.511758659840314 
-13.655033063702286 
-12.56456861533378 
-12.603675472939099 
-12.676223555929113 
-12.701176415126909 
-12.677251242193627 
-13.322249535101529 
-13.527493764303472 
-13.73896171720372 
-13.7098273115742 
-13.71211982251526 
-13.663183898341764 
-13.645826622858186 
-13.645879456745044 
-13.62031939670141 
-13.441325726808005 
-13.814103495603199 
-14.212338651424663 
-13.928215454580526 
-13.841944301658346 
-13.878204890844852 
-13.860662924065585 
-13.860071986172294 
-13.91738471098015 
-13.964977589149889 
-14.377314529517633 
-14.396722812862645 
-14.504654387414826 
-14.430070515696583 
-14.453516766324654 
-14.435469502539167 
-14.383660347482609 
-14.181175033525141 
-13.74000361014996 
-14.265620740888677 
-14.048085580287916 
-14.097549027797356 
-13.903827695034002 
-13.753037938696679 
-14.069874063239723 
-14.297140347569872 
-13.52800053152257 
-13.559464668952145 
-13.618717070663298 
-13.554706284176998 
-13.472176673954412 
-14.190097342750178 
-14.240637978897054 
-12.857325164968668 
-11.706598865108456 
-13.436282734978656 
-13.409957328835004 
-13.464840503261936 
-13.654198735712079 
-13.848406805694815 
-13.8304339482121 
-13.642998593117252 
-12.3396975177236 
-12.34727590876704 
-12.701858934698205 
-13.657406961535756 
-11.957342948265604 
-11.93463356000884 
-12.311336582326536 
-12.223332774822886 
-10.328987625762725 
-10.411550432669104 
-10.997058992025877 
-10.717908433285734 
-10.721424624782289 
-11.90921758673907 
-11.6193593743731 
-12.066662046658484 
-12.312975907529227 
-12.786851720908249 
-11.631972751023275 
-11.77710948881003 
-13.958655557260098 
-13.759331557274509 
-13.835881440675106 
-12.920024575169395 
-13.199458819582393 
-13.881521430403103 
-14.01547042010752 
-13.975554851441153 
-14.002271351027535 
-13.90296538423442 
-13.94517719464618 
-13.489354161218506 
-13.314945436556188 
-13.143785777666254 
-13.531884954475025 
-13.45921357519474 
-13.61281281622606 
-13.536088219208448 
-13.163989852263292 
-13.353248501821096 
-13.334415191092258 
-13.074670778602789 
-12.854801838249342 
-12.854175487020413 
-12.821720450887447 
-13.217180102229602 
-13.250388095514923 
-13.339713504578178 
-13.340873245902227 
-13.292467874364625 
-13.614984229877113 
-13.823802385754174 
-13.832155041105974 
-13.948694201178753 
-14.146622890292209 
-14.166884271131332 
-14.111197315951548 
-14.888306070745845 
-14.895416559805776 
-14.866517567031316 
-15.136837424862701 
-15.204931440804152 
-14.854145413708848 
-14.89577593270514 
-15.18054275169646 
-15.103650372635487 
-15.055039698709402 
-15.243630733459261 
-14.443500287391686 
-14.521930494355408 
-13.557089408774434 
-11.986699475202627 
-12.519869969464448 
-12.277679576914961 
-11.358838956909931 
-12.120984199836375 
-12.1861112207642 
-12.217336886908805 
-12.012551557996366 
-12.424681765886646 
-12.684534249097952 
-11.524261586222151 
-11.432445301903629 
-10.984290498306764 
-10.8168077683138 
-9.439947757394057 
-9.547879846469156 
-9.531568185989794 
-9.835052975361545 
-10.487751538742256 
-10.545878961960504 
-10.552602814979481 
-10.32646094770612 
-11.14056885009256 
-11.492756939639206 
-11.651605908432686 
-11.599381373599437 
-11.718650088419823 
-11.7622183601959 
-11.66268471504069 
-11.83793561871493 
-11.930711939378916 
-11.97811817079106 
-11.960012493976526 
-9.535956696417012 
-9.6159778444236 
-9.457815667849198 
-9.813281294061042 
-10.162160214224427 
-10.447425419846693 
-10.483004126684696 
-9.691282468553919 
-10.514038956184987 
-10.59029682052595 
-10.22529620338597 
-10.767953884244587 
-10.831897989990873 
-10.831418760822872 
-10.888802319595628 

 Time 
56.089258909225464 
