Energy 
 
3.8998005448887016 
2.4702068541982216 
0.46278823872156816 
-1.7189848465562458 
-4.271795523218447 
-6.80466463886975 
-9.093937322510332 
-11.166047289794172 
-12.741138608128558 
-13.90019297232282 
-14.983396995837884 
-15.613935504775071 
-16.18129640264891 
-16.685558988623615 
-17.133875634382054 
-17.699217451387415 
-18.07460102640968 
-18.411426992252284 
-18.717931939038845 
-19.00657257695392 
-19.262187151693258 
-19.49469412772308 
-19.71021476853759 
-19.904904032172922 
-20.08614964930191 
-20.265329535759935 
-20.43114835310396 
-20.58324700166743 
-20.72747633798294 
-20.863220312866563 
-20.994368303780597 
-21.116719430000547 
-21.24692197067541 
-21.365547651637907 
-21.489445889125093 
-21.60454359931039 
-21.71321601976097 
-21.821680434644676 
-21.790392210484185 
-21.9680759693339 
-22.11767162762599 
-22.248757652025688 
-22.357463676309283 
-22.376145561588203 
-22.528438508683198 
-22.64577504152097 
-22.748561371336244 
-22.834619193417822 
-22.912014145945353 
-22.80276939513746 
-23.044064836758626 
-23.12237143940362 
-23.196922780829446 
-23.256031508688057 
-23.164171792742593 
-23.368516267729717 
-23.475931862542158 
-23.54680442365543 
-23.608739247990094 
-23.66593369143534 
-23.715596498624425 
-23.750823866346508 
-23.7614973178393 
-23.69221283643758 
-23.900390022239712 
-23.949430402633716 
-23.98284927102091 
-23.876642885106854 
-24.055304767875878 
-24.103626656903437 
-24.141637694773003 
-24.175937395082837 
-24.20832010521312 
-24.238175233132512 
-24.264705129822428 
-24.278056751119305 
-24.327232390229042 
-24.35613593625408 
-24.38335674280247 
-24.41041005319616 
-24.437184818426175 
-24.46282649750037 
-24.487729066438114 
-24.51168207380627 
-24.53525184402877 
-24.55804276473167 
-24.580122508586765 
-24.60180225421955 
-24.62311898779081 
-24.644950163115343 
-24.665463794421893 
-24.684170422068643 
-24.70153123585565 
-24.71818768916321 
-24.734694767190806 
-24.750647306570905 
-24.766704345834647 
-24.772747963884584 
-24.759936558197182 
-24.80699930010149 
-24.828088929541792 
-24.84307958598275 
-24.855528618463016 
-24.83664594574978 
-24.844221872094046 
-24.850415242599876 
-24.860631901483153 
-24.851450175585608 
-24.85024484587658 
-24.86346970134269 
-24.893554414768843 
-24.928136901459744 
-24.966709191143707 
-24.986124227628114 
-24.999857572314806 
-25.01112585418074 
-25.02153626381557 
-24.98459977586934 
-25.027378439461287 
-25.03131648189568 
-25.056075221946358 
-25.06823578715177 
-25.078424137372835 
-25.067045886803648 
-25.088036516632982 
-25.101776074179465 
-25.111905537346082 
-25.120281125404706 
-25.1274217040946 
-25.134050455294865 
-25.140359139021598 
-25.146327942499454 
-25.15211261854988 
-25.15770402599365 
-25.157083288018036 
-25.155884372499717 
-25.16061386346826 
-25.164276645500518 
-25.164825616353934 
-25.18181223997154 
-25.188694057638166 
-25.193680063172636 
-25.1980407829931 
-25.202269789725708 
-25.20636956215376 
-25.210367992071617 
-25.214253011283795 
-25.21803762002868 
-25.221729764150435 
-25.225344228867026 
-25.22876935490626 
-25.232112449064203 
-25.23536422322822 
-25.238534778863425 
-25.241612147676445 
-25.244616117232606 
-25.24755177565387 
-25.25042039878886 
-25.25320100208485 
-25.255652935556757 
-25.25800636239405 
-25.26026408888339 
-25.262909580815183 
-25.26533145496356 
-25.269380976142603 
-25.271557794109732 
-25.27245162444574 
-25.27649402856516 
-25.27889859162385 
-25.280912631084256 
-25.281966269611623 
-25.28061527148906 
-25.287122810410427 
-25.289277654331986 
-25.2912003402772 
-25.29306242432537 
-25.294892555870106 
-25.29667858797711 
-25.298423807820317 
-25.300136812127683 
-25.301803025364872 
-25.30345409380616 
-25.305029490945163 
-25.306216524306485 
-25.30568336498365 
-25.30776492020917 
-25.305901316210466 
-25.30790229521975 
-25.31051016654784 
-25.31348763578909 
-25.315175234662725 
-25.316901216512242 
-25.31845858995127 
-25.315048904658052 
-25.31839636482824 
-25.32101027591407 
-25.32277371978149 
-25.3239361964882 
-25.32512604719643 
-25.326037436720668 
-25.325403808844953 
-25.32645808174715 
-25.3281006414666 
-25.329645113890198 
-25.331010158704863 
-25.33200242171855 
-25.332943536928518 
-25.33384501579194 
-25.334715934664448 
-25.335553627479037 
-25.336248254885543 
-25.336316128886427 
-25.338017257320374 
-25.338847289272206 
-25.339567990252416 
-25.34026722443665 
-25.340941923218267 
-25.341595113224336 
-25.342217485228907 
-25.342822219568294 
-25.343438455733573 
-25.34410009314084 
-25.344683571687312 
-25.345242711334535 
-25.345788655508045 
-25.34631602224964 
-25.346830142400375 
-25.347331691539715 
-25.347328205751147 
-25.34735700648937 
-25.34858685086938 
-25.349251288937324 
-25.349700402867484 
-25.350135174825922 
-25.3505738347286 
-25.351005911033642 
-25.351442492821146 
-25.351545892387243 
-25.351484566686096 
-25.351645547700322 
-25.35279552551588 
-25.35204820974979 
-25.353255893645784 
-25.354280770592613 
-25.354673402682092 
-25.355040298937077 
-25.355392240333774 
-25.35573282738208 
-25.35606006063816 
-25.356381198220927 
-25.35669266601312 
-25.356994361992555 
-25.357287537989777 
-25.35756863550154 
-25.357841575887324 
-25.35810733557952 
-25.35836580660471 
-25.358617880919645 
-25.358864021901372 
-25.359105716687722 
-25.359342338839372 
-25.359573384324513 
-25.3597980547148 
-25.36001587704969 
-25.36022456792462 
-25.36042904004955 
-25.360627213948323 
-25.36082122026751 
-25.361010486458945 
-25.36119746432753 
-25.361379980040706 
-25.36155877076475 
-25.36173322065481 
-25.361903094303088 
-25.36206904281698 
-25.362232022474082 
-25.362391378395237 
-25.362547272830188 
-25.36269832447707 
-25.362844102152888 
-25.36298663255341 
-25.363126179976923 
-25.36326267238581 
-25.36339638378766 
-25.363526977993992 
-25.363655060856754 
-25.363780490223704 
-25.36390332332794 
-25.36402313575284 
-25.36414263014998 
-25.36425993670441 
-25.364373939723162 
-25.36448554454944 
-25.364595078890805 
-25.36470219248697 
-25.364806952813733 
-25.364909666752077 
-25.365010402219202 
-25.365110430589212 
-25.36520784456817 
-25.36530175867674 
-25.365392910249177 
-25.365482280303297 
-25.36556956448818 
-25.36565477237472 
-25.365738435421203 
-25.36582005448134 
-25.365899871547963 
-25.365977645165373 
-25.36605419404398 
-25.366128708306523 
-25.366201954692617 
-25.366275789621508 
-25.366347847642434 
-25.366417964150962 
-25.36648530811225 
-25.366551514299058 
-25.366616221089785 
-25.366679863703265 
-25.366742167221382 
-25.36680293503466 
-25.36686237763825 
-25.366919809677015 
-25.366976007799902 
-25.367030899173887 
-25.367084541401756 
-25.36713705604549 
-25.367188513769303 
-25.367238999882794 
-25.367288512966972 
-25.36733707671043 
-25.367384460305512 
-25.367430844065552 
-25.367476223569955 
-25.36752069818916 
-25.367564278187874 
-25.367606809929462 
-25.36764850572942 
-25.367689541476853 
-25.367729752609407 
-25.367769147753265 
-25.367808050103026 
-25.367846249926977 
-25.36788369797669 
-25.36792045891047 
-25.367956675692643 
-25.367992274635085 
-25.368026632613805 
-25.368060285461898 
-25.368093232596983 
-25.368125504918073 
-25.368157200881807 
-25.368188287082702 
-25.36821926854351 
-25.368249535840253 
-25.36827921040719 
-25.368308648999236 
-25.36833783740693 
-25.368366133849094 
-25.368393764183665 
-25.368420857624585 
-25.368447344461764 
-25.368473165548135 
-25.368498500851775 
-25.36852329195083 
-25.368547573663896 
-25.368571244476218 
-25.368594464826955 
-25.368617275081593 
-25.368639640370958 
-25.36866138394917 
-25.36868281113826 
-25.36870382652557 
-25.36872451665766 
-25.368745056404368 
-25.368765356524317 
-25.368785307949274 
-25.368804959410298 
-25.368824315729338 
-25.36884330343207 
-25.36886190870358 
-25.368880155586574 
-25.368898111071278 
-25.368915770166687 
-25.368933109148486 
-25.36895020736254 
-25.36896712084507 
-25.368983638892857 
-25.369000044853653 
-25.369016151297885 
-25.3690319443723 
-25.36904754173956 
-25.369063015517018 
-25.369078205841593 
-25.36909360764026 
-25.369108693030903 
-25.369123459251284 
-25.369137787842277 
-25.369151848482055 
-25.369165642250746 
-25.36917917654703 
-25.369192463730574 
-25.369205508066223 
-25.36921833184463 
-25.369230686551653 
-25.369242826036658 
-25.36925475738075 
-25.36926654986034 
-25.369278140151724 
-25.369289537575817 
-25.36930074325952 
-25.36931174764112 
-25.369322579830893 
-25.36933322667761 
-25.369343691275233 
-25.369353989978087 
-25.369364091064103 
-25.36937403038863 
-25.36938380996554 
-25.369393435515516 
-25.36940308855774 
-25.369412565792484 
-25.369421900381152 
-25.369431095325616 
-25.36944005646169 
-25.369448728692543 
-25.369457265469954 
-25.369465751360003 
-25.369474090628465 
-25.369482350889626 
-25.369490511030893 
-25.369498573506043 
-25.369506501156813 
-25.3695143131263 
-25.369522012473368 
-25.369529598158355 
-25.369537048312562 
-25.36954438064884 
-25.36955160385291 
-25.36955866532906 
-25.369565611289314 
-25.36957244360904 
-25.36957919763188 
-25.369585869949514 
-25.36959243446572 
-25.369598919215026 
-25.369605267397706 
-25.369611518498694 
-25.369617680937363 
-25.36962376276689 
-25.36962976095734 
-25.369635677443874 
-25.369641482339865 
-25.36964727002342 
-25.369653016454546 
-25.369658734737413 
-25.369664384850463 
-25.369669975562775 
-25.36967550904539 
-25.369680953509047 
-25.369686344960016 
-25.36969163399714 
-25.369696853765205 
-25.369701971565227 
-25.36970702876257 
-25.3697120216573 
-25.36971695380303 
-25.369721783805044 
-25.3697265402787 
-25.369731224560475 
-25.369735861964344 
-25.369740440122275 
-25.369744905307517 
-25.369749328414496 
-25.369753691616424 
-25.36975801109221 
-25.36976228577312 
-25.369766513735986 
-25.369770695410214 
-25.369774832039305 
-25.369779038488335 
-25.369783200697032 
-25.369787323754238 
-25.36979140622719 
-25.369795445852226 
-25.369799440142682 
-25.369803410943078 
-25.369807359828453 
-25.36981126898066 
-25.36981514040514 
-25.369818933847057 
-25.36982265534669 
-25.36982633908192 
-25.36982999576849 
-25.369833616444307 
-25.369837190102107 
-25.369840709437167 
-25.369844227778117 
-25.369847782053675 
-25.36985129803478 

 Time 
407.69515085220337 
