Energy 
 
3.8998005448887016 
2.1156901864142217 
0.3619675643978809 
-1.3411902828311988 
-2.975904175588253 
-4.529189651790175 
-5.995244948598351 
-7.37560887702179 
-8.676784980321491 
-9.906773586537739 
-11.072293926512794 
-12.177489156980535 
-13.223920742177308 
-14.211288451034413 
-15.138374074474894 
-16.003895560663487 
-16.80712544905581 
-17.54824043494158 
-18.22843406023732 
-18.849854456323826 
-19.415434994937144 
-19.928677129324473 
-20.39342939255548 
-20.813690150650697 
-21.193447720370223 
-21.536561298300178 
-21.846679845441628 
-22.12719291005921 
-22.38120639434843 
-22.61153659889646 
-22.820716846945313 
-23.011012161533408 
-23.18443859475856 
-23.342784773843817 
-23.487633998661735 
-23.620385808577854 
-23.74227636061744 
-23.854397258738032 
-23.957712676039236 
-24.053074743807905 
-24.141237263645404 
-24.222867846845972 
-24.298558609868717 
-24.368835564148235 
-24.434166838205574 
-24.494969863892337 
-24.551617649210947 
-24.604444249221824 
-24.653749535171578 
-24.69980335084117 
-24.74284913461945 
-24.78310707617067 
-24.82077686787125 
-24.85604010345209 
-24.88906236946415 
-24.9199950692182 
-24.948977013659047 
-24.976135809136302 
-25.00158906814539 
-25.025445465755418 
-25.047805661544693 
-25.068763104359988 
-25.088404735054024 
-25.106811600473847 
-25.12405939034121 
-25.14021890723607 
-25.155356478643817 
-25.16953431892254 
-25.182810848074027 
-25.195240973336656 
-25.206876338851735 
-25.217765547970256 
-25.22795436215941 
-25.23748587992497 
-25.2464006986848 
-25.254737062101416 
-25.262530995004294 
-25.269816427701265 
-25.276625311188198 
-25.282987724514854 
-25.28893197534709 
-25.294484694580525 
-25.299670925702497 
-25.304514209467747 
-25.309036664342486 
-25.313259063082132 
-25.31720090573409 
-25.32088048929863 
-25.324314974235556 
-25.32752044796787 
-25.33051198550784 
-25.33330370731037 
-25.33590883444597 
-25.338339741174266 
-25.340608004995353 
-25.342724454251105 
-25.344699213348594 
-25.346541745676124 
-25.34826089428514 
-25.349864920410226 
-25.3513615399023 
-25.352757957651143 
-25.354060900073513 
-25.355276645745295 
-25.35641105425553 
-25.35746959336065 
-25.3584573645169 
-25.359379126867864 
-25.36023931976343 
-25.36104208388473 
-25.36179128104771 
-25.362490512756935 
-25.36314313757762 
-25.363752287393112 
-25.364320882611278 
-25.364851646381556 
-25.365347117881353 
-25.365809664728076 
-25.366241494570378 
-25.366644665909146 
-25.367021098197213 
-25.367372581262767 
-25.367700784100194 
-25.368007263069092 
-25.368293469539726 
-25.36856075702141 
-25.36881038780782 
-25.369043539171113 
-25.369261309135215 
-25.369464721855717 
-25.369654732634054 
-25.36983223258907 
-25.36999805301049 
-25.370152969415084 
-25.370297705325783 
-25.3704329357932 
-25.370559290676287 
-25.370677357699115 
-25.370787685299337 
-25.370890785281695 
-25.370987135290868 
-25.371077181115705 
-25.371161338836124 
-25.37123999682411 
-25.37131351760806 
-25.371382239610682 
-25.371446478768533 
-25.371506530041408 
-25.371562668819415 
-25.37161515223467 
-25.371664220383693 
-25.371710097467453 
-25.371752992853995 
-25.37179310206927 
-25.371830607721026 
-25.37186568036038 
-25.37189847928522 
-25.371929153289518 
-25.371957841362114 
-25.37198467333873 
-25.3720097705098 
-25.372033246187858 
-25.37205520623659 
-25.372075749564665 
-25.37209496858619 
-25.372112949650706 
-25.3721297734443 
-25.372145515363666 
-25.37216024586572 
-25.372174030793477 
-25.37218693168043 
-25.372199006034485 
-25.372210307603318 
-25.372220886621818 
-25.372230790043155 
-25.372240061754542 
-25.37224874277887 
-25.372256871462643 
-25.372264483651623 
-25.37227161285503 
-25.37227829039865 
-25.372284545567883 
-25.37229040574143 
-25.37229589651609 
-25.37230104182331 
-25.372305864038072 
-25.372310384080826 
-25.37231462151219 
-25.3723185946221 
-25.37232232051242 
-25.37232581517478 
-25.37232909356273 
-25.372332169659547 
-25.372335056541406 
-25.372337766436477 
-25.372340310780213 
-25.37234270026679 
-25.372344944897534 
-25.372347054025767 
-25.372349036399218 
-25.372350900199045 
-25.372352653076877 
-25.372354302189244 
-25.372355854229504 
-25.372357315458103 
-25.37235869173063 
-25.372359988523957 
-25.37236121096099 
-25.37236236383347 
-25.372363451623514 
-25.37236447852361 
-25.372365448455533 
-25.37236636508767 
-25.372367231851563 
-25.372368051957167 
-25.372368828407335 
-25.372369564011027 
-25.37237026139592 
-25.372370923020227 
-25.372371551183537 
-25.372372148037115 
-25.37237271559351 
-25.372373255735447 
-25.37237377022434 
-25.37237426070798 
-25.37237472872794 
-25.37237517572653 
-25.372375603053058 
-25.37237601196988 
-25.372376403658023 
-25.372376779222474 
-25.372377139697033 
-25.372377486048865 
-25.372377819182955 
-25.372378139945894 
-25.3723784491299 
-25.372378747476034 
-25.372379035677824 
-25.37237931438402 
-25.372379584201664 
-25.372379845698802 
-25.372380099406808 
-25.372380345822943 
-25.372380585412486 
-25.372380818610704 
-25.37238104582494 
-25.372381267436317 
-25.372381483801444 
-25.372381695253985 
-25.37238190210616 
-25.37238210465008 
-25.372382303159156 
-25.372382497889127 
-25.372382689079338 
-25.37238287695375 
-25.372383061721916 
-25.37238324357991 
-25.37238342271122 
-25.37238359928755 
-25.372383773469554 
-25.372383945407588 
-25.37238411524227 
-25.372384283105326 
-25.372384449119856 
-25.372384613401156 
-25.37238477605709 
-25.372384937188592 
-25.372385096890145 
-25.37238525525009 
-25.372385412351164 
-25.372385568270726 
-25.372385723081273 
-25.372385876850508 
-25.37238602964191 
-25.37238618151482 
-25.372386332524755 
-25.372386482723783 
-25.37238663216043 
-25.372386780880294 
-25.372386928925934 
-25.372387076337247 
-25.37238722315157 
-25.37238736940374 
-25.372387515126494 
-25.372387660350366 
-25.37238780510403 
-25.372387949414207 
-25.372388093306025 
-25.37238823680289 
-25.37238837992678 
-25.372388522698245 
-25.37238866513649 
-25.37238880725957 
-25.372388949084254 
-25.372389090626367 
-25.37238923190064 
-25.37238937292089 
-25.372389513700046 
-25.372389654250178 
-25.372389794582656 
-25.372389934708075 
-25.372390074636293 
-25.372390214376704 
-25.372390353937895 
-25.372390493328076 
-25.3723906325548 
-25.372390771625263 
-25.3723909105461 
-25.372391049323596 
-25.37239118796355 
-25.37239132647149 
-25.372391464852456 
-25.372391603111367 
-25.37239174125265 
-25.372391879280517 
-25.372392017198905 
-25.372392155011504 
-25.372392292721802 
-25.372392430333008 
-25.372392567848124 
-25.372392705270062 
-25.372392842601382 
-25.372392979844662 
-25.37239311700219 
-25.372393254076144 
-25.37239339106861 
-25.37239352798143 
-25.372393664816492 
-25.37239380157539 
-25.372393938259766 
-25.37239407487109 
-25.372394211410715 
-25.372394347879933 
-25.372394484279997 
-25.372394620612063 
-25.372394756877128 
-25.372394893076265 
-25.372395029210367 
-25.372395165280345 
-25.37239530128703 
-25.37239543723118 
-25.37239557311353 
-25.372395708934764 
-25.37239584469552 
-25.372395980396398 
-25.372396116037994 
-25.372396251620817 
-25.372396387145372 
-25.372396522612096 
-25.37239665802148 
-25.37239679337391 
-25.372396928669783 
-25.372397063909506 
-25.37239719909335 
-25.37239733422169 
-25.372397469294807 
-25.372397604313026 
-25.37239773927659 
-25.37239787418575 
-25.37239800904075 
-25.372398143841888 
-25.372398278589284 
-25.372398413283157 
-25.372398547923762 
-25.37239868251125 
-25.372398817045756 
-25.372398951527497 
-25.3723990859566 
-25.372399220333232 
-25.372399354657485 
-25.372399488929524 
-25.372399623149484 
-25.372399757317535 
-25.372399891433673 
-25.37240002549807 
-25.372400159510832 
-25.37240029347205 
-25.372400427381855 
-25.372400561240273 
-25.372400695047414 
-25.37240082880337 
-25.372400962508223 
-25.37240109616203 
-25.372401229764893 
-25.37240136331686 
-25.372401496817986 
-25.37240163026839 
-25.372401763668083 
-25.37240189701714 
-25.37240203031564 
-25.37240216356361 
-25.372402296761113 
-25.372402429908217 
-25.372402563004965 
-25.372402696051402 
-25.37240282904759 
-25.37240296199357 
-25.37240309488937 
-25.37240322773509 
-25.37240336053069 
-25.37240349327628 
-25.372403625971888 
-25.37240375861754 
-25.372403891213313 
-25.372404023759202 
-25.37240415625528 
-25.372404288701556 
-25.372404421098068 
-25.372404553444902 
-25.37240468574205 
-25.372404817989555 
-25.372404950187466 
-25.372405082335828 
-25.372405214434625 
-25.37240534648393 
-25.3724054784838 
-25.372405610434225 
-25.372405742335253 
-25.37240587418692 
-25.372406005989273 
-25.37240613774232 
-25.372406269446106 
-25.37240640110064 
-25.372406532705998 
-25.37240666426217 
-25.3724067957692 
-25.37240692722714 
-25.37240705863602 
-25.372407189995826 
-25.37240732130663 
-25.37240745256846 
-25.37240758378132 
-25.37240771494529 
-25.372407846060323 
-25.372407977126525 
-25.372408108143883 
-25.37240823911244 
-25.372408370032225 
-25.372408500903276 
-25.372408631725605 
-25.37240876249926 
-25.37240889322422 
-25.372409023900584 
-25.37240915452836 
-25.37240928510756 
-25.372409415638217 
-25.372409546120377 
-25.37240967655405 
-25.37240980693925 
-25.372409937276046 
-25.372410067564438 
-25.372410197804477 
-25.37241032799616 
-25.372410458139566 
-25.372410588234636 
-25.37241071828151 
-25.37241084828011 
-25.372410978230548 
-25.37241110813278 
-25.372411237986913 
-25.372411367792928 
-25.372411497550843 
-25.372411627260693 
-25.372411756922535 
-25.372411886536348 
-25.372412016102228 
-25.37241214562015 
-25.372412275090173 
-25.372412404512286 
-25.372412533886525 
-25.37241266321297 
-25.372412792491566 
-25.372412921722418 
-25.3724130509055 
-25.372413180040883 
-25.372413309128564 
-25.37241343816857 
-25.372413567160926 
-25.3724136961057 
-25.372413825002873 
-25.372413953852472 
-25.372414082654576 
-25.372414211409144 
-25.37241434011628 
-25.372414468775915 
-25.3724145973882 
-25.372414725953035 
-25.37241485447053 
-25.37241498294067 
-25.372415111363523 
-25.37241523973907 
-25.372415368067372 
-25.37241549634846 
-25.372415624582334 
-25.37241575276902 
-25.372415880908555 
-25.37241600900098 
-25.372416137046315 
-25.372416265044585 
-25.372416392995806 

 Time 
187.38094329833984 
