Energy 
 
-0.3013136220446028 
-1.9256785076552296 
-3.536179986595971 
-3.513573749497614 
-3.370825592860421 
-3.406327130645893 
-3.9118146260640807 
-4.374302665451529 
-4.610194924491139 
-5.205547842402682 
-4.549199211618638 
-4.5175557959503125 
-5.034520244943555 
-5.677057617664042 
-5.927628122424742 
-6.496268714634102 
-5.503306992828369 
-5.377761914435495 
-5.2015874903290795 
-5.191874724076813 
-5.402019143015674 
-5.521785814845222 
-5.337060929380433 
-5.684522938078613 
-5.97849835836986 
-5.683244663445077 
-5.833987463277049 
-6.014110630538251 
-5.987096568883137 
-6.000107353272042 
-6.533315248499147 
-6.622126423754387 
-6.6432353700596085 
-6.1973671218991395 
-6.021551581266697 
-6.088779842716781 
-5.913818903115517 
-5.852225646514964 
-5.945377129156351 
-6.005124677287676 
-5.932756005132593 
-6.034159178403132 
-6.280568210161661 
-6.147314336821215 
-5.942266122469864 
-6.130139773632658 
-6.111203692355422 
-6.224093659864792 
-6.715617153029152 
-6.737520313514833 
-6.695720278995578 
-6.234628274874859 
-6.5793767338821185 
-6.611962742440934 
-6.736475633023834 
-6.659180159610328 
-6.646453624095087 
-6.6991289580922 
-7.007736273599024 
-6.94219041382942 
-6.91911971017991 
-6.937429528581189 
-6.979512128064207 
-6.9745985717524395 
-7.157803923701356 
-7.203221214719186 
-7.205443017007319 
-7.339809986939223 
-7.292980026331156 
-7.242791858265726 
-7.2149966454790455 
-7.259500631056131 
-7.173641776731202 
-7.378997101816883 
-7.341301886422071 
-7.462772559060587 
-7.44444006532754 
-7.440147111513533 
-7.437005817475524 
-7.491267544953357 
-7.492776654143068 
-7.501003910076859 
-7.556244265738932 
-7.5362278309198825 
-7.558638226667432 
-7.568557748775487 
-7.729845770995244 
-7.751112995656759 
-7.738507898964264 
-7.590596626679163 
-7.751427241107487 
-7.651178928966417 
-7.5575220154861835 
-7.572740146094449 
-7.58966682975021 
-7.561464204307438 
-7.553995345576613 
-7.8491585343708925 
-7.833766336946921 
-7.824814176320188 
-7.958395652447776 
-7.982417209073978 
-8.021064700892554 
-8.150349373329652 
-8.020927028508126 
-8.11253209329215 
-8.11023037579461 
-8.055495391229645 
-8.107964885220154 
-8.107352942669745 
-8.180017377937288 
-8.172024114112318 
-8.157829441747742 
-8.134199072437928 
-8.124779878858769 
-8.092189738418057 
-8.08704895455974 
-8.133091047473084 
-8.123804381517196 
-8.230792062994094 
-8.228704862506223 
-8.269442926153175 
-8.296655842394099 
-8.199338788069726 
-8.283038082572775 
-8.406125694787628 
-8.412404225183863 
-8.453107427849579 
-8.466957840183081 
-8.508238516315778 
-8.503443207269553 
-8.47370200645334 
-8.522874853475027 
-8.532141785255945 
-8.494818346171149 
-8.50036529561374 
-8.508890396023986 
-8.532026314122435 
-8.576392074990594 
-8.612102069675704 
-8.631132801810542 
-8.625311035703488 
-8.62827954850183 
-8.631199861871298 
-8.631776206221009 
-8.653429973925922 
-8.65986237561352 
-8.660708590010216 
-8.664868808011756 
-8.682185585827854 
-8.682115156382556 
-8.705461200710104 
-8.696045078378097 
-8.698376198536337 
-8.709912461059396 
-8.70973147376377 
-8.712461493491897 
-8.720130036293124 
-8.747981899949233 
-8.746992985191861 
-8.746780951552255 
-8.721770908063972 
-8.785561864282773 
-8.784205637151182 
-8.773416934539656 
-8.798831679438733 
-8.798689950094055 
-8.799617515159579 
-8.78142808018634 
-8.77962366834688 
-8.769609847014856 
-8.76472370282692 
-8.763920020470367 
-8.768879384209946 
-8.76451064619621 
-8.806977575406432 
-8.806577629235093 
-8.805631684528539 
-8.807831266826183 
-8.80663970540517 
-8.808187705377044 
-8.808133606413888 
-8.8095743414259 
-8.810666736224292 
-8.817905434987935 
-8.817841408906562 
-8.818823615394576 
-8.819825947868154 
-8.81995217892093 
-8.81997069691432 
-8.822392492876524 
-8.822957068743657 
-8.824319251154607 
-8.824347702804717 
-8.823728599838857 
-8.823399991793897 
-8.823579318262526 
-8.825171960553243 
-8.824483365800042 
-8.823839907447196 
-8.822653791549417 
-8.822191860670628 
-8.82350953148172 
-8.824167134485936 
-8.824281474527174 
-8.826277318464662 
-8.82677034206989 
-8.828474756564768 
-8.827757779613359 
-8.828699459289767 
-8.82899506454187 
-8.829682944612802 
-8.829258109737856 
-8.828627310039362 
-8.828656041877466 
-8.828623436228957 
-8.827889319809817 
-8.828013391461681 
-8.827772776928853 
-8.827417870460653 
-8.827479509427269 
-8.827459646770595 
-8.827654960579158 
-8.829540226075045 
-8.829656565383033 
-8.831299887776646 
-8.83173872140183 
-8.831753468256027 
-8.832091462502138 
-8.832313188072222 
-8.832523175179517 
-8.832867767482455 
-8.832971862564962 
-8.832998963813468 
-8.832690646245243 
-8.833390730868969 
-8.833522126102855 
-8.833482509617882 
-8.83322841174565 
-8.833246255966214 
-8.834355679855378 
-8.834440920437308 
-8.83489281319307 
-8.834900986495922 
-8.835264831113406 
-8.835309774722676 
-8.835207636964006 
-8.835557319144975 
-8.83554471241832 
-8.83565091181653 
-8.835646547313132 
-8.836221558109756 
-8.836360868576138 
-8.83633101859143 
-8.836682318704382 
-8.83701983620405 
-8.83718758556932 
-8.837371660512497 
-8.837367260615371 
-8.837386612805389 
-8.837792179581879 
-8.838015604259457 
-8.83845881126922 
-8.838458032376558 
-8.838435127784242 
-8.838434224986155 
-8.83844042295858 
-8.83866767285777 
-8.838646417518078 
-8.838649660565665 
-8.839233356148586 
-8.839247467216026 
-8.839868042183692 
-8.83985192633463 
-8.840064994340016 
-8.840218770944478 
-8.840259351882988 
-8.840305345728899 
-8.840402468745417 
-8.840402541735406 
-8.840403529640763 
-8.84038073958999 
-8.840353209981046 
-8.840523253332886 
-8.840711127453163 
-8.840844725469992 
-8.840943166835316 
-8.840946739701533 
-8.840975753568095 
-8.841198899864635 
-8.841179064596831 
-8.841064845262942 
-8.841193780647952 
-8.841312350992492 
-8.841528648356888 
-8.841573358086013 
-8.841778587512065 
-8.84174692463046 
-8.841845231939557 
-8.841898622933046 
-8.842023629642698 
-8.84209410505385 
-8.842094238150432 
-8.842096108227883 
-8.842098789951509 
-8.84206299744433 
-8.842525862518254 
-8.842536621783259 
-8.842560076044855 
-8.842558181481564 
-8.842579094399376 
-8.842588523690686 
-8.842611214385798 
-8.842619346901385 
-8.842630104866531 
-8.842737393359139 
-8.842756924487277 
-8.84279560498695 
-8.842779654964586 
-8.842963761063945 
-8.842991012760876 
-8.843017941730299 
-8.842991707017871 
-8.843007107399432 
-8.84301227140796 
-8.843170402568607 
-8.843172515750506 
-8.8431959667373 
-8.843202027418387 
-8.84337626712209 
-8.843492827745818 
-8.84360815397974 
-8.843600293949722 
-8.843660124788556 
-8.84357936416847 
-8.843683966075972 
-8.84368301865019 
-8.843681458826468 
-8.843679092750321 
-8.843842580968522 
-8.843983747772539 
-8.844022618842155 
-8.843987509263522 
-8.844185876103637 
-8.844180620255875 
-8.844208155224754 
-8.844212447147482 
-8.844212534204056 
-8.844218732470585 
-8.844255859342537 
-8.844258927898403 
-8.844273053723139 
-8.844273319500585 
-8.84427293821475 
-8.844294121842644 
-8.844391902055152 
-8.8443809223589 
-8.844380940078484 
-8.844389226111181 
-8.84439868865011 
-8.844417593382383 
-8.844469044255709 
-8.844503873499402 
-8.844505618142884 
-8.844558531473858 
-8.844571627802472 
-8.844595408655495 
-8.84460179869394 
-8.84461593790762 
-8.84461705720468 
-8.844641867935815 
-8.844671964535882 
-8.844671948216492 
-8.844673382488066 
-8.844690092979212 
-8.844738179422281 
-8.844794242391046 
-8.844793640653648 
-8.84478742296739 
-8.844856104637252 
-8.844859311812485 
-8.844858813629148 
-8.844857585400858 
-8.844881534002143 
-8.844901081465302 
-8.844973340833302 
-8.844975147567954 
-8.84497962264345 
-8.844999732932347 
-8.845019130707 
-8.845016500251479 
-8.845018905456337 
-8.845023506510005 
-8.845022265846069 
-8.845056106023904 
-8.845053338078962 
-8.845074657716115 
-8.845078510097228 
-8.845078319380258 
-8.84508639160178 
-8.84508365827282 
-8.845079634082667 
-8.845086235136954 
-8.845081940316351 
-8.845080998993097 
-8.845090121310436 
-8.845102704297437 
-8.845120556598065 
-8.845117245501626 
-8.845117524162871 
-8.845144053014144 
-8.845142581287014 
-8.845148731195442 
-8.845150029880772 
-8.845153721350329 
-8.845161310989157 
-8.845167434586195 
-8.845165678573096 
-8.845177318500014 
-8.845181489090997 
-8.845181151863326 
-8.845181309396363 
-8.845189612991732 
-8.845189439265694 
-8.845193058014 
-8.845198136509465 
-8.845197628689982 
-8.845204840201541 
-8.84520788060749 
-8.845206729530073 
-8.845207924800828 
-8.84522106630312 
-8.845241899311238 
-8.84524450999566 
-8.845270054414492 
-8.845277666879083 
-8.84527783608711 
-8.84528258531443 
-8.845282048608619 
-8.845281500961374 
-8.845282252736697 
-8.8452826221363 
-8.845293839281325 
-8.845296830723502 
-8.845296939455631 
-8.845297260335238 
-8.845300285252055 
-8.84530004205436 
-8.84530015227725 
-8.84529861793469 
-8.845298460624912 
-8.845298743029579 
-8.845311079724341 
-8.845315435856532 
-8.845316992115922 
-8.845316775484246 
-8.845316547170096 
-8.845323560648517 
-8.845323596401647 
-8.845325747053945 
-8.845327443045251 
-8.845327929319476 
-8.845337437603876 
-8.845342874309813 
-8.845342822530755 
-8.845342551236659 
-8.845342465988375 
-8.845345623240853 
-8.845349843731892 
-8.845349916496943 
-8.845353007657078 
-8.845352534504586 
-8.84535361581326 
-8.845353621781793 
-8.845355637756626 
-8.845355680919235 
-8.845361981397863 
-8.845365600815635 
-8.845365577369533 
-8.845365558983644 
-8.845365312577865 
-8.845365352345112 
-8.845365456576745 
-8.845365486219228 
-8.845365329006215 
-8.845365269075211 
-8.845369078178464 
-8.845369080070103 
-8.84536901906793 
-8.84537014186654 
-8.845372193365773 
-8.84537228605662 
-8.8453726280745 
-8.845376656902925 
-8.845376620424148 
-8.845377132133025 
-8.845377085899633 
-8.845382150580782 
-8.84538221505887 
-8.845384614321823 

 Time 
13.111577033996582 
