Energy 
 
3.8998005448887016 
0.15041136399628469 
-3.726099139664617 
-3.6720061914478146 
-3.9190938530384862 
-3.918110779687637 
-5.771432202565379 
-6.344321335824871 
-6.276586248414032 
-6.8889800036589115 
-7.121113610475344 
-7.066723258542157 
-6.9943929080536815 
-6.844296940560141 
-7.559240327269429 
-8.396254563841095 
-8.12573387185287 
-7.7706783691623835 
-7.787865542248632 
-8.003439546959843 
-8.148643050420592 
-8.41908936386907 
-9.495919551127392 
-9.164531815885656 
-9.206134917600158 
-9.503040581572748 
-10.18033775664259 
-10.265763551480038 
-10.278513959442202 
-9.90821054796038 
-9.983345886595876 
-9.968525819179787 
-9.891384291718424 
-9.893635320927666 
-10.066955495609568 
-10.373396846925006 
-10.506676044753304 
-10.511352888924025 
-10.569889578214555 
-10.59398898711317 
-10.861744656155162 
-10.957615055317255 
-10.916508050775537 
-11.047938809299444 
-11.074635681727578 
-11.079246267990321 
-11.054388698136416 
-11.499521226656789 
-13.129017265622398 
-13.22765526260962 
-13.504257237843667 
-13.778121454936326 
-13.81277066675682 
-13.842075842461963 
-13.813765670723686 
-13.896890415300664 
-14.189775639806427 
-14.003634514106242 
-13.896062046599216 
-14.048589085779357 
-14.10710139106514 
-13.29812944122293 
-14.045014452754263 
-14.173796209047211 
-14.12303624302958 
-13.867757787172657 
-13.882302965158818 
-13.874737680692801 
-13.897413675805723 
-14.539482407879735 
-15.33315832038695 
-15.453230726722193 
-15.581661596533925 
-15.196393523196495 
-13.391166525767908 
-14.279206000251804 
-14.876419632264838 
-14.996354813810047 
-7.202953554398572 
-7.830573296402119 
-6.313533297400143 
-6.247392089929476 
-5.832405942171739 
-8.570041776345146 
-8.705329317183988 
-7.598872105989647 
-8.04586727073865 
-8.250558274627933 
-8.242151717828166 
-9.561967051842975 
-9.692018428337413 
-9.393911576360479 
-9.396681400320322 
-10.092506573115546 
-9.44542199952835 
-9.188697106134004 
-13.808691697338903 
-12.97143364313413 
-13.193382319020271 
-13.126442336942134 
-12.862891455950404 
-12.279727043481731 
-13.88099734163224 
-13.863517515806953 
-13.781630047419894 
-13.8349603692818 
-13.772147796469737 
-13.346393247780371 
-13.448705004311243 
-13.201260425490165 
-12.054116596815504 
-11.778284547600812 
-12.412305974453933 
-12.809080797744729 
-12.7954051625214 
-13.508672039337432 
-13.121921379278646 
-12.001531669589676 
-11.24233353826132 
-12.331186366349225 
-12.273105075118828 
-12.33181962209192 
-12.328993137992667 
-12.65513764316578 
-12.284075178259915 
-12.435588102349358 
-12.138973282076217 
-12.23659617881891 
-12.259904551517128 
-12.66703255080549 
-13.609784317976441 
-13.456935068358309 
-13.162018567524033 
-13.210286980555535 
-14.536355528111148 
-14.170003854273489 
-12.50638469107863 
-11.495138356872761 
-10.922572926641404 
-10.320566138124198 
-10.334521520019917 
-10.306593245329937 
-10.510961822119922 
-10.707936347877823 
-11.034995232515932 
-11.187312171084999 
-11.43694490337446 
-11.67836983311559 
-11.180173480339118 
-12.115451327756151 
-12.02505782735005 
-11.636678245445413 
-11.52859045691478 
-11.429684709495195 
-11.816201651476264 
-11.421720494821571 
-10.88399912303576 
-10.977314545490543 
-11.174605825389662 
-10.558579399951393 
-10.613787731185223 
-10.333100456270317 
-9.71467788874115 
-9.525868388028886 
-9.55490174807437 
-9.297604439019757 
-9.560694444982666 
-10.371501014215692 
-10.129664036808574 
-10.558718024907424 
-9.843167627546748 
-9.901065619851648 
-10.322901604178115 
-10.462206472204684 
-10.681527704605779 
-11.003095839384487 
-11.607949726416912 
-10.436622727956712 
-10.369746476483552 
-10.925465342259312 
-12.029527180369252 
-11.916349454444612 
-10.539868905934922 
-7.504390507046758 
-8.193360344390404 
-8.195378517174065 
-8.232130191749663 
-8.569226806894365 
-8.572340274300545 
-9.158800375397293 
-9.613496105287345 
-8.616359670963227 
-8.831178607224185 
-8.660755338208082 
-8.635487796804078 
-7.9482301824506845 
-8.107896444058104 
-8.047552157220439 
-8.84643994091699 
-9.452466789826937 
-9.544107195913544 
-8.789417694437857 
-7.858590371519854 
-7.458156604479427 
-7.569048764031231 
-9.101763626905182 
-9.01276294816222 
-11.187256412460743 
-11.489245149158965 
-12.054413728891387 
-12.110421581269105 
-12.109927205593536 
-12.18094858450229 
-12.266463877103785 
-13.29967075061365 
-13.289037423728608 
-13.275178551686006 
-13.513406547556537 
-13.363201834569296 
-14.202196476717408 
-14.13439963418024 
-14.035424467021857 
-14.047306156236335 
-14.08929198007203 
-13.638339726069615 
-13.64140027495833 
-13.886526049109156 
-12.509726090008266 
-12.762671187425047 
-13.806614842545471 
-13.762578518771466 
-13.676557545062948 
-13.662363714895097 
-13.252843223652519 
-13.24887656017332 
-13.999665065596112 
-13.95255300292712 
-14.049874191744648 
-13.992312081819675 
-14.055903434222653 
-14.283039945175855 
-13.888357102848667 
-12.894071621347607 
-12.29703461295134 
-12.29278024651793 
-12.617225344386414 
-12.138127081774957 
-13.728404158363967 
-13.84301808526535 
-13.848608388604346 
-13.485829754781864 
-13.45559390800775 
-13.405177735968035 
-11.579288402095614 
-12.538866322955867 
-12.565681493197944 
-12.602330553661968 
-13.297276959223872 
-14.379936673609041 
-12.333363231369573 
-12.48998690166326 
-15.45433039060236 
-15.684861112821473 
-15.516900718447888 
-15.800438747361529 
-9.157821900310964 
-10.210371960366828 
-10.405962210240652 
-10.476288155333155 
-10.574336019383466 
-9.824551506940582 
-11.863388662430642 
-11.820562024656107 
-11.660886528601225 
-10.623207524894141 
-10.61450525774086 
-9.466994736338838 
-9.994603904712664 
-10.723248746016 
-9.236883710265523 
-9.609443468004143 
-9.880069162991667 
-9.771910303361224 
-8.303419106489901 
-8.263904930384522 
-8.350721785589966 
-10.708505493753114 
-10.570605355076534 
-9.826335161345579 
-9.829294580524321 
-10.043242122092057 
-9.152420757246494 
-9.191356936259771 
-10.332882115985846 
-10.903347000777556 
-11.635666891591912 
-11.740211297951795 
-12.047997795334753 
-13.869195263127382 
-13.936796960892028 
-13.245394720173708 
-13.287807296730291 
-13.268929238288205 
-13.14350519320554 
-11.198084723146426 
-13.58143333881597 
-13.981867453161607 
-11.141784098031403 
-11.46403995645618 
-11.459435155512523 
-11.23811268010705 
-11.267638323604082 
-11.410235417155201 
-12.827928281429251 
-12.268944725244411 
-13.610377514511878 
-14.975404642641697 
-14.873342817841747 
-14.648513653182528 
-14.12421339985992 
-14.595534282915752 
-14.348022555710834 
-16.02530813878302 
-15.616510135323255 
-15.809808374745735 
-15.421736285026707 
-15.373320991280869 
-15.313208121941638 
-15.826140161361707 
-15.7294533577012 
-14.495175700074329 
-14.63666460955597 
-14.530290251480151 
-14.453623071842838 
-14.235317850877204 
-13.904191927202614 
-14.074906290791288 
-13.039961403195838 
-13.049223572555915 
-14.013864888840406 
-13.225516837341363 
-13.45247122443673 
-13.061561574276853 
-13.359979594173558 
-13.177474138944305 
-12.008897388021856 
-12.822943097951182 
-12.909527299936475 
-13.675025231789476 
-15.674486195586676 
-15.628098490703788 
-15.736420315276378 
-15.997024276302943 
-15.940182554091397 
-15.920232670713226 
-15.910640440396902 
-16.028204534865147 
-16.039893828013433 
-15.994215718315171 
-16.00517021117169 
-16.26654484699649 
-16.712855871491865 
-16.59687716651135 
-16.521206672959025 
-16.52807485255513 
-15.686835799184383 
-15.67524229721016 
-16.205356952978565 
-16.303313869195186 
-16.685757249391195 
-16.233460395476257 
-16.386372392517686 
-16.226659754441147 
-16.614823309937144 
-16.451583471741195 
-16.612020084237972 
-16.640576796521522 
-16.46112185052462 
-16.426819724576184 
-15.690914932238893 
-14.874335146972289 
-15.183208071930952 
-15.780664503301036 
-15.360063992932288 
-15.475035092481951 
-14.309236054769546 
-12.888909840762155 
-12.957201185051803 
-13.271835029735495 
-13.62030917764622 
-13.533133391149862 
-13.175508296555956 
-11.976708585136056 
-12.566978635327638 
-12.000679192000822 
-11.861559933620825 
-11.667781623617467 
-11.605872858174097 
-12.47665617580198 
-11.050157706688706 
-10.897707483682511 
-10.730589460229819 
-10.938328369061706 
-11.267148646134554 
-11.467864294596515 
-11.46743368443266 
-11.52182083120345 
-11.489345356245714 
-11.559038511457837 
-11.32410043381788 
-10.00228559687645 
-11.001883628279952 
-12.247583462628574 
-10.042189268997719 
-9.914573291071138 
-9.919684272078168 
-9.715114422237015 
-9.689689123314063 
-9.640078082280166 
-9.673204808177866 
-9.998287643470297 
-10.585242966640516 
-10.96589861916709 
-10.949108306505773 
-11.352299089605241 
-11.354682345010811 
-11.670535084699914 
-11.933542585144076 
-11.935713098487176 
-11.609578376519586 
-11.334863402574722 
-10.715975941065066 
-10.751917850178131 
-10.730352759497716 
-10.643985234565362 
-10.724034274320276 
-10.688341297267526 
-10.798608305516007 
-12.205311479863651 
-11.970717786118145 
-12.184302340231838 
-12.417736291648096 
-12.416347146372967 
-12.882715903437024 
-12.84228791241139 
-12.872649752779395 
-12.709351929284587 
-12.604223071785697 
-12.37319481415319 
-11.8281022329224 
-11.224142028018136 
-12.204852377541677 
-12.202759875761672 
-11.767136863825833 
-11.625211130279766 
-10.451383682436084 
-13.398343613561702 
-13.008145725770039 
-13.74022830365718 
-14.811569334510619 
-12.297883810019236 
-13.352845562794418 
-13.512563748176522 
-14.486046884935316 
-14.868313088980239 
-14.866322711649678 
-14.954184465809973 
-14.935901807610783 
-15.583156740986217 
-16.84460578781118 
-16.84777255184736 
-16.612829607583386 
-14.783444326746626 
-10.59900793056441 
-10.422819938314461 
-10.306188458397983 
-10.756527047781898 
-12.30148321399788 
-12.293836949664612 
-11.669631532548557 
-11.585006696009938 
-8.252133324049389 
-10.256585433423876 
-10.678021781894103 
-10.85611381326885 
-11.295858250050902 
-11.265588494825664 
-11.315977255772673 
-11.942766430744904 
-12.04003310045564 
-12.855221547006074 
-13.144051392202872 
-13.50679887065935 
-13.35227794446782 
-13.995812491785756 
-13.672141485049577 
-13.664695014717278 
-13.10877243598368 
-13.027517912789833 
-13.267247762961091 

 Time 
148.86861181259155 
