Energy 
 
2.390142678989272 
-2.2927816009514275 
-2.5426378650040795 
-3.634471000130123 
-4.339593558277215 
-1.9718392263135562 
-2.754776229167925 
-2.950195539368996 
-3.4153070103369254 
-3.532668339299442 
-4.022887019061648 
-4.2634514790158144 
-4.263961875721491 
-4.537829302756943 
-5.415430332345835 
-5.092134818610698 
-5.118070222034134 
-6.9386257564242495 
-7.01853447581746 
-5.806807891763765 
-5.785476681672176 
-6.05469247167155 
-6.209751281823548 
-6.419142375770818 
-6.7814066086756375 
-6.722575943314363 
-8.6503323345896 
-8.032570118724657 
-7.667008147804893 
-7.708948513592753 
-7.373484682116942 
-7.938891781470819 
-7.481324246265912 
-5.796184392258307 
-5.17971931132804 
-5.551218789758014 
-5.001293542006363 
-5.145900248926585 
-5.349923275968322 
-7.454087004413515 
-7.628169814726512 
-7.446428821548335 
-7.613893393140597 
-7.544600424855306 
-7.054020783221368 
-6.915572036588038 
-7.24229522734826 
-6.9539049523608 
-8.626654252284977 
-7.086283285177339 
-7.80381469608142 
-7.82340164318028 
-7.724430286600193 
-8.179218193794785 
-8.18052668752752 
-7.713066991914152 
-8.159871456444197 
-8.226366377821117 
-9.126286160361362 
-8.890586173758802 
-9.136839482583182 
-8.537128371774767 
-8.74584193559686 
-7.634270368533694 
-7.637016348522357 
-6.742779476913716 
-7.000449725615524 
-9.011826567063409 
-8.475774878583682 
-7.969215014054926 
-6.70272305389405 
-7.325853896016109 
-7.358838223826242 
-8.862376129415056 
-8.639187207852888 
-9.712332783880527 
-9.294777548759672 
-5.818617623631982 
-5.386585974932653 
-5.5758890481995245 
-5.438075944240626 
-6.348577458912603 
-6.320774615156353 
-6.321747473028485 
-5.970495762499865 
-6.563466403597449 
-5.673758471822861 
-7.155435972147712 
-7.277891871328325 
-8.133192529024551 
-8.381009690816029 
-7.436024164265078 
-7.0945274961630584 
-8.889949162484022 
-9.1734604019517 
-8.750382943636208 
-8.899936589402753 
-8.43657129622238 
-8.597589243182695 
-9.248374190354353 
-9.18130576303842 
-8.926530860142648 
-9.18093268423679 
-7.8973757068615935 
-7.795095252895263 
-7.484119397733333 
-7.483455830935409 
-7.190945870407275 
-10.771319574173583 
-8.371385822886626 
-8.326563657152919 
-7.791234239621014 
-8.035220095909342 
-8.411073683506928 
-8.018588335370728 
-8.197798253305942 
-9.06456772225527 
-8.69151176564885 
-8.915607535420566 
-9.35438272467422 
-8.71951815423625 
-8.686104284474496 
-8.647759047980601 
-9.26949349217809 
-8.978134507158629 
-7.585797045413794 
-6.212183818972378 
-5.852854088703801 
-5.959962952238263 
-5.608769510188957 
-5.961490772836428 
-6.054863710702151 
-7.399656294424126 
-7.4554793356094 
-2.6340398339450433 
-2.6079725276114236 
-1.5191082303373138 
-1.7557005794662306 
-3.732886060792085 
-3.7288795769614147 
-3.6429611078756983 
-3.1083334690836124 
-3.512724961209175 
-3.521030117984292 
-3.825567131413844 
-7.146583633704507 
-1.5167874555717467 
-1.5427186855551653 
-1.760669390956879 
-2.271992002504147 
-2.3554217451821176 
-3.7640677406246206 
-3.885325232652417 
-3.8959462543088708 
-3.118687588786664 
-3.20114965921688 
-3.575779479125539 
-5.178017622574952 
-5.504069990346812 
-5.6101373297974595 
-5.35883076787888 
-5.18278222123795 
-4.943751656440988 
-5.151589332385905 
-5.5164672983396486 
-5.8138130427479995 
-6.034944521888073 
-5.540065791687407 
-5.719976110887221 
-5.16382886053581 
-5.549264586124547 
-6.253080901007242 
-5.634113212218128 
-6.55844506454863 
-5.871432679365277 
-5.7520272387926275 
-7.375158525782887 
-7.6554789391058 
-7.102670505867897 
-7.139947872890685 
-9.196340813743674 
-9.033271484016284 
-7.307772540926312 
-7.4691127814954665 
-7.351854697821908 
-8.220285356317744 
-8.231161517195156 
-8.467137394649704 
-8.570330095766135 
-8.414794922820565 
-8.51779543701229 
-8.472454894953344 
-8.125150395980057 
-6.638298775655626 
-5.2567580209731615 
-5.81002271886316 
-6.181661291024298 
-5.870632126993319 
-5.576258183177082 
-5.390289592998577 
-5.971572807431397 
-4.828134709220159 
-2.0740667663881744 
-2.4956258219500786 
-2.3607378751329584 
-2.3764418997993557 
-2.539347924160275 
-2.512314192321419 
-4.13578752746029 
-3.9669549962741137 
-4.717162113772589 
-4.751184585998055 
-5.177271813251226 
-5.134408414927301 
-5.311711164849122 
-5.675043260701727 
-5.838150361522493 
-5.850512202468723 
-7.521818053361428 
-7.456571517197489 
-7.614149064591677 
-9.072467850929375 
-8.90351238523715 
-8.6589564058551 
-8.413605649529867 
-8.526173504201273 
-7.087283687277421 
-7.2896121094431745 
-7.5454600860162815 
-4.458719171791539 
-5.501592820286447 
-5.369313159129897 
-5.271166169489573 
-5.248981880344791 
-6.191916137595577 
-6.307206932487727 
-6.049651385568922 
-5.554887892469664 
-6.458652429941263 
-5.032677975144068 
-6.469281812062125 
-6.315755702514096 
-6.514482199559633 
-6.9343068525738865 
-7.604647348820564 
-7.331083498379815 
-7.531790428536238 
-7.777641341932973 
-7.963209441265406 
-7.628550934519208 
-7.66279166550951 
-7.4096747604324475 
-7.5982317425051225 
-9.02574306461806 
-10.770759692354142 
-10.736654348372218 
-10.82071654588275 
-10.961009410629067 
-10.514892100118091 
-10.64578798823796 
-10.615251584465396 
-10.637534059112337 
-10.069672997390526 
-9.971760813482717 
-10.621154815673824 
-9.498664532804003 
-9.130134725339607 
-8.556943378295424 
-8.07191209141638 
-7.94236894040518 
-7.81864210456987 
-8.956961514678028 
-8.20963344925476 
-7.782950706214191 
-6.960928691641619 
-8.285875038092819 
-7.518992402391696 
-6.348383563175435 
-6.292693261923937 
-6.480102985394218 
-7.580725942345838 
-7.402259970533702 
-7.221576920796637 
-7.473969131994521 
-7.487150144213642 
-8.165660880686762 
-8.208424043560546 
-8.189643317328946 
-7.072705360412513 
-7.219914143183759 
-7.758281832122863 
-8.10676732370931 
-7.833761658675622 
-7.729837510741681 
-7.7572472273459265 
-8.00493234952586 
-7.104826412533063 
-7.72712954543466 
-7.419473168029028 
-7.363473689277001 
-6.835664481443743 
-8.187083855309346 
-6.2815365761094855 
-5.7355451099233505 
-5.725623349647002 
-6.148704345701599 
-6.203432779618234 
-4.740298702433177 
-4.79000591355663 
-6.201142601273671 
-5.730261989881907 
-5.730126331288224 
-5.621898580487088 
-6.569625397517283 
-5.399674355040767 
-2.2387998591031226 
-2.651831250890642 
-2.7288612924761186 
-3.1921431350342195 
-3.2989002329536747 
-4.1328187826495775 
-4.5028947644105095 
-4.928674374087084 
-5.407991898030802 
-4.76668225848775 
-4.746394222896206 
-4.183265581942854 
-3.9884282773300477 
-3.9929580742350264 
-4.228331084095595 
-5.004368732784718 
-4.792708507680085 
-5.129866813224195 
-5.794664670939545 
-7.200506292521445 
-7.21309441677383 
-6.7756220459467675 
-6.474470726998573 
-6.498416807322478 
-6.941437592965828 
-6.44420041228167 
-6.351019567124567 
-6.7326521193834115 
-6.560404588393562 
-6.4994892964904745 
-6.595152382341007 
-5.745376654728401 
-7.3203174711705135 
-7.317781719533777 
-7.318449202792118 
-7.397643528942466 
-6.343268775361537 
-5.787047473072468 
-6.068913767050854 
-6.0176093544168365 
-7.001979468507741 
-7.186452874147208 
-6.48275393971719 
-6.551513061614345 
-6.45296808465307 
-4.07135967993197 
-5.2330965261725915 
-7.023511604911117 
-7.210269420281223 
-8.665029691913748 
-8.884592233914487 
-9.76101639527209 
-9.515678509236569 
-9.53055028372581 
-9.747697458582024 
-9.671507975555295 
-9.66828724901094 
-8.826705973506579 
-8.742243035878666 
-9.32436426645388 
-9.308541269749867 
-7.770060200234198 
-7.900783602763731 
-7.977364752610959 
-8.10696753133756 
-8.223921202882067 
-6.761581544539004 
-7.696673840836132 
-7.906212319589439 
-11.178507528481761 
-10.572081910654555 
-10.736223684447223 
-9.028469919373784 
-8.877580013960934 
-8.932347219891094 
-8.555689629837271 
-8.075745861745116 
-8.428221809401228 
-8.549808555706797 
-8.626183828386603 
-8.700499257766797 
-8.881871938819105 
-8.87952472570434 
-8.535649781551733 
-8.551811295687088 
-8.64878830567482 
-9.896536610814566 
-9.698271985030418 
-9.737155577662422 
-11.197596763873296 
-12.052006073709519 
-12.07113313501369 
-11.978413263172593 
-10.223031753526802 
-10.277644484145169 
-8.478271684877189 
-8.688479136099682 
-7.658155862026154 
-9.982926536426314 
-9.395636663681344 
-9.297197899446179 
-9.295925729466791 
-10.933661805536696 
-11.214931652209767 
-11.266396205887547 
-12.32313689504494 
-11.992678333067888 
-9.138577978125541 
-10.206861127710054 
-10.4892828874779 
-9.984845078977246 
-9.731837364981212 
-9.659615629531581 
-9.990758498346498 
-10.488444292703644 
-10.499196469683596 
-10.610971349100579 
-10.670647037786603 
-9.638048429327908 
-10.720454771108562 
-9.954752358543026 
-6.833509854470489 
-6.692100776647588 
-6.3160821361119135 
-7.0874081034633445 
-7.242260551853457 
-6.297117100650136 
-4.897176988817357 
-3.748848664884252 
-4.273223682049493 
-3.6579984802861896 
-4.032089399627546 
-3.868470807950501 
-4.577749916594427 
-4.689570010414657 
-5.340882209403477 
-5.330329302036765 
-3.774926780097873 
-6.202642966533015 
-5.938809198354577 
-6.5732216707416145 
-8.137245667210832 
-8.662893349996127 
-7.613106355781765 
-7.544626906517508 
-7.670565288250231 
-7.818195069831909 
-7.883308619778494 
-7.918155426921927 
-8.102881517273413 
-10.069969837349351 
-11.344000270533073 
-11.173613144062097 
-10.24007333854492 
-10.063707656899249 
-9.912536096657222 
-9.062367110287449 
-8.315680458751968 
-8.363764549190652 
-8.598327168986104 
-8.165232786389568 
-7.480536372770089 
-8.85756512042381 
-9.255730709036639 
-9.235104276597799 
-8.871810347373344 
-7.8085993016279645 
-8.147515094805883 
-8.082514308449971 
-8.521224045899672 
-8.407760096812236 
-8.651973028358977 
-8.733380209876438 
-8.716231310438854 
-9.018620393238583 
-8.950437880628135 
-8.796797971223882 
-8.6726984111887 
-8.646504893288716 
-8.645271465007339 
-7.150806102098399 
-6.905619533832226 
-6.801487769205566 
-3.2780934290909847 
-4.90263533830601 

 Time 
582.0423800945282 
