Energy 
 
2.3693496930821554 
2.394697436576531 
2.326186695567362 
-1.693550642704662 
-2.086410808248764 
-2.397473353626857 
-5.157937767811479 
-5.760386273179536 
-5.502078550307564 
-5.819396051479104 
-6.758510629051564 
-6.777651189358997 
-7.095844314089366 
-8.323682243389559 
-8.491108214195505 
-8.591027916587542 
-8.606307405762655 
-8.768314002581182 
-8.885549368590688 
-8.870009370846757 
-8.78835056443322 
-8.550724754167197 
-8.568639102015785 
-8.787718680760529 
-9.099394749179723 
-9.631702072386949 
-9.94360936294595 
-10.367789038053786 
-10.56297422828287 
-10.561512950565964 
-10.81284310167025 
-10.786988565774454 
-10.816895787811958 
-10.847199945019272 
-10.87940484427114 
-11.136530874575255 
-11.137621006656461 
-11.149582560553817 
-11.217304569510043 
-11.23706710344421 
-11.95343065871077 
-11.952812695782908 
-11.95628227792277 
-11.98488643522347 
-11.978564758122657 
-11.992118012348943 
-12.001851422744423 
-12.076032660247913 
-12.104432625986881 
-12.150572715947398 
-12.15128024767904 
-12.208696784135164 
-12.215032552860402 
-12.214335047422102 
-12.21737187637899 
-12.245745853718267 
-12.254636118734366 
-12.2547833195812 
-12.255447991962049 
-12.254638216984919 
-12.265719494716413 
-12.283305071263808 
-12.289935029697338 
-12.289845651598581 
-12.307900903108067 
-12.308000177737657 
-12.314798737677233 
-12.330728571642322 
-12.334674317345337 
-12.335744027385292 
-12.340017892834885 
-12.340817270753957 
-12.346595815380002 
-12.351758773146274 
-12.37699228008037 
-12.406161912566523 
-12.411562681760657 
-12.427019577667034 
-12.431421492093943 
-12.443535982028946 
-12.453863324367 
-12.475586396224836 
-12.48039763257704 
-12.478803032538101 
-12.484421379310241 
-12.483902347651599 
-12.485773922389756 
-12.491249032665694 
-12.492814382092066 
-12.496012595668553 
-12.499140194224474 
-12.514083318799866 
-12.524909446373819 
-12.525109552717112 
-12.525419275867971 
-12.525334082110232 
-12.53540805982395 
-12.53702525887236 
-12.539201735796832 
-12.550806787621765 
-12.550680748923135 
-12.554285543232016 
-12.55460330432774 
-12.55697429204758 
-12.560722072834224 
-12.561084426246138 
-12.56420504249073 
-12.565267776151517 
-12.565830381770029 
-12.565760694605514 
-12.572833006218746 
-12.573282807293587 
-12.573263159539561 
-12.57321786118279 
-12.573902061411996 
-12.575020915472951 
-12.577027367896777 
-12.576967994566598 
-12.576930691477434 
-12.576933248320232 
-12.578158812008372 
-12.57817023818991 
-12.578288968860239 
-12.578264065228039 
-12.580190617051159 
-12.580100003416291 
-12.582844024098922 
-12.58406344934983 
-12.583954578637616 
-12.58413892877463 
-12.584592165180805 
-12.58535334409115 
-12.58493765294916 
-12.585122014352327 
-12.586121136885833 
-12.586673143859777 
-12.587163396868396 
-12.587188188498772 
-12.58822451409321 
-12.589712900848253 
-12.589897252190436 
-12.590983750899518 
-12.591589629394269 
-12.59163968632892 
-12.591639471485834 
-12.591633730308205 
-12.591932251863339 
-12.591979812859726 
-12.592119085447068 
-12.592129805380956 
-12.593138279479938 
-12.594370033442344 
-12.594348588727769 
-12.594317977674892 
-12.594539171775189 
-12.595481949070715 
-12.595627486993045 
-12.595870602060614 
-12.597451344919996 
-12.597456708920614 
-12.597538982547224 
-12.59793868219661 
-12.598230999345589 
-12.598868720770957 
-12.598893181819363 
-12.59889245026392 
-12.599066779990089 
-12.600316164540136 
-12.600727798196552 
-12.60084942860408 
-12.601072120219024 
-12.601047756121773 
-12.601096692097467 
-12.601170825931105 
-12.601209166830476 
-12.601226103057233 
-12.601227754559908 
-12.601334261111884 
-12.601882267275991 
-12.602018354087072 
-12.60208591823414 
-12.602097622852952 
-12.602136914700463 
-12.60213337428302 
-12.602132815855274 
-12.602165236573153 
-12.602211221848561 
-12.602500549399554 
-12.602596855183014 
-12.602945508047174 
-12.602896138449706 
-12.602912401120472 
-12.602926263328756 
-12.602922295814375 
-12.602993006774337 
-12.603036002020241 
-12.603084779071652 
-12.603567829538946 
-12.604422248321983 
-12.604700804950106 
-12.604702169092585 
-12.605125244162831 
-12.605233195061201 
-12.605229992939767 
-12.605736580111447 
-12.605768381963522 
-12.605754514970709 
-12.60575796084472 
-12.605799465326209 
-12.60584009081186 
-12.605837021485044 
-12.60584713138156 
-12.60602319447724 
-12.606266678210357 
-12.606269235606941 
-12.606341232546587 
-12.606378409398936 
-12.606363339778538 
-12.606579816242721 
-12.606782462164825 
-12.606817670707215 
-12.60683517932932 
-12.606880663402244 
-12.606912045994093 
-12.607082780468758 
-12.607375737086185 
-12.607396740080562 
-12.60738309821607 
-12.607421518613478 
-12.607443092108053 
-12.607462675636272 
-12.607469104809862 
-12.60749203222838 
-12.607492770077869 
-12.607497051111354 
-12.60774593611295 
-12.607765505797147 
-12.607899328009129 
-12.607901814529644 
-12.607903733926126 
-12.608015574188146 
-12.60808033610177 
-12.608151794763982 
-12.60832004597334 
-12.608361166211273 
-12.608535766375605 
-12.608818994685759 
-12.608818510642182 
-12.608879436061363 
-12.608913266760265 
-12.608978247618166 
-12.60902947097257 
-12.609051735923128 
-12.609102734872778 
-12.609093909789637 
-12.609094592821563 
-12.609064969210657 
-12.609083042015804 
-12.609257228563512 
-12.609256731984933 
-12.609256454653986 
-12.609256609057276 
-12.609269838406933 
-12.609268514380963 
-12.609268339095086 
-12.609271443846117 
-12.609270429279466 
-12.609369203612006 
-12.609562538224505 
-12.609641351986566 
-12.609651428962026 
-12.609653374524786 
-12.609647203345324 
-12.609703888427456 
-12.609702304793108 
-12.60971105348906 
-12.609735316564821 
-12.609735270789711 
-12.609758482249921 
-12.609808875579677 
-12.60986653616016 
-12.609865270726793 
-12.609959903647011 
-12.609976730088494 
-12.60997561795907 
-12.609981661186035 
-12.610016617377273 
-12.610035834037703 
-12.610036061460958 
-12.610075331861827 
-12.610126620107465 
-12.610219604537834 
-12.610258476496117 
-12.610314107646653 
-12.610407484657241 
-12.610405885941368 
-12.610419327946685 
-12.610417157883715 
-12.610463180671996 
-12.61046351706007 
-12.610509893227261 
-12.610503682816603 
-12.610522804439857 
-12.6105838387906 
-12.610615895169566 
-12.610764482104253 
-12.610933375017956 
-12.610932898999417 
-12.610931013451173 
-12.61097357507216 
-12.610978002301243 
-12.61098067370424 
-12.610989541817798 
-12.611148881709505 
-12.611143165742291 
-12.611152558958011 
-12.611157614872432 
-12.611188360640153 
-12.611216321967076 
-12.611215909908776 
-12.611216534291884 
-12.611325025111643 
-12.611336351360455 
-12.611461015229805 
-12.611466902219641 
-12.611497143256654 
-12.611498702085058 
-12.611629831153895 
-12.611621278670802 
-12.611623532823494 
-12.61165593442561 
-12.611663995728843 
-12.611863043084792 
-12.611862433628065 
-12.612011345513842 
-12.612012602421224 
-12.612011166714192 
-12.612032669973036 
-12.612047643358668 
-12.612068495350464 
-12.612085571203416 
-12.61213377100762 
-12.612176044507228 
-12.612194220606463 
-12.612204304276034 
-12.612210091242932 
-12.612296306429688 
-12.612304667019426 
-12.612309437990728 
-12.612318511882028 
-12.612322935146587 
-12.612322936027502 
-12.61235344285257 
-12.612363476152925 
-12.612364772324433 
-12.612365112684643 
-12.61236399288963 
-12.612385936508732 
-12.612388527791696 
-12.612478401808055 
-12.612540243587596 
-12.612601738905486 
-12.612602335784482 
-12.612602192515933 
-12.61270444368515 
-12.61280860076047 
-12.61282410427003 
-12.61285704310877 
-12.61285762546555 
-12.612887250835538 
-12.612938171354358 
-12.612948130548334 
-12.612946876335279 
-12.612995651150719 
-12.613009022698005 
-12.61305244952393 
-12.613088031964129 
-12.613091615830946 
-12.613137573049471 
-12.613193552783969 
-12.613190750452459 
-12.613231179004245 
-12.613264303199903 
-12.613264478404417 
-12.613290169971926 
-12.613328622388735 
-12.613352909184977 
-12.613372005535663 
-12.613371260574212 
-12.613392621802623 
-12.613391110816467 
-12.61354498828261 
-12.61360127825168 
-12.61373901860447 
-12.613739229454248 
-12.613742382568388 
-12.613743091805244 
-12.613744069123051 
-12.613769360350709 
-12.613772078264539 
-12.613821630044058 
-12.613819825071223 
-12.6138154405388 
-12.61385023608574 
-12.61394189461414 
-12.61395124267731 
-12.61397606196211 
-12.614005050910079 
-12.61407059131411 
-12.614082927301094 
-12.61411202361547 
-12.614176272119577 
-12.614232265494895 
-12.614228907847735 
-12.614228540246053 
-12.614281889282852 
-12.61434387209065 
-12.614343881245336 
-12.614348311513975 
-12.614364554213857 
-12.614526593546877 
-12.614526827871362 
-12.614558999892704 
-12.61455569968886 
-12.614552734971491 
-12.614578802305974 
-12.61457896524517 
-12.61458932118758 
-12.614593481223173 
-12.614599845421923 
-12.6147098574295 
-12.614729094978333 
-12.614748155462769 
-12.614778372874326 
-12.614779908993082 
-12.614788187048672 
-12.61493851111722 
-12.614958049629195 
-12.61495945206374 
-12.614964270179328 
-12.614999177779552 
-12.615013442316547 
-12.615062411878075 
-12.615055533642758 
-12.615061898723374 
-12.615071648473524 
-12.615077095185747 
-12.615077047692246 
-12.615095478818052 
-12.615125136371109 
-12.61513107110678 
-12.615145299091541 
-12.615267341664879 
-12.615267545467596 
-12.615343077498231 
-12.615353523689286 
-12.615352556565256 
-12.615396110690556 
-12.615397898605167 
-12.615420829684819 
-12.61541769532433 
-12.615454678608746 
-12.615506274333756 
-12.615553991257919 
-12.615624089534839 
-12.61562441796683 
-12.615632295205232 
-12.615632472121861 
-12.615637900239612 
-12.615638352951734 
-12.615675355102585 
-12.61567684528583 
-12.615675782578617 
-12.615690967968792 
-12.615688224713132 
-12.615790231003352 
-12.615811119348317 
-12.615900284335876 
-12.615899572234623 
-12.61589972295299 
-12.615950381753992 
-12.615956600724356 
-12.615956909945407 
-12.616047944988528 
-12.616144788107787 
-12.616143350871074 
-12.616143506154405 
-12.616157671100208 
-12.616158075545584 
-12.616158585957075 
-12.616158440232327 
-12.616166615637535 
-12.616237091074012 
-12.616264575524378 
-12.616264019794372 
-12.616313164398205 
-12.61632545716247 
-12.616322862246305 
-12.616324488030475 
-12.61632975870235 

 Time 
28.56236219406128 
