Energy 
 
3.3888654472655504 
-0.9829062857648325 
-2.2998152631127033 
-3.2681979303865623 
-3.2795457087119955 
-4.148245029921725 
-4.490778697072085 
-5.17958411896778 
-5.059803914324696 
-5.052667340867372 
-5.25731722339665 
-6.168485809539161 
-6.97395879727609 
-6.995632977476635 
-7.348684973624366 
-7.312547401730156 
-7.670984024158028 
-7.77878307611422 
-7.762090194330819 
-8.654007594423678 
-8.825282070148305 
-10.38247118338445 
-8.027843632920725 
-8.223273472946792 
-8.636770430423462 
-8.979280103984836 
-9.709576937986869 
-12.093675386212148 
-12.22081471962325 
-12.239308491566398 
-12.823336522319169 
-12.691208065741215 
-13.212747573702938 
-13.102456963396282 
-13.05919501909577 
-13.259219703430313 
-13.240271663932665 
-13.397956550180554 
-13.36625312109264 
-13.370558953219398 
-13.361719908107723 
-14.125024910157492 
-14.099442346476767 
-14.099795983297916 
-14.130897008406615 
-14.148986682826823 
-14.139603501124899 
-14.167838786255093 
-14.258254121693888 
-14.292574454950717 
-14.344525379781677 
-14.295368588883566 
-14.33032675509682 
-14.286024309817066 
-14.250826114426017 
-14.364066351149688 
-14.380680603209068 
-14.248050389086883 
-14.62886147904375 
-14.70794314184688 
-14.538932207300745 
-14.310942761772958 
-14.22993366519961 
-14.184462322116362 
-14.219831753667712 
-14.223668173820238 
-14.238160885524998 
-14.748726066632246 
-14.749534698486197 
-14.602216825384932 
-14.585930925415068 
-14.179138318167702 
-14.131174716776327 
-14.507727383360317 
-14.248188169620438 
-14.500563459568072 
-14.620281308087659 
-15.586148627752422 
-15.50833693931807 
-15.510775043124388 
-15.42462109599266 
-15.677306206133395 
-15.661116459992057 
-15.27361320290957 
-15.358909928338408 
-15.368913875379148 
-15.431455755907324 
-15.431472868953236 
-15.502139731548299 
-15.165597991365974 
-15.263459706137729 
-15.273014871438694 
-15.405173711361979 
-15.156788424900334 
-12.797110621472585 
-13.106844692301514 
-13.453103760276726 
-9.522066641860425 
-9.318737828007158 
-9.34816737748293 
-9.722622101802802 
-9.943641808449378 
-9.81869740358255 
-9.64931155221815 
-9.657066715553668 
-10.64469475280822 
-10.409087407837262 
-10.235274953796889 
-10.102934878333883 
-10.29393307558719 
-10.126592392242125 
-11.396852791070458 
-11.367111537494178 
-11.441979423377228 
-12.625242237179888 
-13.475396793713314 
-13.613220590303525 
-14.91836081138629 
-14.986244192570737 
-15.342182441191962 
-15.3566407973398 
-14.863920576394191 
-15.090251534360448 
-15.082806233892011 
-14.160383366742806 
-14.616556579223273 
-14.138434660764123 
-13.879401400863447 
-14.487743130080819 
-14.738014962802538 
-12.763575620238031 
-12.82477313460892 
-12.326967640696923 
-12.198274789962243 
-12.941434330251193 
-13.00803526601032 
-12.090161900806834 
-12.251644409547879 
-12.451351011524828 
-13.093458649197487 
-13.117860621851104 
-12.571404513381433 
-12.588350334965302 
-12.835747306051026 
-13.33600310252726 
-15.004027508288544 
-15.055682391160811 
-15.080234539410101 
-15.055415700962099 
-15.056220921188988 
-14.642218651802377 
-14.778415691840326 
-14.363850422667216 
-14.560430348555398 
-14.735048010887018 
-13.559673255048095 
-13.7592732785574 
-14.114958868284424 
-13.892352821020012 
-13.742544189040064 
-14.08258615048278 
-14.21479672940974 
-14.25513896855154 
-14.214450239269315 
-13.943407122784013 
-13.141477025556975 
-13.989783963719315 
-13.951220859632341 
-14.777863271459022 
-15.143389994227899 
-13.301915454429395 
-13.687761986245684 
-13.874403972089162 
-13.854394363418418 
-13.64526220819996 
-13.686022560959838 
-15.03647541497417 
-15.465605180646701 
-15.298320504161243 
-15.373559546292451 
-15.442130704103056 
-15.549414462258131 
-15.566006208032992 
-15.785672983117568 
-16.95163930177382 
-15.91728931879843 
-16.159311926957088 
-15.818131298739996 
-15.805525888478833 
-15.774628683827304 
-15.75978304440106 
-13.612771504027297 
-14.091430213490261 
-15.127221852647299 
-16.127702891353447 
-16.06647474846623 
-16.02733166098169 
-16.100199503040002 
-15.671357986798037 
-16.499402341445162 
-15.296641715355236 
-15.481639702673714 
-15.299034286208025 
-15.299169259019395 
-15.142071429165457 
-15.636280666648833 
-16.190672541287924 
-16.21530503386462 
-15.997340641978099 
-16.080893394891586 
-16.050649063383435 
-15.72763604858736 
-17.18009211008778 
-17.780264642762106 
-18.057307536823707 
-17.61666494052587 
-17.65837873459063 
-17.565902790919093 
-15.969264345683316 
-15.924493328571753 
-16.298655544541557 
-16.00943295529009 
-16.13376361192292 
-16.123375713617747 
-16.279822020016372 
-16.310523350508348 
-14.514590465868135 
-13.980680079526266 
-14.617822004942903 
-14.623689281429604 
-15.294408233388289 
-15.190334909833455 
-15.341553526327179 
-14.940694995998049 
-14.884849512939367 
-14.27086672349446 
-14.246027486273128 
-14.665572999296485 
-14.74395303270188 
-14.728437882504128 
-14.676894804416172 
-14.5374810901668 
-14.72123760630908 
-15.251598026370882 
-15.055361963436797 
-15.021651721716147 
-15.076857824129599 
-14.922909909385556 
-14.814879999045171 
-15.019751492821264 
-14.621813341190368 
-15.00899363779748 
-15.06020224124778 
-15.152603925838608 
-15.2316506940498 
-14.462593567221864 
-14.630813786946185 
-14.737955346617499 
-14.648848056995508 
-14.40259726573987 
-14.4040693261105 
-14.88738704408354 
-14.899554700748805 
-15.11981714668443 
-15.287830184342077 
-15.29113701926251 
-14.519646912428954 
-14.448776514556862 
-14.393181880526829 
-14.373334216260915 
-14.379871151029036 
-14.378548764165462 
-14.328843765077398 
-14.478451044159863 
-14.12578191129485 
-14.161951460701712 
-14.279277620319895 
-14.390072872515889 
-14.273582634760912 
-14.16279657164221 
-13.965731631849161 
-14.38682693860199 
-14.275990968964114 
-14.456797521042342 
-14.466824337729577 
-14.438175829951632 
-14.423566210597295 
-14.43253931229783 
-14.796561840255098 
-15.061092794264841 
-13.934498629726363 
-13.471807382356369 
-14.091877956524916 
-13.880332822017742 
-13.554887201101476 
-11.912982238668082 
-12.750417680562858 
-13.670001352466917 
-13.744548616607668 
-13.851648299106003 
-13.858779297182412 
-14.172199847944434 
-14.314670058188785 
-14.097371294851525 
-13.67398586922614 
-12.754370525671769 
-12.503597608315175 
-10.85485874342448 
-11.172976699733947 
-11.172683933736154 
-11.600095450437149 
-11.084472688414376 
-12.573636146149955 
-12.583068456986906 
-12.650651566138954 
-14.021607856381214 
-14.213322412117742 
-14.236280479391707 
-14.24209442745913 
-14.18709997753655 
-13.892169005622236 
-13.909486462450332 
-14.351407416034348 
-13.529626944744003 
-13.003370037704421 
-12.701932235081498 
-12.875325024265017 
-12.823525198871533 
-12.920085699213484 
-13.10657158647675 
-12.670701951285634 
-14.293648058499604 
-15.164593752869878 
-15.142507939752498 
-15.35688237702864 
-14.12719848824237 
-15.003416558978511 
-14.94205848513719 
-14.057473663365679 
-14.110301025255119 
-14.893199879518287 
-14.882199788107355 
-14.763888281840256 
-14.644894316495117 
-14.143717024614489 
-13.912539751137583 
-14.022563495382851 
-14.091390287344783 
-14.06892626309705 
-14.05220001954598 
-13.999905046487017 
-13.579426766680882 
-11.771527500727295 
-12.240670813693656 
-12.092410832360752 
-11.583922259583039 
-11.50463087142305 
-11.516023932740444 
-11.60519763670924 
-12.804752126425734 
-12.655774074332507 
-12.928193985581405 
-15.185702385832633 
-13.650921742003648 
-15.364147121272191 
-15.740801979309136 
-15.745162658081231 
-15.852349650700765 
-15.833134536254825 
-15.842087196995585 
-15.88113112648588 
-15.424490702600169 
-15.55773530298531 
-15.640575148645148 
-15.67147070300096 
-15.699965138902225 
-12.941314650540624 
-11.126373015274204 
-11.317236410482057 
-11.313873630465435 
-11.258640670193795 
-11.285437339718802 
-11.437933318919885 
-12.093796605662698 
-11.64565405086505 
-11.81996607589377 
-11.819904535403989 
-11.312900521376287 
-12.829402547328606 
-12.85360495093231 
-12.848943732017618 
-11.95049393122805 
-11.828950775252162 
-11.851609691918645 
-11.922969369709438 
-11.79018709659241 
-12.195686665972037 
-10.583223190073666 
-10.05775794989042 
-10.046077256855526 
-11.690529769095884 
-12.017840517856492 
-11.693920742480111 
-12.220169844206104 
-12.021956832159187 
-12.093176920676799 
-11.849264397482441 
-11.977962481854048 
-11.977851987979598 
-11.938157874943444 
-12.286076566051795 
-12.05274118493531 
-12.300244394565098 
-12.682569719627013 
-12.713330523885492 
-12.86313762552103 
-12.81089805804858 
-12.703916038296217 
-13.054027316455553 
-13.288753298112573 
-13.400196679541017 
-13.373091088561159 
-12.613951974331856 
-12.839192880269103 
-12.594951500975192 
-12.569833359462617 
-11.534207211549967 
-12.151697238139135 
-12.870789122412681 
-12.840825647367218 
-12.570004524997888 
-11.913030368108444 
-13.29088051852269 
-13.510521854084876 
-12.825996571290931 
-13.028248072302189 
-12.894706471384811 
-12.913390965799387 
-13.574193544800313 
-13.627004339436425 
-13.630913464772556 
-13.630597327184693 
-13.649143902335858 
-13.137630828685758 
-9.615680592113687 
-8.50508743367667 
-8.534257751613891 
-9.946134130901212 
-10.06251919082283 
-7.737311386925911 
-9.8476295394611 
-10.172331491630741 
-9.95949054809241 
-9.856681793179767 
-9.756573733676852 
-9.681273381254423 
-10.052436988201928 
-10.070687297688396 
-9.80304623521841 
-9.837207122210373 
-9.841943311896394 
-8.655475094838145 
-8.60828504489888 
-8.930974905756923 
-8.78611092778515 
-8.973942395279956 
-8.898834873381071 
-6.741203945645587 
-8.604807014027324 
-10.63493759945566 
-11.047398558312981 
-11.396525164375525 
-11.642994830278344 
-11.51086163910659 
-11.545677143988529 
-11.677161047236616 
-11.690831466018377 
-11.627349876205974 
-11.85774895332722 
-11.912421869717669 
-12.025574486585402 
-12.914701402284136 
-13.076773935126523 
-12.542856746432983 
-12.569406820377374 
-9.48864677589081 
-10.256052070245651 
-8.768599754332962 
-8.81943365240221 
-9.668059037305687 
-9.834461624971738 
-9.873603339114876 
-10.202723867293633 
-10.372326522744014 
-10.776604580041262 
-11.120487798521857 
-11.45823748363616 
-11.47035104933672 
-11.970094643426261 
-12.030448024126922 

 Time 
81.18341112136841 
