Energy 
 
2.6208494160309734 
2.63737545697517 
2.4104433978004405 
2.0973084000505153 
1.250972246094833 
0.09544983235425053 
-0.6152426268824682 
-1.2721929837134962 
-2.532727184775567 
-2.6682398769918065 
-3.44012473057514 
-3.6947854871307277 
-5.064125378130908 
-5.225867240380253 
-5.291864107487407 
-5.2931410244238695 
-5.447731389919694 
-5.448432749481942 
-5.517116722638049 
-5.180506104574892 
-5.409905917248524 
-4.361231579866862 
-4.590776167254015 
-4.888659984406655 
-4.897830995404816 
-4.982736596540807 
-5.1062003861787595 
-4.974386250340042 
-6.002453342178119 
-6.114947342220192 
-6.2273425549068815 
-6.8256412959177535 
-6.921248043124302 
-7.2399592679319085 
-7.234165875165577 
-7.260485289714127 
-7.219219772831975 
-7.4482821064085 
-7.442053363809381 
-7.482237469478931 
-8.129292884366244 
-8.332763670144127 
-8.597106968906603 
-9.622741401579498 
-9.597708047981598 
-9.706471412918319 
-9.754039610837202 
-9.906648075933928 
-9.905184077600396 
-10.235466874028958 
-10.222122461355694 
-10.227234127626197 
-10.496281049126326 
-10.510498211025782 
-10.502003279192857 
-10.427821770959799 
-11.229649090758567 
-11.217320691028538 
-11.156725240530088 
-11.316010197145305 
-11.345161857835663 
-11.197105129735647 
-11.323318095509418 
-11.352358065822193 
-11.422097112924122 
-11.669408567218802 
-11.794920411272214 
-11.769103804751172 
-11.780964588869194 
-12.038660358936303 
-11.997687604881431 
-12.19953815403939 
-12.183453360395223 
-12.338089037625679 
-12.335985609246599 
-12.200351806675485 
-12.273231149793215 
-12.339836598232125 
-12.141709460378998 
-12.15590452385419 
-12.45993470087755 
-12.503469492179944 
-12.495501772586966 
-12.517592432438544 
-12.699988139052634 
-12.881350032153408 
-12.939641683705679 
-12.795629692802603 
-12.9054158096042 
-12.88280899031142 
-13.093711808153211 
-13.351881269706876 
-13.266773180124911 
-13.200839967532586 
-13.138970828581437 
-13.189142487373244 
-13.191641386268245 
-13.237094417783124 
-13.58455229598295 
-13.609078345400413 
-13.595371893420202 
-13.556769232964777 
-13.556645559495134 
-13.743946437858076 
-13.766233781078359 
-13.801268169233905 
-13.846588138456623 
-13.869888334277746 
-13.841139493108289 
-13.968804405017654 
-14.035260942516969 
-14.04663877763123 
-14.145365273445698 
-14.200616523885952 
-14.205963361887804 
-14.230542403991894 
-14.26914135101238 
-14.271347324736121 
-14.281666096783077 
-14.281069900833668 
-14.281765054754388 
-14.28589248800495 
-14.285558390912493 
-14.294416201347616 
-14.312884473712703 
-14.32634842433671 
-14.417495617519412 
-14.41590748652317 
-14.416360159965256 
-14.413380953545367 
-14.437383593349626 
-14.465646117720157 
-14.477058392441018 
-14.477612635788804 
-14.49042314529973 
-14.499975199547936 
-14.499418579422336 
-14.496942625579555 
-14.499513821574778 
-14.499362148800191 
-14.51814558145786 
-14.527399161532934 
-14.527557703641637 
-14.526736153857005 
-14.526749055008594 
-14.553085254805673 
-14.556233123760675 
-14.559319399421444 
-14.57914581276922 
-14.579112314147405 
-14.578562951388788 
-14.585129089638627 
-14.585946209397303 
-14.588374968767198 
-14.589808473795726 
-14.591470135439817 
-14.59547550143794 
-14.603565321364485 
-14.603523183238503 
-14.603510382903096 
-14.603178729872097 
-14.603399752334846 
-14.607376726608559 
-14.61162088481208 
-14.61211860525331 
-14.611860590796368 
-14.611619332449415 
-14.611373976382614 
-14.617498348580462 
-14.606728332464835 
-14.603142014134455 
-14.60460751960506 
-14.605023473939795 
-14.612234128970254 
-14.619313440123396 
-14.61904288804849 
-14.620383328762168 
-14.622410227095088 
-14.625039387737177 
-14.627315496044545 
-14.634161114665512 
-14.634344425258481 
-14.634890755243175 
-14.634876820691574 
-14.638960411497546 
-14.640141032562122 
-14.640367723772913 
-14.640282172163253 
-14.64026219039372 
-14.640891089569333 
-14.641014130691921 
-14.641273732630362 
-14.641532069165805 
-14.641529545311542 
-14.641558983946654 
-14.641653743478756 
-14.641785470227855 
-14.642864784899505 
-14.64282434296399 
-14.646048943247052 
-14.646021377798219 
-14.646021546541933 
-14.646236213606166 
-14.64767425985173 
-14.647827866048202 
-14.648342776182453 
-14.648468115566398 
-14.648458470408755 
-14.64857375278068 
-14.64855797655152 
-14.6507779710211 
-14.651277783045991 
-14.650850265371927 
-14.650981880103828 
-14.65109966046865 
-14.651122566277095 
-14.652268880281545 
-14.652393570900664 
-14.652371273728738 
-14.65235574207501 
-14.652750937726266 
-14.652914320980559 
-14.652982389994369 
-14.654022996881269 
-14.654785234547102 
-14.654768933705533 
-14.654639635872808 
-14.6545319070126 
-14.654580603897156 
-14.654492825523159 
-14.655854591675293 
-14.656007920039913 
-14.656046947516352 
-14.656757855732783 
-14.656740910511894 
-14.657893379579392 
-14.659649653423347 
-14.660143244489033 
-14.660683679418137 
-14.660791208813848 
-14.660953404749952 
-14.660814507510633 
-14.660785824819735 
-14.660919552753105 
-14.660954644303683 
-14.660850297986384 
-14.662164451188893 
-14.661903010646657 
-14.661932723248428 
-14.661930515506628 
-14.662420056801473 
-14.663204093956985 
-14.663370594408255 
-14.66430982071351 
-14.664691349223359 
-14.665018383287311 
-14.665082267461527 
-14.665090485306042 
-14.665378804885965 
-14.667552722017417 
-14.668047507821019 
-14.668179123784391 
-14.668104984078726 
-14.668384655237752 
-14.667992408281405 
-14.66807371226302 
-14.668760388447918 
-14.668696056115971 
-14.670505726161085 
-14.670470457387937 
-14.67076437136014 
-14.670754800100946 
-14.670426533979018 
-14.67065197926838 
-14.671258824648774 
-14.670929662594986 
-14.670840477425763 
-14.670865841918982 
-14.670825871097751 
-14.670683841437267 
-14.670377497612884 
-14.67126157127714 
-14.671653819435246 
-14.671645125298054 
-14.671594739560183 
-14.671601517748494 
-14.672400093487544 
-14.672397741065929 
-14.673786059726389 
-14.674034974422998 
-14.673942624980112 
-14.675226218026555 
-14.675422989855333 
-14.676114184992025 
-14.6760524241669 
-14.675921438316294 
-14.675626151715488 
-14.676144410453151 
-14.678944848140956 
-14.68029291028928 
-14.680456073086217 
-14.680964252338462 
-14.680882734869364 
-14.680122936276248 
-14.680158941683123 
-14.680454739196723 
-14.680896716535202 
-14.68097301479864 
-14.681167890067655 
-14.681488174256248 
-14.681538894083008 
-14.681623996493483 
-14.683378777083533 
-14.684537817033348 
-14.686511121259942 
-14.687184225011254 
-14.68718550037688 
-14.68755732994612 
-14.688797729472169 
-14.68943650881416 
-14.689663215010444 
-14.68969496876412 
-14.689781323115852 
-14.690669353755343 
-14.69119230378389 
-14.691339338850526 
-14.69174333740851 
-14.691722667230062 
-14.691593174373155 
-14.692257783255137 
-14.692203995570654 
-14.69523288425941 
-14.695384213068962 
-14.69536835870138 
-14.695350684257647 
-14.695993239048475 
-14.69640097555205 
-14.698524790630728 
-14.698336541515438 
-14.698335429826706 
-14.698586608467103 
-14.698526534757464 
-14.70272262387503 
-14.702681625102683 
-14.703053766520782 
-14.703060404495172 
-14.703979524070382 
-14.704191153698847 
-14.705182351534797 
-14.70519399320512 
-14.705319280370674 
-14.705425449235104 
-14.706579394537028 
-14.707252522971352 
-14.707472315601768 
-14.708592894155048 
-14.70857892696815 
-14.70905961931791 
-14.708878673548305 
-14.709050455149296 
-14.709341728843103 
-14.70948907985913 
-14.71004350805129 
-14.710358914396227 
-14.7104314323945 
-14.710506327198882 
-14.710916777368176 
-14.711448735343787 
-14.711453643564774 
-14.713082910353567 
-14.715210669050817 
-14.715404381364033 
-14.71577180692641 
-14.717666119277974 
-14.720264850290395 
-14.720220805620661 
-14.720539808787915 
-14.72080046037294 
-14.720822251194285 
-14.720792922672242 
-14.722206366195861 
-14.722461409272025 
-14.722461398901556 
-14.722474402215589 
-14.722821391054005 
-14.72320887441219 
-14.723253311627417 
-14.723267738371392 
-14.723531649368685 
-14.723730190549153 
-14.723734496230009 
-14.724516001303726 
-14.725165602295538 
-14.725052353156261 
-14.724975463622084 
-14.724976454397082 
-14.725242236585387 
-14.725171420321843 
-14.72520238030404 
-14.725354145797255 
-14.725299522104502 
-14.725254054289707 
-14.725267648480962 
-14.725308977133341 
-14.72530810572151 
-14.72576225372035 
-14.725854875147263 
-14.725878559523263 
-14.725864985702676 
-14.72585593241431 
-14.726260783424816 
-14.726821312875785 
-14.726873528138894 
-14.726918178521217 
-14.726921524636268 
-14.7269218416989 
-14.726882624002656 
-14.726816087934731 
-14.726904415153165 
-14.72721123742237 
-14.72719310845801 
-14.727221335992803 
-14.727475918994356 
-14.727740109979106 
-14.72772769952096 
-14.727626574799293 
-14.727726228204494 
-14.7278520991406 
-14.727844606139385 
-14.727814770298048 
-14.727882543308448 
-14.727891088457243 
-14.727969309950714 
-14.727930035936595 
-14.727953427975907 
-14.728242499517718 
-14.728484860288631 
-14.72858587844367 
-14.728583094894482 
-14.728582964064618 
-14.728692989950712 
-14.72868876825556 
-14.728634161229976 
-14.72859460835487 
-14.728683551913187 
-14.729282143287554 
-14.729270574465072 
-14.729375100753032 
-14.72963599445058 
-14.729718588983511 
-14.729710277904422 
-14.729734540018242 
-14.729742225241134 
-14.72985355167159 
-14.729910957097244 
-14.729921949022668 
-14.729952094849814 
-14.729962126773206 
-14.730146598345199 
-14.73014841599475 
-14.73021995385658 
-14.730215892140869 
-14.730374675208942 
-14.730482195917327 
-14.73047081139371 
-14.73046452485948 
-14.730512628529949 
-14.730526327296404 
-14.730860015300678 
-14.730847533137064 
-14.730855386998229 
-14.730861920496093 
-14.730912268341145 
-14.730995944890866 
-14.730989241154516 
-14.73099207169942 
-14.73101975509902 
-14.731015216047409 
-14.731012404648641 
-14.731016187237543 
-14.731022155762583 
-14.731024919378589 
-14.73133054535771 
-14.731325167758994 
-14.731323736843938 
-14.73137333166836 
-14.731373097684154 
-14.731526459445439 
-14.731563531052213 
-14.731501679208058 
-14.731544975616245 
-14.7317523092472 
-14.731754394187073 
-14.731771986160464 
-14.73187583065639 
-14.731896438780856 
-14.731904637646615 
-14.731906961352395 
-14.73191938635713 
-14.731922521294454 

 Time 
28.611449003219604 
