Energy 
 
3.8998005448887016 
2.6625107696431165 
0.9709582998957096 
-1.1269195958534586 
-3.360502296608698 
-5.674801971871557 
-7.366727814517257 
-8.916239600311041 
-10.185688686218752 
-11.211530456912731 
-12.098351875419942 
-12.862018259981065 
-13.527325505189358 
-14.137628139420954 
-14.702834743918617 
-15.20658870676518 
-15.675407457321665 
-16.114937288699526 
-16.52773635068404 
-16.914896049935837 
-17.28553488457481 
-17.637738021867445 
-17.99222967773769 
-18.32723215575093 
-18.625606663565417 
-18.915662404803307 
-19.25032125316305 
-19.604905553287857 
-19.903063225061004 
-20.266296644934762 
-20.535217721096693 
-20.786010160380666 
-20.992176784035454 
-21.18799541816602 
-21.372665289514636 
-21.55075451194904 
-21.73782381954031 
-21.912560506204716 
-22.076471929785622 
-22.230678609496408 
-22.388732394490525 
-22.525772386835406 
-22.65454251611958 
-22.776114309701658 
-22.871647163327413 
-22.982666530135635 
-23.140283676026765 
-23.26648755354891 
-23.367319458247422 
-23.457876645500235 
-23.54405165057907 
-23.621259823970348 
-23.693700178337117 
-23.759466056144607 
-23.82024936838505 
-23.875167543171777 
-23.924174218932382 
-23.967489825042986 
-24.003945974891742 
-24.020975906063647 
-24.077356909810064 
-24.11979180732402 
-24.155798783752807 
-24.189054261952563 
-24.21978799686041 
-24.251924855342132 
-24.280593941507476 
-24.308846030246308 
-24.335153154648204 
-24.360923321212347 
-24.38586588918873 
-24.41057647439866 
-24.434242630489987 
-24.45855561686485 
-24.47400999430681 
-24.49026068519911 
-24.509768189629533 
-24.535827389937353 
-24.562970666316307 
-24.559421046099303 
-24.58753234602559 
-24.611243190313115 
-24.63343749103503 
-24.65411376859563 
-24.67448299227217 
-24.6921032555374 
-24.709962386338287 
-24.72732979605552 
-24.74399174839401 
-24.76014510787405 
-24.77553462736643 
-24.790651711721882 
-24.80519049707209 
-24.819314100659682 
-24.83304535884743 
-24.845163781181167 
-24.859686313012602 
-24.872310504794687 
-24.88451917120407 
-24.896204387520644 
-24.906325281287028 
-24.91120802348239 
-24.906937337790048 
-24.925007207953723 
-24.945286888883565 
-24.949005635327808 
-24.947545012453162 
-24.920919739236627 
-24.937404363556357 
-24.93714177992079 
-24.957386974779133 
-24.982325099528953 
-25.034761766137304 
-25.04779502886865 
-25.020659581650186 
-25.065203065953053 
-25.076414843916325 
-25.085791984258446 
-25.09450105859119 
-25.102657289576516 
-25.11049729806928 
-25.118238370154547 
-25.125734389602982 
-25.134819793872204 
-25.14343513360552 
-25.15163518465653 
-25.159382118761123 
-25.165949056247435 
-25.16750746661399 
-25.181652380960443 
-25.187629924535543 
-25.1930897719015 
-25.19831418468485 
-25.20368593205464 
-25.20930601856523 
-25.210646858295778 
-25.207869470607218 
-25.19947269504751 
-25.225686627994577 
-25.231051503924242 
-25.23505001199083 
-25.233479406442335 
-25.23071467122951 
-25.232121050339043 
-25.252768190905332 
-25.258338573798724 
-25.261728428044517 
-25.264285007504032 
-25.261229066811378 
-25.270482869241242 
-25.273969934085898 
-25.276857881973505 
-25.279554169192846 
-25.282126066805706 
-25.284667818516375 
-25.287047273213297 
-25.28931522733564 
-25.291512078785505 
-25.293629000219035 
-25.295700828342103 
-25.29771654311013 
-25.299677714587933 
-25.30154908855196 
-25.30330691584746 
-25.304712694422545 
-25.306226074375346 
-25.307763180656412 
-25.309451648314226 
-25.311008589759798 
-25.31271556964402 
-25.31433492472685 
-25.31631000023007 
-25.317989386765895 
-25.31944875320631 
-25.320854596657483 
-25.32219158973226 
-25.32353389833683 
-25.324833955651776 
-25.32607441524011 
-25.327266835292093 
-25.328422450036193 
-25.329528433399933 
-25.330597039286925 
-25.331634735270114 
-25.33265165356036 
-25.33363413555297 
-25.334587945578143 
-25.335530869038493 
-25.336453858001544 
-25.337348025726413 
-25.338216020385985 
-25.339064348329543 
-25.33989033649961 
-25.34069411944771 
-25.341479602367432 
-25.342247312073866 
-25.34299509173064 
-25.343722152997948 
-25.344430451174073 
-25.34511950143041 
-25.345801790094736 
-25.346461483921683 
-25.347101508622274 
-25.347724043319204 
-25.348330276524123 
-25.348921584728053 
-25.34949386175484 
-25.350050160584527 
-25.35059324233724 
-25.351119978172093 
-25.351625678857857 
-25.352124411464622 
-25.352610282018816 
-25.353084495303875 
-25.353547480222495 
-25.35400430808067 
-25.35445009836055 
-25.354886621257517 
-25.3553129293685 
-25.355731510461755 
-25.356138931825512 
-25.35654118710681 
-25.356934491772343 
-25.35732135522281 
-25.357699353306934 
-25.35807309442977 
-25.35843496427582 
-25.358790943982015 
-25.35913688688004 
-25.359479918717778 
-25.35980933118411 
-25.360135237577115 
-25.36045536820848 
-25.360767040326678 
-25.361072791535786 
-25.361373197856878 
-25.361662733720483 
-25.361946469178882 
-25.36222263589644 
-25.362491428689363 
-25.362754603636613 
-25.363009405757616 
-25.363259855416782 
-25.363504141033612 
-25.36374374801758 
-25.363976936090808 
-25.36420368892546 
-25.364424518123183 
-25.364639670671473 
-25.36485031438419 
-25.3650518100589 
-25.365247121638596 
-25.365437336018346 
-25.36562370420438 
-25.36580534642371 
-25.365984131686606 
-25.366158863246746 
-25.366329089322385 
-25.36649553207021 
-25.366656180808338 
-25.36681241996963 
-25.366966353970234 
-25.367115343026178 
-25.367259989433386 
-25.367400729216193 
-25.36753702779594 
-25.36766954486725 
-25.367796917551004 
-25.36792114766474 
-25.36804147809168 
-25.368159682455236 
-25.368275028378957 
-25.368387570534257 
-25.36849747320511 
-25.368604884656357 
-25.368707389548895 
-25.36880712273009 
-25.36890443583131 
-25.36899881369949 
-25.369090254047055 
-25.36917900241888 
-25.369265009906115 
-25.36934985497591 
-25.369432662419122 
-25.369514081585784 
-25.369593493854225 
-25.36967122255405 
-25.36974683533833 
-25.36982074236636 
-25.369890606767186 
-25.369958957706462 
-25.37002533306702 
-25.37009025067291 
-25.370153552475557 
-25.370215360902755 
-25.370275993834934 
-25.37033532167942 
-25.370393322224665 
-25.370450076272157 
-25.37050583394624 
-25.370560412519577 
-25.370613847067798 
-25.370666264351946 
-25.370717547760872 
-25.370768143509686 
-25.37081754428822 
-25.3708662058698 
-25.370913720764637 
-25.370960204787824 
-25.371005473009678 
-25.371049777079076 
-25.371093093320255 
-25.371135374351564 
-25.37117675750785 
-25.371217127427304 
-25.371256651400294 
-25.37129532992374 
-25.37133260973044 
-25.371369115201116 
-25.37140499985793 
-25.371441139801107 
-25.371476023374317 
-25.371510216895906 
-25.371543399463896 
-25.371575547548602 
-25.371607013774423 
-25.37163773401155 
-25.37166783929305 
-25.371696680574093 
-25.371725072064073 
-25.371752387616755 
-25.37177911943541 
-25.371805292138788 
-25.371830804570315 
-25.371855692329863 
-25.371880068509004 
-25.371903656665335 
-25.37192670535508 
-25.37194924405088 
-25.371971302721033 
-25.371992912710972 
-25.372014088571905 
-25.37203479333322 
-25.37205501643676 
-25.372074575680866 
-25.372093646608462 
-25.372112333391005 
-25.372130694569314 
-25.37214869424835 
-25.372166381686736 
-25.3721837224072 
-25.37220077597625 
-25.372217496496546 
-25.372233838493948 
-25.372249948487326 
-25.37226573916044 
-25.372281173509567 
-25.372296676544238 
-25.372311858724398 
-25.372326735800506 
-25.37234127102266 
-25.372355501991283 
-25.372369408747677 
-25.372383155452447 
-25.37239662032878 
-25.37240974175175 
-25.37242260156726 
-25.372435188626895 
-25.372447508961997 
-25.372459633040666 
-25.372471487478148 
-25.372483112941786 
-25.372494528379054 
-25.372505793692625 
-25.37251674643045 
-25.372527456502407 
-25.372538018622024 
-25.37254886705229 
-25.372559496040797 
-25.372569867558823 
-25.372580005834973 
-25.37258992014156 
-25.372599635377735 
-25.372609103553703 
-25.372618380788186 
-25.372627432792747 
-25.37263632815825 
-25.372644924546634 
-25.37265333761081 
-25.372661555147445 
-25.372669596659843 
-25.37267747488821 
-25.37268515017752 
-25.37269266567203 
-25.372700017909377 
-25.37270721382863 
-25.37271421873295 
-25.372721078337378 
-25.37272780091417 
-25.372734284638497 
-25.372740633894804 
-25.372746889245928 
-25.372752982326418 
-25.372758947178806 
-25.372764789997895 
-25.372770520773962 
-25.37277613841747 
-25.372781639212512 
-25.37278709031359 
-25.372792420889283 
-25.372797584335387 
-25.37280264232754 
-25.372807603330003 
-25.372812464717974 
-25.372817226119903 
-25.372821889879745 
-25.372826537465265 
-25.37283109377124 
-25.372835531465903 
-25.372839889304785 
-25.37284415238145 
-25.372848327202206 
-25.372852450070685 
-25.372856485940165 
-25.37286041294345 
-25.3728642626262 
-25.372868033796184 
-25.37287172601273 
-25.372875340429815 
-25.372878893474706 
-25.372882372999893 
-25.372885779037908 
-25.372889124879254 
-25.372892387615963 
-25.37289559319086 
-25.372898724818363 
-25.372901792326967 
-25.37290478516055 
-25.372907702226602 
-25.372910538281445 
-25.37291331290922 
-25.372916051159027 
-25.372918713462248 
-25.372921323568665 
-25.372923879995454 
-25.372926375086355 
-25.372928830021912 
-25.37293123327623 
-25.37293358389166 
-25.37293587553804 
-25.37293812010108 
-25.372940318225357 
-25.37294247111203 
-25.372944579235998 
-25.372946637972476 
-25.37294865456893 
-25.372950637887282 
-25.372952586871648 
-25.372954501304847 
-25.372956372100504 
-25.37295820417378 
-25.372960002362348 
-25.37296176026182 
-25.372963476146502 
-25.372965156413414 
-25.372966806913556 
-25.37296839440053 
-25.37296994700656 
-25.372971471154607 
-25.372972964640617 
-25.3729744276326 
-25.37297586752242 
-25.37297726994643 
-25.372978640403012 
-25.372979977930697 
-25.37298128637306 
-25.372982567885742 
-25.372983822986452 
-25.372985048488314 
-25.3729862508601 
-25.372987428266747 
-25.37298858098767 
-25.372989711042884 
-25.37299081804391 
-25.372991905800596 
-25.37299297649021 
-25.372994022047646 
-25.37299504542195 
-25.372996048157194 
-25.372997031112043 
-25.372997993839746 
-25.372998942681537 
-25.372999872366883 
-25.37300078573761 
-25.373001677959326 
-25.37300254393383 
-25.373003390662042 
-25.373004219034247 
-25.373005030785777 
-25.373005827371312 

 Time 
401.6369938850403 
