Energy 
 
3.8998005448887016 
3.8998005448887016 
3.1781724837015926 
2.4621017666185927 
1.7529545984901327 
1.0519929860938468 
0.36036755909580254 
-0.32088745441940103 
-0.9908571333374785 
-1.6487467323000338 
-2.2938806383973698 
-2.925699576750194 
-3.5437562562742 
-4.147709670513955 
-4.737318284843122 
-5.3124323502748965 
-5.872985585583036 
-6.418986463672864 
-6.950509325753846 
-7.467685528728953 
-7.970694808441501 
-8.459757015269808 
-8.935124350354416 
-9.397074201776983 
-9.845902651472832 
-10.281918696575925 
-10.705439204090341 
-11.11678459586077 
-11.516275242163461 
-11.904228527043335 
-12.280956536787892 
-12.646764314516501 
-13.001948618521604 
-13.346797119396129 
-13.68158797073688 
-14.006589689929223 
-14.322061288785378 
-14.628252598248654 
-14.925404736628284 
-15.213750676580617 
-15.493515872026315 
-15.764918912162353 
-16.028172175507315 
-16.28348246236706 
-16.531051589122676 
-16.7710769322569 
-17.003751914008376 
-17.229266424965044 
-17.44780718178471 
-17.65955802058604 
-17.86470012842092 
-18.0634122166658 
-18.255870641197667 
-18.44224947490615 
-18.622720538482262 
-18.797453395569093 
-18.966615318303234 
-19.130371229062966 
-19.28888362390699 
-19.44231248276868 
-19.590815170996333 
-19.734546336322946 
-19.87365780482959 
-20.00829847895233 
-20.138614240084166 
-20.26474785785339 
-20.386838907721533 
-20.50502369814432 
-20.619435208180015 
-20.730203036111593 
-20.83745335937109 
-20.94130890581892 
-21.04188893622854 
-21.13930923766455 
-21.233682127307194 
-21.325116466173984 
-21.413717682110857 
-21.49958780136932 
-21.58282548805227 
-21.66352609069125 
-21.741781695214698 
-21.81768118357432 
-21.891310297314185 
-21.962751705391714 
-22.032085075592217 
-22.0993871489121 
-22.164731816326434 
-22.228190197395968 
-22.289830720210144 
-22.349719202205453 
-22.40791893143896 
-22.46449074793729 
-22.519493124781086 
-22.572982248621418 
-22.62501209936106 
-22.67563452876612 
-22.72489933780533 
-22.77285435254319 
-22.819545498439922 
-22.865016872936167 
-22.909310816222483 
-22.952467980114353 
-22.994527394972256 
-23.03552653462226 
-23.07550137924832 
-23.114486476239666 
-23.152514998989695 
-23.18961880365164 
-23.225828483866 
-23.26117342348249 
-23.295681847305435 
-23.329380869897545 
-23.36229654248166 
-23.39445389798357 
-23.42587699426276 
-23.456588955580052 
-23.486612012353127 
-23.515967539252056 
-23.544676091688594 
-23.57275744075246 
-23.600230606649326 
-23.6271138906935 
-23.65342490590974 
-23.67918060629629 
-23.704397314801554 
-23.72909075006579 
-23.753276051977043 
-23.776967806091157 
-23.800180066962504 
-23.822926380432158 
-23.845219804918113 
-23.8670729317509 
-23.888497904596385 
-23.909506438006456 
-23.93010983513624 
-23.950319004665428 
-23.970144476959717 
-23.989596419507222 
-24.008684651662673 
-24.027418658731378 
-24.045807605423562 
-24.063860348708104 
-24.08158545009352 
-24.098991187363275 
-24.116085565790144 
-24.132876328854937 
-24.14937096849184 
-24.165576734883313 
-24.181500645825185 
-24.197149495682265 
-24.21252986395383 
-24.22764812346687 
-24.242510448215 
-24.257122820859223 
-24.27149103990665 
-24.28562072658195 
-24.299517331406207 
-24.31318614049622 
-24.326632281597977 
-24.33986072986613 
-24.352876313400984 
-24.36568371855501 
-24.37828749501871 
-24.390692060696292 
-24.402901706380682 
-24.41492060023716 
-24.426752792104068 
-24.438402217619192 
-24.449872702179373 
-24.461167964741094 
-24.472291621469093 
-24.483247189239695 
-24.494038089005453 
-24.504667649027326 
-24.515139107979902 
-24.525455617935688 
-24.535620247233407 
-24.545635983235638 
-24.555505734980343 
-24.565232335731086 
-24.57481854543028 
-24.584267053059467 
-24.593580478910678 
-24.602761376772985 
-24.611812236036975 
-24.62073548372189 
-24.6295334864272 
-24.6382085522131 
-24.646762932412067 
-24.65519882337443 
-24.663518368151216 
-24.671723658115898 
-24.679816734528647 
-24.687799590044335 
-24.695674170167507 
-24.703442374655793 
-24.711106058874087 
-24.718667035101493 
-24.726127073792988 
-24.7334879047971 
-24.74075121853211 
-24.74791866712162 
-24.75499186549175 
-24.761972392430913 
-24.76886179161391 
-24.775661572591662 
-24.782373211747917 
-24.788998153223922 
-24.795537809812885 
-24.80199356382455 
-24.808366767921765 
-24.814658745929606 
-24.82087079361825 
-24.82700417946064 
-24.833060145365543 
-24.83903990738757 
-24.84494465641404 
-24.850775558830502 
-24.856533757165167 
-24.862220370712798 
-24.867836496139482 
-24.873383208068347 
-24.87886155964712 
-24.88427258309837 
-24.88961729025266 
-24.894896673065514 
-24.90011170411852 
-24.905263337105463 
-24.910352507303664 
-24.91538013203106 
-24.920347111089946 
-24.925254327197294 
-24.930102646402176 
-24.934892918491318 
-24.939625977382274 
-24.94430264150548 
-24.94892371417501 
-24.953489983948444 
-24.958002224976816 
-24.962461197344002 
-24.966867647396743 
-24.971222308065087 
-24.97552589917385 
-24.979779127745303 
-24.983982688293207 
-24.988137263108737 
-24.992243522538555 
-24.996302125254875 
-25.000313718518246 
-25.00427893843321 
-25.00819841019676 
-25.01207274834013 
-25.015902556963958 
-25.01968842996714 
-25.02343095126956 
-25.027130695028884 
-25.030788225851136 
-25.034404098996507 
-25.03797886057892 
-25.04151304776074 
-25.045007188942336 
-25.04846180394657 
-25.051877404198606 
-25.055254492901092 
-25.058593565204603 
-25.06189510837394 
-25.065159601950093 
-25.06838751790802 
-25.071579320810578 
-25.07473546795831 
-25.0778564095358 
-25.080942588754027 
-25.083994441989496 
-25.087012398919565 
-25.089996882654802 
-25.09294830986767 
-25.095867090918528 
-25.09875362997808 
-25.101608325147254 
-25.104431568573908 
-25.107223746566813 
-25.109985239707 
-25.11271642295621 
-25.11541766576305 
-25.118089332166434 
-25.120731780896598 
-25.123345365473874 
-25.12593043430506 
-25.12848733077743 
-25.131016393350933 
-25.133517955647758 
-25.135992346540302 
-25.138439890236786 
-25.140860906365248 
-25.14325571005519 
-25.145624612017933 
-25.147967918624598 
-25.150285931982776 
-25.1525789500113 
-25.15484726651338 
-25.157091171248055 
-25.15931095000024 
-25.16150688464916 
-25.163679253235138 
-25.165828330025228 
-25.16795438557714 
-25.170057686802007 
-25.17213849702577 
-25.17419707604903 
-25.176233680205943 
-25.178248562421714 
-25.180241972268878 
-25.182214156022418 
-25.184165356713756 
-25.186095814183574 
-25.188005765133617 
-25.18989544317738 
-25.191765078889677 
-25.193614899855454 
-25.195445130717296 
-25.197255993222058 
-25.199047706266903 
-25.200820485943904 
-25.202574545583918 
-25.204310095799926 
-25.20602734452899 
-25.2077264970738 
-25.209407756143147 
-25.211071321891794 
-25.212717391959405 
-25.214346161508878 
-25.215957823263757 
-25.217552567545194 
-25.219130582307894 
-25.220692053175622 
-25.222237163475867 
-25.223766094274048 
-25.22527902440691 
-25.22677613051523 
-25.22825758707636 
-25.22972356643541 
-25.23117423883673 
-25.232609772454033 
-25.234030333420545 
-25.235436085858186 
-25.236827191906688 
-25.23820381175156 
-25.239566103652265 
-25.24091422396927 
-25.242248327191028 
-25.243568565960253 
-25.24487509109995 
-25.246168051638676 
-25.247447594835748 
-25.24871386620555 
-25.24996700954193 
-25.251207166941796 
-25.252434478828484 
-25.253649083974544 
-25.254851119524513 
-25.25604072101688 
-25.257218022405883 
-25.258383156082996 
-25.2595362528979 
-25.260677442179293 
-25.26180685175511 
-25.2629246079727 
-25.264030835718387 
-25.26512565843691 
-25.266209198150516 
-25.267281575477625 
-25.26834290965138 
-25.269393318537695 
-25.270432918653185 
-25.271461825182666 
-25.272480151996596 
-25.273488011667933 
-25.274485515488973 
-25.275472773487873 
-25.276449894444784 
-25.277416985907912 
-25.278374154209267 
-25.279321504480027 
-25.28025914066596 
-25.28118716554237 
-25.28210568072883 
-25.283014786703806 
-25.283914582819026 
-25.284805167313532 
-25.28568663732769 
-25.28655908891678 
-25.287422617064607 
-25.28827731569678 
-25.289123277693754 
-25.289960594903857 
-25.290789358155866 
-25.29160965727166 
-25.292421581078536 
-25.29322521742147 
-25.294020653174833 
-25.29480797425461 
-25.29558726562972 
-25.296358611333794 
-25.297122094476187 
-25.297877797253435 
-25.29862580096001 
-25.29936618599942 
-25.300099031894685 
-25.300824417299072 
-25.30154242000622 
-25.302253116960813 
-25.302956584268244 
-25.30365289720491 
-25.304342130227894 
-25.30502435698476 
-25.305699650322957 
-25.306368082299503 
-25.307029724190024 
-25.307684646498146 
-25.308332918964442 
-25.30897461057543 
-25.309609789572267 
-25.310238523459585 
-25.31086087901404 
-25.311476922292766 
-25.31208671864158 
-25.312690332703575 
-25.313287828426844 
-25.313879269072828 
-25.314464717224052 
-25.315044234792055 
-25.315617883024956 
-25.31618572251528 
-25.316747813207268 
-25.31730421440442 
-25.317854984776798 
-25.3184001823682 
-25.318939864603394 
-25.319474088295003 
-25.320002909650665 
-25.320526384279727 
-25.32104456720008 
-25.32155751284487 
-25.32206527506914 
-25.322567907156216 
-25.32306546182429 
-25.3235579912327 
-25.324045546988305 
-25.32452818015152 
-25.325005941242583 
-25.32547888024756 
-25.325947046624375 
-25.326410489308536 
-25.326869256719174 
-25.327323396764697 
-25.327772956848403 
-25.328217983874254 
-25.328658524252308 
-25.329094623904194 
-25.329526328268628 
-25.329953682306545 
-25.330376730506725 
-25.330795516890653 
-25.331210085017823 
-25.33162047799086 
-25.33202673846055 
-25.332428908630735 
-25.33282703026323 
-25.333221144682717 
-25.333611292781608 
-25.333997515024585 
-25.334379851453456 
-25.334758341691654 
-25.33513302494893 
-25.335503940025752 
-25.33587112531784 
-25.336234618820512 
-25.336594458133085 
-25.33695068046325 
-25.33730332263112 
-25.337652421073585 
-25.337998011848544 
-25.338340130638766 
-25.338678812756257 
-25.339014093145913 
-25.33934600638982 
-25.339674586710963 
-25.339999867977202 
-25.34032188370505 
-25.340640667063525 
-25.34095625087769 
-25.341268667632637 
-25.341577949476974 
-25.341884128226408 
-25.34218723536748 
-25.342487302060835 
-25.342784359145025 
-25.343078437139766 
-25.343369566249223 
-25.34365777636579 

 Time 
61.58302855491638 
