Energy 
 
3.8998005448887016 
1.9934267542490758 
1.7966181349723562 
1.8193011867280369 
0.13408441650058878 
-0.48043527254877016 
-0.4705474679507413 
-1.9615370528097198 
-4.148903441763607 
-6.715819618481581 
-5.7567935173292035 
-6.58755812186394 
-6.739455659087157 
-6.967389293077224 
-6.135372143299496 
-6.61731923645863 
-6.842744394385159 
-6.841893169619746 
-6.642283075468761 
-6.752184386391279 
-6.674641572039303 
-7.809242515257285 
-9.747594418322713 
-10.047234548040016 
-10.453479377829161 
-10.452882419744569 
-10.586741606583878 
-12.397526857125705 
-12.137006454936765 
-12.079095596068422 
-12.423330800961985 
-12.994463389494587 
-12.992412772034934 
-12.830588814185322 
-13.508414251027775 
-13.42840557902234 
-11.363245434493663 
-10.75505971636366 
-10.480424163509886 
-10.542726586498055 
-10.460943045083406 
-10.47096847166613 
-10.691721155300453 
-10.32916560710932 
-10.712678067044465 
-11.726207399552859 
-11.7299052432325 
-11.756390722925037 
-12.495439746380992 
-12.878823737718522 
-13.001832508211969 
-13.366620297206628 
-13.32519384437407 
-13.656096715360523 
-14.164051858520502 
-14.141200589920075 
-13.925498478965235 
-11.688357755588722 
-11.690177083524304 
-12.346605607192817 
-12.350310408181038 
-12.39598142217962 
-13.290250105042043 
-13.201561423935306 
-13.201273722886526 
-10.878273191378101 
-10.846311363406935 
-11.27800120460239 
-11.349432647026338 
-11.31795325553459 
-12.163686640793212 
-12.175698158320081 
-12.245029963653565 
-12.236106562611278 
-12.470815911529114 
-9.893854475333494 
-10.000855087619842 
-10.30850449383843 
-12.106050457990316 
-11.925950545136011 
-8.330207205909476 
-8.54226819825759 
-8.970520000313538 
-9.021354652569975 
-8.803333324372844 
-7.291510876854783 
-10.03756324647336 
-10.248864263551553 
-10.258679782995408 
-12.841848629346217 
-12.95413561907044 
-13.707856729951356 
-13.351713680785876 
-12.624277947387538 
-12.820079073917281 
-7.139391126177067 
-8.533047310132474 
-9.894356917254735 
-10.183012459165614 
-16.301934240899996 
-16.163702386500784 
-15.309912947480335 
-14.654307560889475 
-15.74994601429941 
-16.136004800588132 
-15.588816993865874 
-16.301329627889576 
-16.325075843332847 
-14.129896707353884 
-14.33812654083452 
-14.409290917258332 
-14.096117923390413 
-13.687004980411091 
-12.650471465974334 
-13.035955975147154 
-12.671818750585718 
-12.742688578049446 
-12.757099124703599 
-12.748381224439008 
-12.763020030131706 
-13.134426186779873 
-13.376590007794784 
-13.492538431478863 
-14.283081229373147 
-15.468250878190032 
-15.380168064640783 
-9.468504958618892 
-10.259667534496312 
-13.190412134907994 
-13.489486645181554 
-14.70573434147452 
-14.535037312092086 
-14.576424997810744 
-14.588629721800057 
-14.678127402531526 
-14.233146622555228 
-13.126694630430306 
-11.703836259871046 
-12.312594300819013 
-12.017972192454671 
-11.900229483659535 
-11.93150364138356 
-12.115820415421823 
-11.897383422200342 
-11.574666135891004 
-11.261769721215785 
-8.63167489473848 
-9.853219797780548 
-10.081242411946269 
-12.058903880457962 
-12.430352612667305 
-12.27601713500604 
-12.287983367712238 
-10.705151356254191 
-10.713499944352883 
-10.857110403471857 
-10.753964455560528 
-10.22802794132741 
-9.806376380965602 
-10.203026773032512 
-10.028205194604102 
-9.462596358376587 
-9.891617168106027 
-9.763883789038147 
-10.199329431883136 
-9.786284921187027 
-9.570743816386956 
-5.965919229449432 
-3.845345166292236 
-5.133737939835662 
-5.117909857339889 
-9.527064735156836 
-9.540751329130895 
-10.96114452896996 
-11.220082671657963 
-10.146873030954367 
-10.133552117621804 
-10.229859825408639 
-10.220898379140323 
-11.494586606878217 
-11.997837415938621 
-12.015728155444727 
-12.406755154239203 
-13.335085200929102 
-9.969999801918174 
-10.098323608493594 
-10.168495935187256 
-11.189865919922934 
-11.817224478632546 
-11.840165463057787 
-11.683780331758165 
-12.023303641517963 
-12.074267310754658 
-11.778280537440013 
-10.564343231939647 
-9.679618446761088 
-8.885330082152661 
-8.907052133577274 
-8.910828455929972 
-9.153572031574083 
-9.164918800212881 
-9.131027621386824 
-9.002537640038295 
-8.603955645320257 
-7.9544628444773675 
-7.5683863641787825 
-7.778940810361073 
-7.637568850140422 
-7.638414126908829 
-8.252298903580867 
-12.853624472713392 
-12.871210836571043 
-12.545280265430481 
-12.678866818166581 
-12.559489508386852 
-12.369386748502347 
-12.250343019288927 
-12.266829276761051 
-12.28107278486493 
-12.340563452936228 
-12.51298665500209 
-12.571978004862924 
-13.205339927804124 
-13.425593461677705 
-13.433266560802092 
-13.249162091879557 
-13.231513794303066 
-13.408143477992025 
-13.651651700710351 
-13.567793586708715 
-12.192185697232295 
-12.969915499378647 
-12.744097059767922 
-12.675284214834331 
-13.773411340024879 
-13.656557738786166 
-13.479462196070589 
-13.934627394347476 
-12.587698400267225 
-12.441617223374497 
-12.881065699670634 
-13.096604749069359 
-10.779071671580954 
-11.646352341555817 
-10.94145652481723 
-11.299777188986083 
-11.010885703726037 
-10.319056134603299 
-9.56108195001473 
-9.651326405192679 
-10.035685458083092 
-10.607114244000684 
-10.327719760347186 
-4.245495290200093 
-2.3979528489455815 
-2.3592311663066243 
-2.4916519094818557 
-5.382423528745593 
-5.83189760156202 
-5.932649434767886 
-9.39420853209027 
-8.83977657850444 
-8.295465655664788 
-8.994096153576297 
-6.914205010533959 
-7.021999649161254 
-6.380694387194251 
-8.232728767315033 
-8.259604505395458 
-9.407168170118984 
-9.025515879668744 
-9.616353525307975 
-9.469270271948135 
-6.823345400666742 
-7.831605850096209 
-9.239698438838506 
-9.671019664918795 
-9.847183594484354 
-10.745842240306816 
-11.383529682729003 
-11.438333512649265 
-11.475998207834056 
-11.064739638219491 
-11.282134542638621 
-12.07176238196263 
-11.538336191002664 
-9.424711855136405 
-9.607277773194202 
-9.707015068269008 
-9.78638866590038 
-9.38409749815101 
-9.187855789171678 
-9.298683072728483 
-8.649931648173586 
-10.157695362079043 
-11.469931912150555 
-11.726906642225499 
-11.85087298093753 
-11.827278295672535 
-11.100115495839889 
-10.921695887353291 
-10.884487828873576 
-9.728674795517962 
-10.251659781061711 
-11.564954080599284 
-12.048483283265504 
-11.974658168439868 
-11.992547679698138 
-10.764777910378255 
-10.356393049902644 
-10.4385995468662 
-10.890433219957513 
-9.515761985929618 
-9.756194870752136 
-9.353736503709323 
-9.825125143595983 
-7.164500879600441 
-7.977053319429515 
-7.962098995309315 
-7.964551169640528 
-8.162073255659871 
-8.033588439389588 
-10.85867112881915 
-10.904299625702652 
-10.890293411915946 
-10.802465929072921 
-10.82180435622833 
-10.310015350191753 
-10.34393254042537 
-10.345659662114798 
-10.099321225162232 
-10.119699914182037 
-10.14123467558618 
-10.379520053743981 
-10.467280973288187 
-11.025357838369873 
-11.741139783048434 
-8.04915111319139 
-13.477731455830146 
-13.975306661751322 
-13.368745789599306 
-7.798780377714612 
-8.119395413823797 
-8.091868724519436 
-8.749802418557072 
-8.50449925816132 
-7.7016859628936745 
-7.44226756493812 
-10.164546080780081 
-10.107902365854356 
-11.324228554561056 
-13.657793784401123 
-13.347668505388935 
-11.302609358667162 
-11.354063704855761 
-11.152483536826226 
-11.740503777615963 
-11.754591429442229 
-12.102068275041766 
-11.955631160452958 
-11.805959079568035 
-11.476098606722324 
-12.954219465055079 
-13.028091394605644 
-13.04456988016557 
-11.600538526996537 
-11.588088182699583 
-11.667685395365123 
-11.044199711826707 
-10.614449761179483 
-10.21804035332701 
-10.647060742814409 
-10.678201026173287 
-10.63549885534171 
-11.710051587488127 
-11.794855829848647 
0.6785558774464235 
1.7816946191686156 
0.38861935719150603 
0.298294108219029 
-5.9611265151552715 
-6.880481751449533 
-7.228920468584826 
-8.063627156534261 
-7.534621124562435 
-7.286543947442184 
-7.333814504882613 
-8.870283524135745 
-10.188071958597865 
-11.02852585784029 
-10.703604689697615 
-10.690162315755469 
-10.801548361285429 
-11.175496733930755 
-11.396807586892967 
-11.498124896294733 
-12.062999135513747 
-12.127287142203942 
-12.112145848001004 
-11.877411484944423 
-12.296102735327594 
-12.293072126592186 
-11.590962734066462 
-11.594867803769668 
-11.596897669804914 
-11.641554083682433 
-11.941068679315274 
-12.003679310423342 
-12.058272746921554 
-14.250529848876493 
-14.441700003297946 
-13.132053133727322 
-13.172757199513947 
-13.43827109307399 
-13.442408465552447 
-13.802375734936158 
-14.035183223568902 
-13.977037309900895 
-14.016031003176098 
-13.821647930637033 
-12.531675029093254 
-13.290760824104865 
-13.70315373139779 
-13.661134351456539 
-13.524593214659495 
-13.341338366966205 
-11.40022819766929 
-12.307755214997 
-11.811021557780531 
-10.590400883967144 
-11.287437982286477 
-11.562051975656903 
-12.153404306631185 
-12.254693104751208 
-12.384682852678386 
-12.927065484548528 
-12.844843427654338 
-12.868071684209824 
-12.56479266248652 
-12.573325044029692 
-12.212424976752555 
-11.851216758362177 
-11.764597738029597 
-11.379761015335077 
-11.512727379773784 
-11.467680562741275 
-12.102016890449399 
-13.216466911480527 
-12.090124237708972 
-12.157303024713928 
-12.098118944089714 
-13.00685848869214 
-13.235538289071531 
-12.266139503559376 
-12.312964974196033 
-12.385995788590675 
-13.736796952552853 
-13.348441095649626 
-14.10369662156693 
-13.425439789970758 
-12.972188694625867 
-13.678905776650664 
-13.628419742493362 
-15.344033881710173 
-15.267638185620218 
-15.376229262875928 
-15.521993154842718 
-15.623359310490336 
-15.538246302433082 
-15.270654430130953 
-16.218485854669563 
-16.116386815323953 
-15.933825669661099 
-16.520143277772743 
-16.758320617793647 
-16.642913480066618 
-16.67984059138568 
-16.524315978617786 
-14.687156572890274 
-15.028211853050808 
-15.12038111762146 
-15.18238277657629 
-15.180271762014682 
-16.662484423024097 
-16.988775903094254 
-16.38290335327773 
-16.630887189674308 
-16.63478808926695 
-16.651775527650116 
-15.325074981278009 
-14.58071751088055 
-13.715076986084762 
-13.738071684655205 
-14.065766997858216 
-14.268324949817858 
-13.209487769154368 
-14.052297719223043 
-14.005200146001826 
-12.502018130290457 
-15.512635420872583 

 Time 
464.92590713500977 
