Energy 
 
2.390142678989272 
-5.233605089013558 
-5.159059507438545 
-5.130386694033836 
-7.3206538835147885 
-8.753163019693792 
-10.202510362945748 
-10.325658092443268 
-10.26545830730746 
-9.116812613213078 
-5.203026918479758 
-7.436245552988633 
-7.386389909786288 
-7.22671906514346 
-5.392477568479927 
-0.4720226155013272 
-3.6453394682799285 
-3.209758854189429 
-6.031990691618007 
-7.945078302398887 
-7.755787301755091 
-6.817313903747198 
-7.5234192458939555 
-7.749740984880029 
-8.407750254834143 
-7.689881173975481 
-8.05846084080007 
-8.64886628997472 
-8.255141599140082 
-8.596717123936559 
-7.647648587603927 
-7.264938543279004 
-7.730291832513426 
-7.7545850117833774 
-7.86370536397849 
-7.985848674613839 
-7.614347118932594 
-7.619534479281817 
-6.454960151400204 
-5.341856770562102 
-5.252464197925678 
-4.817143038283338 
-4.31723467734582 
-4.486997283023284 
-5.588603692096571 
-5.15613836331682 
-5.358846600449476 
-5.681153590312974 
-5.651687738686049 
-6.147320832534827 
-5.957503765658769 
-5.47755714894397 
-5.3209994059804835 
-5.7640866521308824 
-6.0510502358290585 
-6.7811187366577315 
-6.749515788280976 
-6.751594697594418 
-6.746856950065877 
-6.7839715069764335 
-6.44185234736644 
-6.713122810299109 
-6.703117905828468 
-5.642758974993953 
-7.313232446282114 
-8.693138747136025 
-8.206053800676 
-7.875658356776861 
-8.19919257564839 
-8.403533120874231 
-8.32338740165629 
-8.887667375494814 
-7.455400329158617 
-7.561401654341581 
-7.583848942826823 
-8.516883279325084 
-8.476374611299072 
-8.751206941004401 
-9.445711546070292 
-3.7768569944884876 
-3.481951773600215 
-3.496734875962786 
-4.941747705111789 
-5.923560748423889 
-5.886603155181591 
-5.986694870832035 
-6.600479857315691 
-3.7157534740245435 
-4.31896206647268 
-4.036715064770024 
-4.494538649966304 
-3.329183334795096 
-3.8817678826575714 
-6.247132053565234 
-6.735729049776765 
-3.3716076294187456 
-5.374354484753769 
-6.661970390630327 
-7.050513008232614 
-7.003330611916377 
-7.063977587616217 
-8.753653219888092 
-5.790362592492146 
-5.023357648885765 
-5.32429828158191 
-5.1032793448803915 
-5.114495528395718 
-5.788581443173711 
-7.2034893360343215 
-7.142621076734352 
-7.275579985461761 
-7.287097888038525 
-7.68788459253148 
-7.478025327022323 
-7.634024247044958 
-7.517114172210777 
-8.993871564953082 
-8.391441604748579 
-8.39777481290495 
-7.78329056902656 
-8.392790457655526 
-8.885753113283004 
-9.263460765828544 
-10.38494882954216 
-10.357910170182068 
-10.539068714974881 
-10.676506219169704 
-8.902332454554651 
-6.923416681665777 
-6.699110194629014 
-6.307707698649409 
-6.743226005191332 
-6.748831835011537 
-7.069948756423416 
-7.083498006987746 
-7.556343875362397 
-4.775605071277433 
-6.413359483549315 
-6.338524303904699 
-7.868679165745891 
-7.913019101653655 
-7.095817420172203 
-7.2336359564502395 
-6.900740443097178 
-6.946170073089526 
-6.637095284639585 
-6.529301582263623 
-7.284684110647734 
-7.6516041807615585 
-7.062348391062443 
-6.322964638778656 
-10.294128369213064 
-9.017597545813015 
-9.441356005431452 
-8.764169672904758 
-5.875074612883079 
-5.701714349923575 
-5.834777319251503 
-6.861518342898995 
-7.107863496470552 
-7.119136033075224 
-7.643197925631229 
-6.200707322174662 
-7.414935772515659 
-7.462267382879009 
-8.828433331153718 
-8.624097510026896 
-8.884792565924815 
-9.426994531810248 
-9.339716595179707 
-7.730259396594467 
-4.19595146690904 
-4.094571528555702 
-3.241012633566337 
-5.90379579959481 
-7.2549302088684335 
-5.925296246544142 
-9.564208489039636 
-9.64146750845806 
-8.758152876879953 
-8.787047629235357 
-8.075769286335378 
-7.93258999282446 
-6.619221634626284 
-7.430561654567045 
-7.439000382929538 
-7.446625357811298 
-8.656301489555865 
-7.070628157798277 
-7.028874504784383 
-8.494600034164323 
-8.675668156191191 
-10.97767503575598 
-9.569608249129699 
-9.845117142109347 
-8.599904537927054 
-8.384999766918625 
-8.213070149242531 
-7.690643010882648 
-8.019299146654436 
-7.685866765613756 
-7.4535454264799075 
-7.3756296078941554 
-7.415738347307836 
-7.930880038663108 
-7.9414079117652685 
-8.439154549259126 
-8.811733756246806 
-8.82666275722017 
-9.295076069304544 
-9.430160299011643 
-10.236050300756109 
-9.136146595278516 
-8.409924602947974 
-8.468409436711635 
-9.546879391956258 
-7.939922945299481 
-7.865201081126327 
-7.893894395491353 
-7.894589680785214 
-5.711960524401333 
-6.24048555799758 
-6.519598357354388 
-6.191022705929871 
-5.299097108500378 
-6.449625786565819 
-8.280113377617484 
-8.308355737492647 
-6.925584064687476 
-6.050469481046322 
-5.860088881115843 
-5.70844356364244 
-6.218665150188775 
-6.460356802611437 
-6.800396688621639 
-7.637565442962137 
-7.7419634404850335 
-8.090395975497424 
-7.757242482959606 
-7.79807219159345 
-7.55537834730861 
-7.080014866693952 
-7.284205462071572 
-7.6043766616283825 
-7.944103533728347 
-7.582157310345821 
-7.672727053332174 
-7.87382758148442 
-7.758766780873415 
-8.654891277801992 
-7.907254330349348 
-11.001429273569098 
-10.759110680284032 
-10.89975683112274 
-10.74598105148293 
-10.893027490680145 
-11.613946840612567 
-8.157266562408653 
-8.929855653574474 
-6.901201227059731 
-5.301215764096085 
-6.524518744020526 
-4.8088242726031 
-5.387342881661825 
-6.856267986094215 
-6.7520849615130105 
-5.359585645228898 
-5.375287896961064 
-4.973483624122127 
-4.170744198649979 
-4.99484257343679 
-5.562873312814968 
-5.669460309657926 
-5.7745835718614895 
-5.500778424807423 
-5.974554874970679 
-5.91143020590413 
-6.173699913638135 
-6.154760325763539 
-6.2305015378114135 
-6.358288968306843 
-6.530356892056032 
-6.07948722729626 
-6.034687086583775 
-5.965739163572307 
-5.942083304422656 
-6.0374804367493375 
-5.985968581550501 
-5.8592863731393505 
-5.107227753555852 
-5.066291234345159 
-7.940715462263992 
-7.624791161277916 
-7.62813676773235 
-7.675539719301179 
-7.581631068015769 
-3.351835334308195 
-2.6161212663168594 
-2.682041245465651 
-4.864452350594546 
-4.680309862462281 
-5.923347706032895 
-5.977013089637243 
-7.467052529970186 
-6.854352632867079 
-7.131251784567739 
-7.448793052460405 
-5.824134332385418 
-5.884709433534871 
-5.9941439289659115 
-6.562814252728488 
-7.5164822425752735 
-7.124063172565235 
-4.9172983900700675 
-7.042844170776371 
-6.975392179184809 
-6.535547251421418 
-6.358000524388038 
-7.088446666414308 
-6.566149155577084 
-6.718689803404951 
-6.147047366362486 
-6.154454100522075 
-6.150440341192418 
-6.121889512915287 
-6.008457643822878 
-5.97848222376539 
-5.988415739398088 
-7.359825463526892 
-7.2420339031232 
-6.970801881740834 
-6.948050982369986 
-7.117419516975282 
-6.975431650136423 
-7.0810257003439965 
-4.300025874673245 
-4.486524857463442 
-4.6636749270923525 
-4.985140376658804 
-5.448247361782136 
-4.592342349464727 
-4.40176377117953 
-4.412216217322164 
-5.622385806223059 
-5.960558010471126 
-5.605254229888777 
-5.805719520378796 
-6.126586802513081 
-6.980440163027591 
-7.074943203535374 
-7.72509667045432 
-6.834537902252551 
-8.350933828900017 
-7.542166782711652 
-9.126948663138178 
-9.03992049113744 
-9.688565395290228 
-10.166948252653388 
-10.23666754188139 
-10.69128543614527 
-10.10566620720183 
-10.08120884997531 
-10.686728597972186 
-10.728347996876277 
-9.924487261837866 
-9.22926202366833 
-9.039605336018308 
-8.343075681429653 
-8.711948871936745 
-8.689073647691579 
-8.588884467243242 
-8.856710425529176 
-7.511264420787028 
-7.265628786594625 
-7.445130441373787 
-7.387840459588526 
-7.333537392679182 
-8.937769050551818 
-8.951623565356307 
-8.934600758365688 
-8.112792869957518 
-7.533667191639044 
-7.5005264757950485 
-8.389331001380556 
-5.628788538571004 
-6.0303204299010496 
-5.80114295511989 
-5.571266016467981 
-5.6522325648973535 
-7.273175126318389 
-9.552036828386381 
-8.979128283704004 
-8.512998806934938 
-8.8630973837014 
-9.283221499358442 
-8.612986757736833 
-8.63955848027086 
-8.650394692630432 
-9.806202839943694 
-9.400660133822337 
-8.716558318194636 
-8.971199617611418 
-9.011472203338101 
-9.308402884307942 
-9.243923784027412 
-9.2447644235308 
-8.588522900213894 
-8.492094800237695 
-8.046921566622043 
-7.656192306005978 
-7.847442183270675 
-8.031711130187029 
-8.25535574041315 
-9.038880087416832 
-8.526437289986331 
-8.096516388347272 
-5.854641089507064 
-5.810462158242366 
-5.888646977923265 
-7.8977673455139925 
-8.964010723235873 
-9.613216797313306 
-9.260185339497914 
-9.295976220814211 
-9.852895430992266 
-9.85900286953436 
-10.117684190619277 
-10.228518822479316 
-10.243597304025101 
-10.672163971958657 
-10.332533722398779 
-9.88370035370144 
-9.387318409539322 
-9.26864605297711 
-9.286174291236861 
-9.768699676739946 
-9.894618208285177 
-9.08433707294622 
-6.376032330454492 
-6.615851416209812 
-7.262958999441436 
-6.696460092195429 
-7.94291791330969 
-8.82364461355384 
-8.569192733002922 
-8.50373217107286 
-9.907991469049797 
-10.25810904147837 
-11.670567562777618 
-11.543938621215318 
-11.756530499664823 
-11.827389544483376 
-11.78095854210746 
-11.673121985565503 
-11.9520238547005 
-12.67147799680576 
-12.937519169573024 
-12.931016159689147 
-13.044775792679447 
-12.683840691813879 
-12.748489159989402 
-12.926421584680417 
-13.141405393579225 
-13.871495744306737 
-13.84055965987419 
-13.493447343021238 
-13.238354233413721 
-8.09606380463108 
-8.11129238010608 
-6.6549197892341265 
-7.844775698462924 
-7.58006178229042 
-7.862156728931182 
-7.680683893082778 
-7.246534965231945 
-7.674102637880879 
-8.211854952903552 
-6.8337829566822155 
-6.878959786317498 
-7.185184464705227 
-5.260040549992663 
-7.033719676584463 
-7.838744096595953 
-7.678011855037188 
-7.256343856034209 
-7.154180285218642 
-6.755775114463389 
-4.226270162800942 
-4.3117169825337545 
-4.747188478151262 
-4.729668093210488 
-3.410521301632775 
-4.08058437867388 
-1.8018179755193144 
-3.339391244205938 
-2.22751371379742 
0.6887755430737478 
0.5244425657949788 
-1.16299959697929 
-1.9213857213096557 

 Time 
596.5783181190491 
