Energy 
 
2.6208494160309734 
2.2288623107301424 
1.8627817887614406 
1.7557487156130915 
1.764692363054282 
1.2432385785724818 
0.021718940090114103 
-1.5593798440995505 
-3.410722585701756 
-3.585283676096912 
-3.6219665205097926 
-4.804726151913128 
-4.798344386254026 
-5.122556914871078 
-5.819436862415161 
-5.9209502661840805 
-6.137091847175933 
-6.968155662461934 
-6.940244565649537 
-6.857330098946543 
-6.9832758094064165 
-10.264443178044631 
-10.000969870851275 
-9.966190916447543 
-9.876721576776113 
-10.471106525489713 
-10.588287752991231 
-11.151142363840828 
-10.973484033662263 
-11.198571120008644 
-11.232779138358397 
-11.419487816541892 
-11.414858851509342 
-11.805692710670302 
-11.674905566789082 
-11.705716638747088 
-11.585897209689028 
-11.460539157618195 
-11.25387097030693 
-11.231234610842186 
-12.12552961292504 
-12.0441355767159 
-12.447460163305218 
-12.302266194910752 
-12.485683248336118 
-12.51883158511636 
-12.82378241907594 
-12.71633790154342 
-12.698482530876888 
-12.67827083938425 
-12.751805190473863 
-12.80787868335211 
-12.81344838024875 
-12.813469660528044 
-11.785030256077 
-11.856133967866931 
-11.50192633872206 
-11.586381748334492 
-12.582291643891924 
-12.610679018398892 
-12.609021034223604 
-12.742679719644265 
-12.788929295049764 
-12.750428698476469 
-12.787950208499105 
-12.872550023270568 
-12.858226771152927 
-12.844123773457982 
-13.040845869543974 
-13.055138386743623 
-13.301891072478696 
-13.283005095821055 
-13.384396751771588 
-13.77163771567812 
-13.79415155669398 
-13.810236554023568 
-13.88614695310873 
-13.886661453523507 
-13.911096535942386 
-13.975046380916647 
-13.967062820929696 
-13.977953451162612 
-14.24012173327886 
-14.242501224577472 
-14.195761150546264 
-14.249482285865415 
-14.265158611643109 
-14.294957238557899 
-14.346488604741467 
-14.341070855471434 
-14.335243998337477 
-14.33293741307664 
-14.344486357684444 
-14.374804241366931 
-14.374737329303281 
-14.368782273985829 
-14.395337676196768 
-14.409908664993544 
-14.449048969363012 
-14.472615951517042 
-14.470958081552038 
-14.46792007872008 
-14.46757984773136 
-14.49209038184892 
-14.48525032572537 
-14.482595150173026 
-14.444609369808479 
-14.429664454202534 
-14.493308339711298 
-14.522278139747756 
-14.506740163851202 
-14.495855704738563 
-14.49732749820684 
-14.486633197918323 
-14.55554557562355 
-14.5631308995704 
-14.561433294875043 
-14.575617065398863 
-14.575842080786767 
-14.576335230608802 
-14.584537846367194 
-14.574250588483599 
-14.574334490608184 
-14.587052177034982 
-14.585680552458005 
-14.58240719679197 
-14.572872296867136 
-14.581829240249268 
-14.59032276792322 
-14.585348015167439 
-14.613154848317706 
-14.621993441915237 
-14.659943565115622 
-14.66459047608246 
-14.666450958676194 
-14.667299334569176 
-14.669887511809414 
-14.670372964863475 
-14.676705678199236 
-14.677172543282195 
-14.674577996082053 
-14.674113745408873 
-14.680755570560532 
-14.680986411648316 
-14.684841563075672 
-14.685023801103371 
-14.687803480385456 
-14.69381293548817 
-14.70253932367093 
-14.702691829310679 
-14.70932248412203 
-14.70987550526786 
-14.71056868541649 
-14.710504676775233 
-14.712636078179568 
-14.713748679653817 
-14.71364907913069 
-14.715009751392602 
-14.718060607684022 
-14.719300164325531 
-14.719313390904201 
-14.722477444597581 
-14.726842817505899 
-14.727920894805846 
-14.727955933792062 
-14.73024785662043 
-14.731230036812098 
-14.735075381422854 
-14.734934439653497 
-14.735067849777215 
-14.735022417543993 
-14.73695989328069 
-14.736696241941573 
-14.737871623980475 
-14.738653834704175 
-14.738542196677196 
-14.73901591536938 
-14.740004142271186 
-14.74000213789108 
-14.739975293436355 
-14.740159716814448 
-14.74038954329113 
-14.740933943331957 
-14.74103528909463 
-14.741035380895092 
-14.74100784570497 
-14.741074148037596 
-14.742071863072589 
-14.74245133669011 
-14.74233000034653 
-14.742959867283787 
-14.74304167709775 
-14.743055349969552 
-14.743504754893852 
-14.7435296883346 
-14.74336747788405 
-14.743440614986543 
-14.743994626988522 
-14.744190544943294 
-14.74405985604204 
-14.744050826925488 
-14.744384679314331 
-14.744390848109493 
-14.74438980702081 
-14.744619021093593 
-14.744635563751004 
-14.74466098749026 
-14.74471270393954 
-14.744750924161327 
-14.744730132434329 
-14.744709742492752 
-14.744741021010586 
-14.744738544896299 
-14.744777696959877 
-14.744765211616182 
-14.744835622426555 
-14.744903849883775 
-14.744903918482835 
-14.744919623639465 
-14.744947507688297 
-14.744909576205732 
-14.744924556769908 
-14.744946727197068 
-14.744963956334722 
-14.744969125781804 
-14.7449670210036 
-14.745015400126666 
-14.744997902345057 
-14.745030448047338 
-14.744992775898215 
-14.745147918995396 
-14.745486196935122 
-14.74546080014209 
-14.745460198610507 
-14.745509580468399 
-14.745517768051453 
-14.74552339652787 
-14.745548210046142 
-14.745546130421062 
-14.745613737073246 
-14.745685830181243 
-14.745761496620458 
-14.745946570364714 
-14.74596955243204 
-14.745977574900648 
-14.746052241169949 
-14.746062090659555 
-14.746082999880374 
-14.74607190286834 
-14.746077573317185 
-14.746190032729537 
-14.746192774804305 
-14.7461961644212 
-14.746298001518154 
-14.746322231679537 
-14.746320652118982 
-14.746330314013301 
-14.746334740381727 
-14.746339142744052 
-14.7463433385009 
-14.746367883187009 
-14.746370686111078 
-14.746376983920202 
-14.746387993507076 
-14.746375567165881 
-14.746384138603878 
-14.746392581014014 
-14.746426335355501 
-14.746463868637516 
-14.746466938353247 
-14.746500591423228 
-14.746508063801368 
-14.746508954865066 
-14.746509436009513 
-14.74653268185234 
-14.746533970293278 
-14.746535062810398 
-14.746534682280348 
-14.746535491533265 
-14.746534516098952 
-14.746533733897543 
-14.746543201552683 
-14.746555056842546 
-14.746555115077776 
-14.746562023346149 
-14.746561238324448 
-14.746564675223299 
-14.746565868838319 
-14.746564857188366 
-14.746564983770254 
-14.746569599064491 
-14.746570069702571 
-14.746579662841524 
-14.746589918138604 
-14.746591664458595 
-14.74659511212861 
-14.746595105172648 
-14.74658048071346 
-14.746594433024267 
-14.746603181899019 
-14.746604380410371 
-14.74660437049436 
-14.74660302345583 
-14.746609801824311 
-14.746609947894346 
-14.746608578662274 
-14.74660336714045 
-14.746604778649953 
-14.74661010405153 
-14.746614758244405 
-14.746620014793677 
-14.746618789485137 
-14.746636489658293 
-14.746636886434965 
-14.74663748837283 
-14.746638363991815 
-14.746633432726153 
-14.746635846445857 
-14.746633940063056 
-14.746640056110175 
-14.74665928043205 
-14.74665787502493 
-14.746658688214998 
-14.746662977435554 
-14.746677052638544 
-14.746673607263084 
-14.746679720421213 
-14.746684333769647 
-14.746684687457828 
-14.746684973090403 
-14.746691891152512 
-14.746702424949166 
-14.746702467496792 
-14.74670274546578 
-14.746708413410136 
-14.746708777572728 
-14.746708821923603 
-14.74671364776181 
-14.746714653686215 
-14.7467204942529 
-14.746720491441597 
-14.746720231986233 
-14.74672229530227 
-14.746723602602062 
-14.746723717213209 
-14.746723999709822 
-14.746724104655055 
-14.746731131307477 
-14.746731097650722 
-14.746731834239132 
-14.746731828280577 
-14.746731862144811 
-14.746735202517058 
-14.74673455437351 
-14.746734600193184 
-14.746736559788046 
-14.746738210423215 
-14.74673821459458 
-14.74673893918167 
-14.746738820563687 
-14.74674051280419 
-14.746739402290372 
-14.746739510109556 
-14.746739596704707 
-14.746739050110337 
-14.746738833237893 
-14.746746204562307 
-14.746746280536334 
-14.746747348540154 
-14.746747739800153 
-14.746747914690356 
-14.74675313442032 
-14.746753237070688 
-14.746754996696382 
-14.746755130267658 
-14.74675512293452 
-14.74675541559843 
-14.7467551011205 
-14.746755920097636 
-14.746755936805265 
-14.746756426381369 
-14.746758713295216 
-14.746759333698119 
-14.746760794537067 
-14.74676151172564 
-14.746764150531806 
-14.746764369627074 
-14.746763876694054 
-14.74676571226923 
-14.746766221226956 
-14.746767419863728 
-14.746771269433076 
-14.746771313758389 
-14.746771134986808 
-14.746773111902243 
-14.746773289544496 
-14.746773260125517 
-14.74677390710572 
-14.746774056044602 
-14.746774984038398 
-14.746779021419487 
-14.746779019522428 
-14.746779011294679 
-14.746778989423595 
-14.746779027516105 
-14.746781188225297 
-14.746780783576646 
-14.746781061056538 
-14.74678104476603 
-14.746780853821793 
-14.746780949239433 
-14.74678467795136 
-14.746785902347284 
-14.74678594068659 
-14.746786171399755 
-14.746786377353288 
-14.746786407157108 
-14.74678640363978 
-14.746788923626834 
-14.746789285889424 
-14.746789440658302 
-14.74678956496644 
-14.746790098947699 
-14.746789992952205 
-14.746791150220448 
-14.746791214728526 
-14.746791327951655 
-14.746792011585285 
-14.74679375179295 
-14.746793565772494 
-14.746794479409232 
-14.746794575693539 
-14.746794424768968 
-14.74679440184249 
-14.746794373446082 
-14.746794844726379 
-14.746794829297134 
-14.746795700762108 
-14.746795705262583 
-14.746795923821065 
-14.746795852726489 
-14.74679643986097 
-14.746796465683431 
-14.746796598194647 
-14.746796731547041 
-14.746796565613192 
-14.74679671714118 
-14.74679681798512 
-14.746797707507813 
-14.74679848494122 
-14.74679854211507 
-14.746798966795769 
-14.74679937424108 
-14.746799183637325 
-14.746799739936904 
-14.746799718092383 
-14.746799561616479 
-14.746799748894293 
-14.746799719955787 
-14.746799824800712 
-14.746800250197117 
-14.746800306029288 
-14.746801879516658 
-14.746801940972269 
-14.746802114516209 
-14.74680255628537 
-14.746806074398961 
-14.746806057443617 
-14.746806389988738 
-14.746808540102506 
-14.746808540394234 
-14.746808413912118 
-14.746808627597394 
-14.74680843339156 
-14.746808421889174 
-14.74681323386583 
-14.74681348875693 
-14.746813063547116 
-14.74681319969677 
-14.746814171191513 
-14.746814447005478 
-14.746814502707483 
-14.746814671892004 
-14.746814609599378 
-14.746814517230478 
-14.746814660707264 
-14.746814706570861 
-14.74681625061811 
-14.746816439370031 
-14.74681652530315 
-14.746817416563253 
-14.74681755077926 
-14.74681817273822 
-14.74681835180777 
-14.746819145073452 
-14.74681918970997 
-14.746819226696221 
-14.746819043142057 
-14.746821685035137 
-14.746823499936024 

 Time 
28.230822801589966 
