Energy 
 
3.8998005448887016 
3.7644574661299623 
3.7031731270295976 
0.6691234397924088 
-0.01175366228951491 
-0.9284996888896984 
-0.9598215273058683 
-1.699654186279489 
-0.5740185373302665 
-2.3527938131599786 
-2.5568552858637994 
-2.6139972597180945 
-2.3879468142293865 
-4.073216204968746 
-4.694054638475711 
-4.869300232320024 
-6.537523968031288 
-6.557830784988254 
-6.576070802761603 
-6.553338210844625 
-6.719992668573827 
-7.387407505371231 
-7.567168930068771 
-7.946667024633456 
-8.07815593614355 
-8.209039133200935 
-8.339093404412312 
-9.177572618080205 
-9.128398222203005 
-9.178370090997035 
-11.946232897074005 
-11.868322671835395 
-12.522295086363403 
-12.015204703133564 
-12.23586986340235 
-12.061004749174536 
-12.517465019890661 
-12.608933616313834 
-11.516802928414016 
-11.5635678804452 
-11.48690501933883 
-11.693210119300202 
-12.005507836944897 
-12.00486514174422 
-12.712355093859742 
-12.718579295212209 
-12.774177199741338 
-12.698381998838844 
-12.748823727865437 
-12.728968242185838 
-11.512116849651337 
-11.403206892129834 
-15.543620225458163 
-15.526571218721784 
-16.86099343660596 
-16.546885711827095 
-17.099919666589425 
-18.09951615044454 
-16.034774096225263 
-15.0978169868421 
-14.94005882031581 
-14.542260186632983 
-13.92333220325398 
-13.955926116041347 
-13.854423889753203 
-12.691793713333242 
-12.642942707138474 
-12.614748885396587 
-11.958077773783394 
-11.908332414068107 
-11.52894579096717 
-11.593029507617945 
-12.078836596926495 
-11.517979408996426 
-11.796984034376852 
-6.267118803849066 
-6.396756981571411 
-7.875358003941768 
-8.121443510329106 
-11.87192179293212 
-11.779422184778086 
-10.833822617940367 
-11.850460916133972 
-12.105803258493049 
-12.111489371057267 
-12.988833277767826 
-12.149640472965336 
-11.557020783349047 
-11.558959392538048 
-11.584308649057748 
-13.543614135864509 
-13.496709571064821 
-14.252822449373689 
-11.633947039533538 
-13.463482148359589 
-13.059419903110667 
-12.833092007085892 
-13.253846507266715 
-12.410116080690814 
-12.606886605860979 
-12.297993557825405 
-11.82897230425993 
-11.746431398780494 
-11.757861065038988 
-11.980653527056756 
-12.787642438444717 
-12.82883924221091 
-12.910495248981974 
-13.034100770611813 
-13.28424771025008 
-14.86767149936454 
-15.143218077824903 
-15.131252451086853 
-14.079222453114118 
-14.052836202448097 
-13.72165585993936 
-13.59422147634366 
-13.575618165386862 
-13.43708672813937 
-6.360226858093041 
-4.29232009085124 
-4.871672089484144 
-6.834414817552999 
-7.235611160417376 
-8.185597777725668 
-8.219167833258691 
-4.793109260096058 
-5.024977739582133 
-5.379063789159492 
-6.000163893539127 
-4.299981620397974 
-7.397744679716739 
-7.41574494877151 
-7.688786500115289 
-9.82300842381192 
-9.824484976874503 
-9.785460087075048 
-9.963112437269018 
-9.735588897957008 
-10.03642632689194 
-10.187750503357503 
-11.515210732271049 
-11.287470877910978 
-11.629437367969654 
-11.598465217906245 
-11.7248034792681 
-11.682285396349434 
-11.640065139305458 
-12.179846088023963 
-11.879986930841646 
-11.893102142691506 
-11.030809857135333 
-11.645311120156832 
-12.02460840724984 
-11.927378454470276 
-12.064980940708445 
-12.237170319632355 
-12.421153514821558 
-11.328032994655423 
-11.11041427613653 
-10.925783946268492 
-11.190992305662014 
-11.67410493793052 
-12.919631344717354 
-11.416940956372066 
-5.697780898894656 
-7.175653483831225 
-7.22415639127919 
-7.176312916429667 
-6.998941571537207 
-6.295291912730725 
-6.631648639775614 
-7.663020446948504 
-8.042184100333095 
-8.008884299471736 
-7.543143228100923 
-7.5991468055285365 
-8.627597648543025 
-9.17274593112376 
-9.143586793680862 
-9.47916403083478 
-10.001994781597721 
-11.193953079401867 
-10.918439130390396 
-10.886712226675371 
-12.168934896622277 
-10.703523103589134 
-10.939545967167545 
-11.198698602910147 
-10.405613762857126 
-10.576617211345248 
-10.519793274917214 
-11.241555619473772 
-11.125897504115862 
-11.131429309223156 
-11.088887393973879 
-10.55973386284298 
-10.585074673198985 
-10.575678687343359 
-10.582786725853257 
-10.64842931335523 
-9.99289155335197 
-9.12538274669247 
-9.010338721383183 
-9.195993475966274 
-9.431848929127401 
-9.535644742834725 
-8.795719283914552 
-11.248818971383782 
-9.492148945881315 
-10.190470719975355 
-10.52704078808219 
-12.236979473019222 
-11.686812866348617 
-11.359031986680911 
-11.87541140923247 
-11.542699588051951 
-11.529772763609811 
-11.560780272096254 
-12.095311151655068 
-9.94518317882196 
-9.891443155202374 
-11.510283052661897 
-12.076580461260997 
-11.472085867040633 
-11.314081069223542 
-12.062656283691465 
-10.714989923001472 
-12.118568258825652 
-12.069332811628072 
-12.641993645995905 
-13.483618046239936 
-13.895923820770564 
-14.329687614698305 
-14.91272099994703 
-15.08273628581838 
-14.875366160453826 
-14.9625189795874 
-12.358858126179706 
-12.856489666165421 
-13.409593903870372 
-14.327538114258921 
-12.28028473647416 
-10.885142321710175 
-10.645773085894985 
-10.475173880502025 
-10.766900257315683 
-9.933403965679187 
-9.886037031572315 
-10.648492224618952 
-9.92899054595103 
-9.935892184825402 
-10.933114188732793 
-10.88822456617453 
-8.476448845106116 
-8.46691436133401 
-8.602012351141559 
-8.600568653040023 
-8.732070191344606 
-8.4586534572668 
-6.172068418836206 
-8.140150633572306 
-8.363417067569557 
-8.29362796939574 
-8.460158927607003 
-8.899750661405724 
-8.992424495468287 
-10.675081731434842 
-10.46155106058278 
-11.098397594963174 
-12.1971809877341 
-12.2749948797233 
-8.837823277378625 
-8.134950993444924 
-7.984656498263636 
-8.242149179038023 
-8.032242427498826 
-8.35751775540346 
-9.012166080688024 
-8.892996338545045 
-9.071895015630925 
-8.906218445844305 
-9.0468332439284 
-10.019985626574137 
-10.691816895838235 
-10.708827878585035 
-10.488251335615612 
-10.296377066816998 
-10.741205771014124 
-12.170097327435446 
-12.005114058527369 
-13.307329765248177 
-13.311314103928545 
-12.76690434106798 
-12.83030910150179 
-12.237733843835537 
-12.363143721883414 
-13.456869442394037 
-13.002021398534605 
-12.683247252105843 
-12.74154045514202 
-10.947962813272538 
-10.906520606200786 
-10.964646227676992 
-11.762191688147725 
-12.971096502775797 
-9.691219429947544 
-11.194042142217437 
-11.357876768608948 
-12.034282664310316 
-11.798209933638354 
-11.912900510965217 
-13.488117845634749 
-13.567693373229153 
-13.832831209581794 
-13.625575296534693 
-13.552375648935213 
-13.541470170418183 
-13.589897141501405 
-13.840751636353916 
-14.411982769069303 
-13.950642028281568 
-14.373087475296138 
-15.487478892990787 
-15.638350506111713 
-14.820969208294866 
-14.690190590042313 
-14.92562215042749 
-15.008566365407258 
-15.046038549638025 
-15.903596702233816 
-16.64960171905947 
-16.707663769731305 
-16.67182217786422 
-16.638496268143093 
-16.658075152334224 
-16.280314624945696 
-16.274332847489287 
-16.084979972844977 
-13.773677911157959 
-13.79654982950438 
-13.937102817697388 
-13.326266238125463 
-13.559622147476993 
-13.434412021850276 
-13.44831055610945 
-13.668462255122792 
-12.53354561398945 
-13.218357235408975 
-13.41349450553798 
-12.533104621944124 
-12.284089354576459 
-12.362923443831418 
-13.34708267069781 
-12.760349132480556 
-11.845990989807985 
-11.98189699902778 
-12.403332075344878 
-11.814406115173153 
-11.33818488670051 
-11.4584094707825 
-12.132879514882212 
-11.748781470059072 
-11.770303204320513 
-11.726822973828234 
-11.875076196532733 
-11.741522570970291 
-11.510927491926017 
-11.512130868837614 
-10.840586733165685 
-10.83101392370431 
-11.020455526905847 
-11.436061061492008 
-11.733047213990261 
-13.323070355214021 
-13.24635405823175 
-12.857107774949123 
-13.326653021056218 
-12.172132631403766 
-12.138288549106846 
-12.807636243876235 
-12.58271584598606 
-13.454241146980998 
-13.741998760496795 
-11.812020045253778 
-11.355950176014394 
-11.548937295713104 
-13.090367886053228 
-13.165291809897733 
-13.376631471716216 
-10.708582754117282 
-10.86653217710631 
-8.321779063077598 
-8.429715550708044 
-13.054327858297707 
-13.107738275773524 
-12.022622325422 
-12.574614155655604 
-12.793754783255535 
-13.02829116867246 
-12.979887826239462 
-13.07394580329472 
-12.944829776934288 
-13.249754181764624 
-16.28224374111376 
-16.284161412891955 
-16.300244177685215 
-15.801868150620134 
-15.85966014285681 
-15.308147574778676 
-15.278110722345852 
-15.28839811982069 
-15.498478622247003 
-15.361638304882819 
-15.528062095402628 
-14.44223333641278 
-14.118997608403529 
-12.804290717818763 
-12.258525404738421 
-12.393688543076836 
-12.046048099293023 
-12.14745221425122 
-10.77044847176298 
-10.51573442625555 
-10.232173607674968 
-10.050198669162302 
-9.884612813349891 
-9.479183953439463 
-10.193244150921617 
-11.025677229745204 
-12.119891232064598 
-11.885082704053806 
-12.240065528177478 
-13.992053142631807 
-13.549546573169492 
-13.014143057945214 
-12.19069437643976 
-12.714294604054713 
-12.809110753562285 
-12.030212514842328 
-12.0171057127668 
-11.457268974183906 
-11.388874305933983 
-12.118520715797347 
-11.59143977416894 
-11.734515499654169 
-11.053538927891099 
-11.335033423468712 
-12.034471826573037 
-11.827870528616094 
-10.878119514975522 
-10.897130709143767 
-10.754614257409 
-11.003479714182937 
-12.524695924830413 
-12.527545309166312 
-11.971040272554673 
-10.508002951884157 
-11.461307701388039 
-12.523416805722082 
-10.105415961198522 
-8.51800463657001 
-8.304675274909721 
-5.040705210960388 
-5.849816280550725 
-6.1820284760032465 
-7.977195924977764 
-7.3670460640649775 
-7.56529152117393 
-7.546490299272913 
-11.492829090883744 
-12.9838644247498 
-13.759273830118426 
-12.288034534062092 
-14.02521533831587 
-14.454491854275064 
-9.475374172713648 
-10.575877669091838 
-10.510605648060238 
-10.133768104121776 
-9.802857939411604 
-10.15280707715095 
-11.683548921554614 
-13.258999127921198 
-13.037191170199975 
-13.693561092553033 
-13.716973124153519 
-9.862838313303016 
-9.921061868389097 
-8.419194134658248 
-11.924076848173573 
-12.137651191806922 
-14.285449803263791 
-14.447475021835482 
-15.592603971488597 
-14.378923665656137 
-14.479769081766285 
-14.074039014728575 
-13.900731827914896 
-13.259362994713833 

 Time 
139.48180484771729 
