Energy 
 
-0.3013136220446028 
-0.7376423703125923 
-1.349332028846639 
-2.09601808231264 
-2.8302708240830348 
-3.415519877293969 
-4.116973623272206 
-4.744498720382026 
-5.312612056397531 
-5.70668525161926 
-4.405989842794161 
-5.61524526323289 
-5.913660902863994 
-6.109587028824634 
-6.263276736582871 
-6.40876942749803 
-6.528435802388217 
-6.636339454317796 
-6.730818486697194 
-6.816415989709142 
-6.906574146788092 
-6.980058121349173 
-7.049687995741971 
-7.127598378013922 
-7.213561090064416 
-7.2997527670780675 
-7.370734115009673 
-7.436746856115176 
-7.496350394629857 
-7.5548025060571 
-7.610789882610781 
-7.666350921696566 
-7.719226252807002 
-7.770516303990156 
-7.8196778758564935 
-7.867711678667688 
-7.914273877540076 
-7.959544325273829 
-8.003194158774933 
-8.042640167177021 
-8.009420558777112 
-8.091062932543094 
-8.144525587971586 
-8.187500762421646 
-8.229148133875517 
-8.267210881700954 
-8.302306740665555 
-8.33510477141413 
-8.373304670843105 
-8.401843684701987 
-8.43924798079804 
-8.465429919113063 
-8.489490487391473 
-8.518556296272527 
-8.538190059392447 
-8.561011139681833 
-8.582969258957215 
-8.601929966580878 
-8.619052011741745 
-8.634565425394877 
-8.648818493895794 
-8.66228997326524 
-8.674840425265865 
-8.686477711854693 
-8.697346072460759 
-8.707445653237352 
-8.716311110865313 
-8.724457575807397 
-8.732052758264503 
-8.739052628135774 
-8.745599874189997 
-8.730388665013097 
-8.730976560031696 
-8.719946550531828 
-8.734820503084276 
-8.751299496764972 
-8.761796901028324 
-8.769328039744838 
-8.774850833883967 
-8.77961198974451 
-8.785048545210628 
-8.789432541787827 
-8.793348212339904 
-8.796912553774582 
-8.80005805756637 
-8.802976014941837 
-8.80569189732568 
-8.808223682466343 
-8.8108971701372 
-8.81319607042757 
-8.81528828300728 
-8.817240724058601 
-8.819021939795016 
-8.820649052439476 
-8.822170491983346 
-8.823469399890463 
-8.821767313688357 
-8.81902195797246 
-8.826252099917385 
-8.828328562766135 
-8.82965428315894 
-8.830669975847329 
-8.83154994243741 
-8.832342198368469 
-8.833066834524995 
-8.83373723929065 
-8.834363642139705 
-8.834946248966764 
-8.835487269841272 
-8.835953887137661 
-8.835714789151297 
-8.83546671314805 
-8.836391339208529 
-8.837386912523476 
-8.837999947657696 
-8.8383376150129 
-8.838647419144403 
-8.838915124111358 
-8.839038262649972 
-8.838719244611958 
-8.838288809835436 
-8.838614845297457 
-8.839642159830216 
-8.840194282193576 
-8.840373371655117 
-8.84034593108726 
-8.84073189222136 
-8.8408965302187 
-8.841048917857668 
-8.841192889204416 
-8.841330885017458 
-8.841461719617305 
-8.841586290910255 
-8.841705229953382 
-8.841821885387107 
-8.841933047049052 
-8.842041622302343 
-8.842144623219129 
-8.842243883195572 
-8.842338395356922 
-8.842428545105866 
-8.842515932318674 
-8.842598442263968 
-8.842677416205333 
-8.842752681120572 
-8.842824440656297 
-8.842892527988468 
-8.842958208457619 
-8.843021241335046 
-8.84308147347708 
-8.843139051478996 
-8.843194542602824 
-8.843247708196689 
-8.843298521242701 
-8.843347423045739 
-8.843394068759558 
-8.843438631206967 
-8.84348126457226 
-8.843522407285448 
-8.84356159293981 
-8.843598874829418 
-8.84363450513401 
-8.843669128429731 
-8.843702311561616 
-8.843733944054613 
-8.843764142499209 
-8.843792987238169 
-8.843820590458467 
-8.843847150903933 
-8.843872481944864 
-8.84389691622034 
-8.843920041673647 
-8.843942177776217 
-8.843963029172924 
-8.843982629050565 
-8.844001308574118 
-8.8440186785385 
-8.844034621254893 
-8.84405015736058 
-8.844066183135192 
-8.844082188945496 
-8.844096219774325 
-8.844109422446337 
-8.844122033372495 
-8.844134057577737 
-8.8441454988992 
-8.844156415429218 
-8.844166823530477 
-8.84417709932451 
-8.844186760924044 
-8.844195818540438 
-8.844204443686172 
-8.844212666143813 
-8.844220498516824 
-8.844227996872416 
-8.844235158615867 
-8.844241976838008 
-8.844248461203271 
-8.844254634086655 
-8.844260382167759 
-8.84426584737851 
-8.844270961616754 
-8.84427581908613 
-8.844280476789905 
-8.844284902355508 
-8.844289123511594 
-8.8442931723361 
-8.844297036014577 
-8.8443007261382 
-8.844304246138018 
-8.844307607135253 
-8.844310829350933 
-8.844313901171521 
-8.84431683776846 
-8.844319616633198 
-8.84432222100865 
-8.844324702020677 
-8.84432705875266 
-8.844329314395624 
-8.84433145934071 
-8.844333510994769 
-8.844335478534102 
-8.844337338478582 
-8.844339127428166 
-8.844340839528401 
-8.844342464175579 
-8.84434403817468 
-8.844345508791225 
-8.844346905720583 
-8.844348242806971 
-8.84434951997739 
-8.844350742953063 
-8.844351908017742 
-8.844353021349725 
-8.844354085498988 
-8.84435510395305 
-8.844356083422007 
-8.84435702114616 
-8.844357919212786 
-8.84435877985902 
-8.844359600926733 
-8.844360386369118 
-8.844361138609557 
-8.84436185908102 
-8.844362547837296 
-8.844363207385378 
-8.844363836414422 
-8.844364437396441 
-8.8443650165456 
-8.84436556670157 
-8.84436609319114 
-8.844366590302007 
-8.84436706188071 
-8.844367512690667 
-8.84436794454261 
-8.844368357811282 
-8.844368753490562 
-8.844369139238632 
-8.844369505291155 
-8.844369856030442 
-8.844370188486424 
-8.84437050684044 
-8.844370809442058 
-8.844371101979245 
-8.844371382221778 
-8.844371650764447 
-8.844371907027254 
-8.844372153054815 
-8.844372389050646 
-8.84437261479457 
-8.844372831036782 
-8.844373041390602 
-8.844373244660671 
-8.844373438598222 
-8.844373625068714 
-8.844373803334872 
-8.844373973868985 
-8.844374137192073 
-8.844374293062698 
-8.844374442060227 
-8.844374584145388 
-8.844374718183635 
-8.844374846544003 
-8.844374969229222 
-8.844375087488425 
-8.844375202935675 
-8.844375312878903 
-8.844375417900071 
-8.844375519071942 
-8.844375616106385 
-8.84437570923997 
-8.844375798172635 
-8.84437588322337 
-8.84437596410371 
-8.84437604160833 
-8.84437611580464 
-8.844376186466814 
-8.84437625410526 
-8.844376318672168 
-8.844376380400416 
-8.844376439332812 
-8.84437649581276 
-8.84437654989995 
-8.844376603031776 
-8.844376653938939 
-8.84437670260385 
-8.844376749177542 
-8.844376793178046 
-8.844376835284697 
-8.844376875634168 
-8.84437691485189 
-8.844376952145234 
-8.844376987817858 
-8.84437702190671 
-8.84437705435986 
-8.844377085494562 
-8.844377115326457 
-8.844377144166138 
-8.844377171757989 
-8.84437719822294 
-8.844377223639402 
-8.844377248104843 
-8.844377271863427 
-8.844377294953677 
-8.84437731715564 
-8.844377338487776 
-8.844377358914828 
-8.844377378566321 
-8.84437739734966 
-8.844377415344535 
-8.844377432749127 
-8.844377449091459 
-8.844377464820383 
-8.844377479886896 
-8.844377494471289 
-8.844377508539116 
-8.844377522138025 
-8.844377535155662 
-8.84437754702401 
-8.84437755848516 
-8.844377569576586 
-8.844377580240472 
-8.844377590552707 
-8.844377600535624 
-8.844377610196291 
-8.844377619528064 
-8.844377628564308 
-8.844377637322037 
-8.844377645813402 
-8.844377654046637 
-8.844377662016994 
-8.844377669886754 
-8.844377677519565 
-8.844377684909903 
-8.844377692230113 
-8.844377699365662 
-8.844377706299907 
-8.84437771309358 
-8.844377719681724 
-8.844377726081241 
-8.844377732295209 
-8.844377738338437 
-8.844377744208975 
-8.844377749928025 
-8.844377755485072 
-8.844377760864173 
-8.844377766151817 
-8.844377771302108 
-8.844377776318435 
-8.844377781199919 
-8.844377785962127 
-8.844377790581996 
-8.844377795095564 
-8.844377799449633 
-8.844377803705738 
-8.844377807884621 
-8.844377811929006 
-8.844377815889214 
-8.844377819766281 
-8.844377823560732 
-8.844377827279796 
-8.844377830925094 
-8.844377834500632 
-8.844377838024181 
-8.844377841476582 
-8.844377844858949 
-8.844377848151922 
-8.844377851376809 
-8.844377854543602 
-8.844377857658067 
-8.844377860740492 
-8.844377863766638 
-8.844377866753343 
-8.844377869699759 
-8.844377872580605 
-8.844377875414356 
-8.844377878208382 
-8.844377880963826 
-8.84437788368266 
-8.844377886366692 
-8.844377889006294 
-8.844377891614252 
-8.844377894192359 
-8.844377896729847 
-8.844377899246815 
-8.844377901747247 
-8.84437790423612 
-8.844377906676616 
-8.84437790907831 
-8.844377911455084 
-8.844377913750236 
-8.844377916022372 
-8.844377918270503 
-8.844377920498292 
-8.844377922714076 
-8.844377924900785 
-8.844377927071148 
-8.844377929225109 
-8.844377931364065 
-8.844377933486653 
-8.84437793559303 
-8.844377937674405 
-8.844377939740225 
-8.84437794177855 
-8.844377943802003 
-8.844377945813298 
-8.844377947796051 
-8.844377949700531 
-8.844377951573223 
-8.844377953435187 
-8.844377955287793 
-8.844377957133108 
-8.844377958980068 
-8.8443779608174 
-8.844377962675921 
-8.844377964525183 
-8.84437796635937 
-8.84437796820005 
-8.844377970047113 
-8.844377971887022 
-8.84437797371469 
-8.844377975535549 
-8.844377977341821 
-8.844377979153371 
-8.844377980963136 
-8.844377982757566 
-8.844377984545346 
-8.844377986326618 
-8.844377988101273 
-8.844377989869725 
-8.844377991632594 
-8.844377993389047 
-8.844377995142425 
-8.844377996884027 
-8.844377998622157 
-8.844378000359944 
-8.844378002100628 
-8.84437800383632 
-8.844378005571302 
-8.844378007301252 
-8.8443780090165 
-8.844378010727368 
-8.844378012433436 
-8.844378014135037 
-8.844378015830415 
-8.844378017522027 
-8.844378019209842 
-8.844378020894117 
-8.844378022574961 
-8.844378024254357 
-8.844378025929824 
-8.844378027597408 
-8.844378029261103 
-8.844378030969208 
-8.844378032663638 
-8.844378034350326 
-8.844378036031099 
-8.844378037729157 
-8.844378039383864 
-8.844378041034506 
-8.84437804268203 
-8.844378044326508 
-8.844378045965337 
-8.844378047601092 
-8.844378049234097 
-8.84437805086377 
-8.844378052474777 
-8.844378054073685 
-8.844378055670049 
-8.844378057264404 
-8.844378058857068 
-8.84437806044701 
-8.84437806203459 
-8.84437806361914 
-8.844378065200067 
-8.844378066778479 
-8.844378068354217 
-8.84437806992938 
-8.844378071499193 
-8.844378073066453 

 Time 
777.1763060092926 
