Energy 
 
2.878301087752058 
1.0088348774762428 
-0.33194441924483264 
-1.699898683472974 
-2.190184074178015 
-2.175976484692996 
-3.5571045102419347 
-3.5977447127408375 
-3.904603207976577 
-4.342979251139342 
-4.178730009295121 
-4.577517011077791 
-4.6031868815914265 
-4.475104964400968 
-5.041754669772901 
-5.154744736685334 
-5.295881376018112 
-5.393497566501551 
-5.511228784414366 
-5.43697594135328 
-4.777544507453859 
-5.511153231508821 
-5.53290978812967 
-6.195352683499311 
-6.531854983160654 
-6.25626506398037 
-7.44944600054926 
-7.852709901480621 
-8.314178681690823 
-8.759587021374111 
-8.841424063480703 
-8.702148902866229 
-8.634329249028026 
-8.636786644487374 
-9.528145640748404 
-9.522239571156746 
-9.795522479141168 
-9.806460018365833 
-9.821894903274986 
-10.054449184893441 
-10.862171556936524 
-11.104699853608608 
-10.338069209995107 
-11.663941999340295 
-11.924589488598592 
-11.881939457465734 
-11.911406647852456 
-11.918717386459058 
-11.95469461244901 
-11.865841240478494 
-11.98543336662397 
-12.011411847716309 
-12.060875409724355 
-12.068110894328303 
-12.103731645340211 
-12.026709436437544 
-12.04191262811957 
-12.055408430170052 
-12.225940190276077 
-12.273511541551672 
-12.235270177178425 
-10.767244918549984 
-10.926044052104107 
-10.899507686930175 
-10.919913899155016 
-10.959300438790155 
-11.587579663428336 
-12.052123356596018 
-12.066072483778894 
-12.079613168658874 
-10.325725203103271 
-10.201251722019883 
-10.223639814197785 
-10.45226394115142 
-10.400163265485372 
-10.346031881685098 
-10.909671838903956 
-10.867449056613328 
-10.696994717148726 
-10.878345646172253 
-10.937605742293794 
-10.937581056990881 
-10.854597026102653 
-11.262801679611465 
-11.366600907076796 
-11.44909233344931 
-11.448068785672913 
-11.834518583435502 
-11.919221975594338 
-11.982493102341897 
-12.072663862700399 
-12.178938437495148 
-12.576390572498925 
-12.56442534419976 
-12.520159026379925 
-12.665061341529254 
-12.7468250252437 
-12.741738046490633 
-12.723258511833057 
-12.890742649213186 
-12.879920290294045 
-12.727577562895851 
-12.939582890037725 
-12.897629305474744 
-12.718283847099844 
-12.699283444574604 
-12.81538345229212 
-12.809566401383055 
-12.812905406789355 
-12.255905162586266 
-13.020219344783738 
-13.060018928285807 
-12.543418983109357 
-12.780296896210906 
-12.822513050294742 
-12.905259799434614 
-12.83060290970765 
-12.575653947484007 
-12.586962794372646 
-12.676318986055136 
-12.83788640342658 
-12.829242884486549 
-12.752489980028633 
-12.798360555092696 
-13.066013933228106 
-13.64185593817719 
-13.22076503526144 
-13.36424245277427 
-13.43592611847659 
-13.503711986327549 
-13.520602773595348 
-13.513646705743852 
-14.051907789001312 
-13.942403538705058 
-13.947316036005656 
-13.948662008812875 
-12.326918083653933 
-12.431012024265526 
-12.303716481756723 
-12.297742741127184 
-12.68723219097508 
-13.062458129198323 
-13.160699440815572 
-13.164402518629347 
-13.390364481637883 
-13.333420662083945 
-13.758308985823271 
-13.757415217707676 
-14.119655253857047 
-14.112471061212169 
-14.228469952144152 
-14.384801144535118 
-13.811159594777108 
-13.674694518073714 
-13.85568143768937 
-14.29765038627861 
-14.251774238240099 
-13.990456958891102 
-13.937644900918688 
-13.953476840525319 
-14.042606832872302 
-14.0545765893757 
-14.048902513890443 
-14.043050741735188 
-13.856815662738086 
-13.995422952052882 
-14.309199351828802 
-14.31087740313924 
-14.310851429911528 
-14.302564417653707 
-14.568703514557011 
-14.669367893997514 
-14.659237098965127 
-14.948364256092127 
-15.115714236869453 
-15.056687863292801 
-15.070634941435939 
-15.250618779888317 
-15.26672703708945 
-15.22914697844361 
-15.20898819044506 
-15.232858748689901 
-15.248026294623813 
-15.475809273110713 
-15.456069431385515 
-15.459895077117421 
-15.46160169056797 
-15.471328403411952 
-15.60052622635935 
-15.598124395701054 
-15.591150979932806 
-15.71593178266908 
-15.732358510551824 
-15.734606502714673 
-15.733842180748958 
-15.740416589522788 
-15.758002809542283 
-15.76487700327817 
-15.829743138720886 
-15.71318401163605 
-15.721231722242583 
-15.747961543736352 
-15.76712021401566 
-15.766985675476201 
-15.768346932195184 
-15.774445774966804 
-15.770038443860367 
-15.79981234960862 
-15.777472855804996 
-15.774958472220884 
-15.680014119445389 
-15.729209520326107 
-15.73210410067097 
-15.726734178176557 
-15.816562659053828 
-15.823874623063846 
-15.73419378422664 
-15.732264159021648 
-15.790136527084734 
-15.791406414296636 
-15.785227962322463 
-15.656951066195832 
-15.659435961939444 
-15.654677250252353 
-15.673442508825522 
-15.867106699493277 
-15.873851616194987 
-15.838092316079297 
-15.845413968256535 
-15.80146991738962 
-15.757737173734776 
-15.71571964354252 
-15.733371421479053 
-15.728583479811093 
-15.654370989477732 
-15.679389870244517 
-15.66967990325625 
-15.790566491431369 
-15.834799588011775 
-15.841569671412802 
-15.844779382883274 
-15.827088978243658 
-15.826769614344519 
-15.886628328067358 
-15.895890246117137 
-15.902618440871425 
-15.805755385431405 
-15.876662098899153 
-15.841728813085716 
-15.841555454461982 
-15.86325647024005 
-15.829082612426483 
-15.852731187876262 
-15.85022019587387 
-15.84417946344264 
-15.943340299039233 
-16.02999585133488 
-15.992310405989414 
-15.997189983341542 
-15.979264953251397 
-15.948924227418651 
-15.794199770744733 
-15.760840267378668 
-15.837627663233118 
-15.769016060819045 
-15.762931232122664 
-15.815855377338984 
-15.861758254996442 
-15.922502075708744 
-15.952338694288136 
-15.952866444922888 
-15.97215723441543 
-16.008357362829184 
-16.1648308574396 
-16.140054846999313 
-16.168108057082343 
-16.19487720713667 
-16.1946639103742 
-16.199608500208154 
-16.214772890912982 
-16.286466357646866 
-16.29260619811489 
-16.292290347339186 
-16.293408729799413 
-16.284945733949566 
-16.273811347800923 
-16.278347550178694 
-16.30827085247441 
-16.291802219984717 
-16.284675548485186 
-16.279992345183885 
-16.277327804343933 
-16.24379287439806 
-16.255105357646354 
-16.24954840942089 
-16.265472584762847 
-16.239720152787214 
-16.269862999824294 
-16.32017117032183 
-16.3219975708308 
-16.32219020737964 
-16.324736765229037 
-16.323576699099387 
-16.347141944343644 
-16.35676582907593 
-16.368560210698572 
-16.356356238066372 
-16.359544874394086 
-16.36698026693705 
-16.372467904086033 
-16.394660624354856 
-16.44453480912633 
-16.40358666846266 
-16.411103770462752 
-16.406412707054216 
-16.40017762614269 
-16.397243034334515 
-16.397974604613257 
-16.402752544455456 
-16.397917557960234 
-16.4002536649609 
-16.40167735177112 
-16.419443345309514 
-16.41744944506367 
-16.469037972371666 
-16.48840028801446 
-16.488424693811066 
-16.48525091978005 
-16.49415317215465 
-16.483288725346345 
-16.50524680443291 
-16.509345230790334 
-16.508414979461495 
-16.50991963594493 
-16.51813114214785 
-16.518809556951805 
-16.519149768562283 
-16.513685694981035 
-16.51718891916932 
-16.519805082376813 
-16.51598868084725 
-16.510102184235212 
-16.507326156382515 
-16.50735955958182 
-16.519472468185555 
-16.53384248149769 
-16.54227351855202 
-16.544562336366752 
-16.51812926715281 
-16.49053207401905 
-16.49120304375118 
-16.49494535470896 
-16.494420679949286 
-16.515669859617237 
-16.51912085693399 
-16.50926566492437 
-16.51221900795929 
-16.514375438624626 
-16.51641321381151 
-16.521144453036378 
-16.536703768101425 
-16.538816657566606 
-16.534699352549232 
-16.53603044292453 
-16.537487854759203 
-16.536476676160905 
-16.41826301065894 
-16.40329441867609 
-16.406865265645717 
-16.396068357559187 
-16.385574650141514 
-16.390588800790326 
-16.40387579396995 
-16.404506669175866 
-16.401476278921706 
-16.397562824335004 
-16.41653762604951 
-16.416568286239443 
-16.424061281565628 
-16.4256581597002 
-16.464931008061203 
-16.464990690802285 
-16.416357464355674 
-16.423720436931145 
-16.40300624899497 
-16.40186906674315 
-16.40295199640893 
-16.399812477274956 
-16.403116551889017 
-16.38128505505938 
-16.411028047249424 
-16.41854307617222 
-16.436608122542392 
-16.43494272072531 
-16.43456912985729 
-16.420352563669436 
-16.424830436471385 
-16.400742720457103 
-16.400960614127484 
-16.4318342208791 
-16.436947488215058 
-16.429133614565046 
-16.446534332327964 
-16.427499790729392 
-16.450616805033786 
-16.449033083277268 
-16.453926059663694 
-16.46178407780579 
-16.46304327867538 
-16.445832657160828 
-16.442054468583592 
-16.46216176347176 
-16.452125136496964 
-16.46095172713684 
-16.463695043369597 
-16.46245222417473 
-16.457957525283714 
-16.479456283639887 
-16.47954658364082 
-16.469490340162263 
-16.483462631423134 
-16.500187530190512 
-16.500200985865433 
-16.503458523148907 
-16.527339791780236 
-16.53177154148059 
-16.535182310359122 
-16.54095784894498 
-16.543325716348768 
-16.552305524145257 
-16.558906321786495 
-16.563435174345287 
-16.568478759592463 
-16.65666620138148 
-16.648706251587296 
-16.645133321006316 
-16.66331429195483 
-16.664050245483384 
-16.668475470723717 
-16.669740346423218 
-16.66256635386459 
-16.66867023719836 
-16.665760625449785 
-16.660340004418902 
-16.653697109361897 
-16.654632251022324 
-16.658122594417335 
-16.658514149342416 
-16.664966712542544 
-16.664371102194387 
-16.67264633930807 
-16.674868727761677 
-16.676970275370845 
-16.677985452687125 
-16.6783420144798 
-16.687921649531287 
-16.694862739980454 
-16.69727694102514 
-16.69556321654349 
-16.697364882230943 
-16.702114318579 
-16.711112697292158 
-16.719101049781028 
-16.715414957084533 
-16.712402115053294 
-16.712496181296267 
-16.722489134172694 
-16.73257231889239 
-16.7330659230477 
-16.73702410041501 
-16.739807619386436 
-16.740039385540435 
-16.737142999069647 
-16.741381442780412 
-16.742422446231163 
-16.74029440175706 
-16.739716766353737 
-16.746073074961856 
-16.74628733197723 
-16.746350645306833 
-16.751153858063567 
-16.75290677341374 
-16.75015439066721 
-16.750986439782437 
-16.749861784615334 
-16.75114951469963 
-16.750358577332978 
-16.750305564977232 
-16.74965938278172 
-16.749813600946553 
-16.747901244566496 
-16.746665454690696 
-16.761547498687076 
-16.76266029526894 
-16.763783411974046 
-16.764161985718452 
-16.76693607401399 
-16.769040139178202 
-16.769303650466053 
-16.769305131093784 

 Time 
39.07448220252991 
