Energy 
 
2.3693496930821554 
-4.05012957823647 
-4.2659057343658064 
-4.800348499272098 
-4.84643357643775 
-5.308918776362081 
-5.6062749981214 
-5.685603476629226 
-5.732814699628248 
-5.700629427367026 
-5.931740625122603 
-6.668303208182936 
-6.604096570052035 
-6.5457701730578846 
-6.577947611640883 
-6.446046719670105 
-6.60030052369117 
-7.296448872076125 
-7.440817710433077 
-7.373344766274992 
-7.319155624202728 
-8.17567508119604 
-8.365994657550583 
-8.461057953325916 
-8.54683932404544 
-8.6979235178664 
-8.66085413812799 
-8.737925747983375 
-8.823806249618885 
-8.886060173772018 
-8.943836637856789 
-8.932640572748747 
-8.993128101863014 
-9.012777069672001 
-8.651039984600514 
-8.561538198237704 
-9.03464023187129 
-9.73874691095406 
-9.776990663275123 
-9.685416469197667 
-10.215419345743499 
-10.311169537011807 
-10.467361559322407 
-10.42884705853005 
-10.392232884039894 
-10.551558318576202 
-10.573061422514622 
-10.558421985250604 
-10.699070778984103 
-10.665977600539176 
-10.836616138814335 
-10.83847634760949 
-10.856566363207705 
-11.237290945788658 
-11.234830787941165 
-11.297676979958588 
-11.59260551390827 
-12.08629868230987 
-12.178612113379755 
-12.276862138738963 
-12.341693232982488 
-12.348549263671234 
-12.350593311290396 
-12.352049832499734 
-12.350370099973695 
-12.363923871791869 
-12.379508241355088 
-12.487412875327482 
-12.536389868881482 
-12.544206295718698 
-12.545307548659016 
-12.544917452402867 
-12.54839326582295 
-12.552199349359906 
-12.581982280870267 
-12.582688781649859 
-12.58320328111307 
-12.584022032653003 
-12.584877585416496 
-12.584777003497148 
-12.58420375087864 
-12.595309408543745 
-12.595438080832334 
-12.594330602628466 
-12.594815365071097 
-12.59497789611303 
-12.59512505983309 
-12.59493491531697 
-12.594612284565029 
-12.595121483762313 
-12.594840243453332 
-12.594804103250892 
-12.594147132274932 
-12.594201433444956 
-12.599912095372492 
-12.603432336856137 
-12.607657913349403 
-12.608007558860368 
-12.608004676189957 
-12.608604739347625 
-12.608419211102987 
-12.608928197692682 
-12.610417236375161 
-12.610119960153945 
-12.609670456601952 
-12.613112283857035 
-12.613243944116025 
-12.615251629727918 
-12.615644246697054 
-12.615645953235473 
-12.615750950235842 
-12.61572258869053 
-12.616980795450862 
-12.617008383862261 
-12.617026041208526 
-12.617026861227128 
-12.616996777690389 
-12.617123926601112 
-12.61931893576376 
-12.619316329974177 
-12.619371606376243 
-12.61959265341342 
-12.619788459337036 
-12.619812566398263 
-12.620038718015692 
-12.62002819662355 
-12.620206817773795 
-12.620682581698144 
-12.620670729793524 
-12.620773133500375 
-12.62077714183247 
-12.62072798692645 
-12.621089893940745 
-12.621912070601425 
-12.62191981574789 
-12.62199682549515 
-12.622351398681436 
-12.622353589724337 
-12.622385999417675 
-12.622382097508071 
-12.622391161453809 
-12.62242813050933 
-12.622536662656483 
-12.622765170340505 
-12.62280927179081 
-12.622810751597985 
-12.622810716986235 
-12.622810272854796 
-12.622816856982011 
-12.62284560700758 
-12.62285687521775 
-12.62290063915004 
-12.6229043670144 
-12.622904253510356 
-12.622907745472538 
-12.622995609720238 
-12.622990311252856 
-12.623001525376862 
-12.623026271352119 
-12.623032760251887 
-12.623049395335995 
-12.623054653673627 
-12.623057606799241 
-12.623093602769762 
-12.623092294875077 
-12.623111465382038 
-12.623162431961827 
-12.623166596450119 
-12.623166669920627 
-12.62316633410014 
-12.62316799114511 
-12.623168381131862 
-12.623168883493364 
-12.623175815439176 
-12.623182576137745 
-12.62319128725909 
-12.623191365062757 
-12.623198996581802 
-12.623208315428228 
-12.623208774368559 
-12.623208766884073 
-12.623209368665945 
-12.62320774775202 
-12.623207014643336 
-12.623211623184206 
-12.623217325746399 
-12.62321770626154 
-12.62321824795382 
-12.623222963035769 
-12.623222588286684 
-12.623228983934037 
-12.623232930710573 
-12.623232934797514 
-12.623233134272756 
-12.623236050194475 
-12.623236837427884 
-12.6232367530386 
-12.623236725979607 
-12.62323741466609 
-12.623238911798872 
-12.623236033475285 
-12.623236615783322 
-12.62324868646036 
-12.623248583575888 
-12.623248564118827 
-12.623251972462665 
-12.623256396297933 
-12.62325733938398 
-12.623260954063582 
-12.623262404974712 
-12.623264043759775 
-12.62326690440305 
-12.623266987842467 
-12.623267468633314 
-12.623267954035565 
-12.62326809628638 
-12.623268850220802 
-12.623271016821745 
-12.623270946382233 
-12.623272139815011 
-12.623273801242117 
-12.623274540062383 
-12.623275385526313 
-12.623275587135003 
-12.62327585584987 
-12.623276828438884 
-12.62327678664695 
-12.623276982229061 
-12.62327705679124 
-12.623277115953018 
-12.62327724840157 
-12.62327724610004 
-12.623277874979978 
-12.623277911174409 
-12.623278515032723 
-12.623278506576002 
-12.623278457374068 
-12.623278783204551 
-12.623279168981107 
-12.623279171154401 
-12.62327936593672 
-12.623279320222817 
-12.623279445130699 
-12.623279554147503 
-12.623279944672133 
-12.623280046960108 
-12.623280112014 
-12.623280079220905 
-12.623280174421518 
-12.62328025917533 
-12.623280323277353 
-12.623280371697744 
-12.623280347138527 
-12.62328039667413 
-12.623280868797641 
-12.623280869661501 
-12.623280868463338 
-12.62328098556496 
-12.623281340340766 
-12.623281530753676 
-12.623282833728716 
-12.623283044300837 
-12.623283236026062 
-12.623283710764026 
-12.623283728300645 
-12.62328396569585 
-12.623283968323967 
-12.62328394701713 
-12.62328406693732 
-12.623284363537792 
-12.623284384181265 
-12.62328439005193 
-12.623284412391577 
-12.623285326738726 
-12.623285300295052 
-12.623285614370921 
-12.623285627264051 
-12.623286130241226 
-12.623286455762548 
-12.623286458168142 
-12.62328670355853 
-12.623287083689034 
-12.62328710289523 
-12.623287099400779 
-12.623287509571783 
-12.62328772979558 
-12.623287724992725 
-12.623287722140258 
-12.623287723385108 
-12.623287726751357 
-12.623288387807296 
-12.623288293191463 
-12.623288195884738 
-12.623288730068118 
-12.623289411305526 
-12.62328942553914 
-12.623289822361059 
-12.623290084724992 
-12.623290314847523 
-12.623290425148634 
-12.623290408333762 
-12.62329046774094 
-12.623290413910201 
-12.623290866270843 
-12.623290900794753 
-12.623291021044343 
-12.623291243664513 
-12.623291274148606 
-12.623291758542978 
-12.623291766207082 
-12.623292100371726 
-12.623292237604465 
-12.623292648663995 
-12.623293091513478 
-12.623293121165128 
-12.623293201052517 
-12.623293206535923 
-12.623293270927679 
-12.623293559554222 
-12.62329380041067 
-12.623294360868684 
-12.623294376568568 
-12.623294427317003 
-12.623295485909026 
-12.623295484025615 
-12.623295649144316 
-12.623295771218011 
-12.623295708481335 
-12.623295963140219 
-12.623295948474352 
-12.62329595221448 
-12.62329662913645 
-12.623296671525422 
-12.623296660386455 
-12.623296747581305 
-12.623296742783879 
-12.62329683635269 
-12.623296842131557 
-12.623296876649112 
-12.623296818489461 
-12.623296826969208 
-12.623296840922965 
-12.623296912264898 
-12.623296928236613 
-12.623296963326295 
-12.623296964277708 
-12.623297244375626 
-12.623297235077501 
-12.623297318476286 
-12.62329729144566 
-12.62329766088025 
-12.623298586089875 
-12.623298659907586 
-12.62329861198198 
-12.623298803894857 
-12.623299067823519 
-12.623299138655447 
-12.62329912798535 
-12.623299323108846 
-12.623299528017174 
-12.623299609868498 
-12.623299569860794 
-12.623299808005509 
-12.623299786403663 
-12.623300166280558 
-12.623300286226474 
-12.623300568010594 
-12.623300656002316 
-12.623300878757716 
-12.623300918811854 
-12.623300895938872 
-12.623301079691142 
-12.623301112016929 
-12.623301035627616 
-12.623301034267248 
-12.623301037572887 
-12.623301130218497 
-12.623301156663523 
-12.623301294985295 
-12.62330131048263 
-12.623301336195333 
-12.623301378322838 
-12.623301383497445 
-12.623301453472713 
-12.623301878913615 
-12.623303158736896 
-12.623303734707996 
-12.623303736846813 
-12.623303706618511 
-12.62330377559545 
-12.62330453108672 
-12.623304904895555 
-12.623305067384107 
-12.623305051383456 
-12.623305134122761 
-12.623305153418855 
-12.623305166898241 
-12.623305670373941 
-12.623305794194504 
-12.623306377848376 
-12.623306643862046 
-12.623306785261427 
-12.623307319495321 
-12.623307448117977 
-12.623307374835782 
-12.623307396930961 
-12.623307412474063 
-12.62330729429188 
-12.623307324774299 
-12.623307299763553 
-12.62330729500145 
-12.623307303230614 
-12.623307322895847 
-12.623307333194266 
-12.623307335385926 
-12.623307482369233 
-12.623307635927773 
-12.623307667263079 
-12.623308127853 
-12.623308128913733 
-12.623308591672858 
-12.623308610554934 
-12.623308805236332 
-12.623309031561012 
-12.623309032434458 
-12.623309024703358 
-12.623309041702516 
-12.623309056164313 
-12.623309232763457 
-12.623309258870906 
-12.623309631502437 
-12.623309706829563 
-12.623309638093097 
-12.623309865995848 
-12.623309870797394 
-12.623309836638647 
-12.623310088909466 
-12.623310087721245 
-12.623310088487004 
-12.623310087856694 
-12.62331037009958 
-12.62331036847404 
-12.623310365008821 
-12.623310526087916 
-12.62331096777969 
-12.623310968358476 
-12.62331127257465 
-12.623311272773718 
-12.623311489394238 
-12.623311480955502 
-12.623311615089069 
-12.623311748645904 
-12.623311724460434 
-12.623311762740284 
-12.623311811346431 
-12.623312026455107 
-12.623312085824486 
-12.623312025194005 
-12.62331210108125 
-12.623312134398176 
-12.623312059717021 
-12.623312015806965 
-12.623312497324898 
-12.62331286422695 
-12.623313008618583 
-12.623313034107866 
-12.62331332837355 
-12.623313321206897 
-12.62331338068942 
-12.623313396821098 
-12.623313486795752 
-12.623313503718204 
-12.623313601948144 
-12.623313582658248 
-12.62331355827897 
-12.62331363262726 
-12.623313845170674 
-12.623314427237949 
-12.623314418225773 
-12.623314431218994 
-12.623315052407326 
-12.623315029588642 
-12.623314990883522 
-12.623314959044194 
-12.623314955700025 
-12.623314969412236 
-12.623315372316638 
-12.623315577933361 
-12.62331566965434 
-12.623315632974974 
-12.6233156377463 
-12.623316141244473 
-12.623316117320176 
-12.623316455931288 
-12.62331655335242 
-12.623316554386875 
-12.6233167256385 
-12.623316726809081 
-12.623316732141848 
-12.623317157284882 

 Time 
28.540100812911987 
