Energy 
 
3.8998005448887016 
2.5241500881480294 
0.5947592194002534 
-1.8546764635919368 
-4.50013714152385 
-6.364403478231191 
-8.24122715483276 
-9.847084462660971 
-10.954697848011735 
-11.923358029607048 
-12.768725416005047 
-13.396320997833374 
-13.823303912939007 
-14.212589281480719 
-14.596676495764365 
-14.9577744149853 
-15.349841613732602 
-15.70864384539127 
-16.064263049999738 
-16.407543049784127 
-16.827623511657755 
-17.0526480318707 
-17.12486838915263 
-17.702714681566032 
-17.99981285669102 
-18.2101657028025 
-18.430861355984764 
-18.63219465971846 
-18.849198194394237 
-19.030018243705978 
-19.20583015714979 
-19.377236386391022 
-19.554576687665385 
-19.723150474271534 
-19.879644499405167 
-20.033125372344102 
-20.180001782841607 
-20.294378282971028 
-20.463449037325923 
-20.60568375659757 
-20.74995854967335 
-20.894409997477947 
-21.031205340876873 
-21.16962168144529 
-21.307911019373122 
-21.430756635318808 
-21.550680963230942 
-21.660421204714652 
-21.76607937471493 
-21.867160703617134 
-21.957567609586768 
-22.046845475334873 
-22.12893957738078 
-22.211519854800265 
-22.29109376964864 
-22.36604906646497 
-22.439731674757013 
-22.51081082735298 
-22.578518146781022 
-22.643542819913844 
-22.709044282691774 
-22.773211330121796 
-22.83486037461815 
-22.89654784091711 
-22.955520796267542 
-23.00722635251396 
-22.99147083022846 
-23.11352489779682 
-23.183539427325258 
-23.23548605721045 
-23.282205230390563 
-23.296312029068726 
-23.347865207538277 
-23.398485940870422 
-23.354241154362068 
-23.445836508061554 
-23.506419497729706 
-23.55289453478844 
-23.59744923410556 
-23.63667885619792 
-23.673876568593606 
-23.709257774992835 
-23.74369550118142 
-23.777283505519936 
-23.800516417484083 
-23.84092172251572 
-23.86566045630457 
-23.905532115393658 
-23.939425361251754 
-23.97043028645961 
-24.000208044091064 
-24.029163866215544 
-24.057298623526368 
-24.084752455612065 
-24.111595061877967 
-24.137695566092006 
-24.1634142955172 
-24.18935580830924 
-24.21434086009345 
-24.23867160437154 
-24.262454111472703 
-24.285704033303823 
-24.30861290579742 
-24.331101946770094 
-24.353651539995663 
-24.376361556514333 
-24.399522173474235 
-24.421881458773424 
-24.441026928690512 
-24.41305443730281 
-24.453422338155733 
-24.494332861679805 
-24.524441585838535 
-24.548420775801894 
-24.569883639471808 
-24.588841567451322 
-24.608113449975427 
-24.626691007259275 
-24.6449785079603 
-24.663096376151504 
-24.680413907910562 
-24.697271185960936 
-24.715318330496164 
-24.731954179180402 
-24.748741097966533 
-24.7652228015245 
-24.781045450352565 
-24.796492554625186 
-24.81140347882064 
-24.825886434760033 
-24.839972069210297 
-24.853670151924824 
-24.867087075561926 
-24.880053126071022 
-24.89255184749678 
-24.904796569807285 
-24.916692228949216 
-24.928234863725567 
-24.939471038765912 
-24.950404643808756 
-24.96172399243952 
-24.97254519465972 
-24.983153790830325 
-24.993500968170206 
-25.00358196260279 
-25.013129470860935 
-25.022451971722216 
-25.031510201991743 
-25.040338054011883 
-25.048904242163445 
-25.057299060072786 
-25.0655664437751 
-25.07358406611925 
-25.0814155877589 
-25.0891001588215 
-25.096484148253484 
-25.103685438180232 
-25.110698154543815 
-25.11752647749949 
-25.124106804018414 
-25.130524502663807 
-25.13671594325921 
-25.142751634537248 
-25.148313637418937 
-25.1537639430292 
-25.15906883064928 
-25.1642469806515 
-25.16929268272694 
-25.174201396066465 
-25.178366107211303 
-25.174539601490583 
-25.18819102787673 
-25.19342200230648 
-25.197961551180203 
-25.2023085758275 
-25.20649768642429 
-25.21054191266433 
-25.21447865909121 
-25.218335909574265 
-25.222092171328974 
-25.22577509162871 
-25.22937254145095 
-25.23290441274736 
-25.236361355349583 
-25.24005401269032 
-25.243635507120224 
-25.247113253037096 
-25.250547992058685 
-25.25387419365284 
-25.25710046408576 
-25.26022911667723 
-25.263268857026787 
-25.266262301582106 
-25.26916661569242 
-25.271960186794512 
-25.274687288622385 
-25.277346273310062 
-25.279930516791396 
-25.2824520196095 
-25.284903584057062 
-25.287255268826787 
-25.289541265637148 
-25.29176129378225 
-25.29392262546277 
-25.29609935066399 
-25.298218158319123 
-25.30026735159332 
-25.302258554668537 
-25.304190726439355 
-25.306057747760715 
-25.307868029165537 
-25.309609252639373 
-25.31130062474945 
-25.312978085295942 
-25.31459571716969 
-25.316180200123533 
-25.317723570590168 
-25.319242502216262 
-25.320717869482046 
-25.32214916329169 
-25.323547505033268 
-25.32491041999746 
-25.32623739656046 
-25.327524870416912 
-25.328775328588172 
-25.32993686261962 
-25.331039108156684 
-25.33210943031115 
-25.333153175387455 
-25.334155864562323 
-25.33513106075405 
-25.336080933390242 
-25.33699748670955 
-25.337886139960876 
-25.338754225414725 
-25.339599829027655 
-25.340428610338424 
-25.3412493939339 
-25.342072446039214 
-25.34286774308088 
-25.343640070697067 
-25.344387868215282 
-25.34511465164922 
-25.345826218395555 
-25.34650547918728 
-25.34717049235272 
-25.347817002367943 
-25.348458705224026 
-25.34907935018439 
-25.349682877543618 
-25.35027395875357 
-25.350849976053304 
-25.35141083129238 
-25.351954482703867 
-25.35248303080392 
-25.35299815643525 
-25.35351846139718 
-25.3540236797558 
-25.35451238644353 
-25.354986247807734 
-25.355453458676116 
-25.3559074666783 
-25.35634832939583 
-25.35677785034058 
-25.35719426449557 
-25.357601412003284 
-25.357991900105425 
-25.358372063833528 
-25.358744856376365 
-25.3591068956312 
-25.359459902166982 
-25.359797297044146 
-25.360124092618538 
-25.360443437653007 
-25.360753979056796 
-25.36105482001627 
-25.361345191428182 
-25.36162847782955 
-25.36190649318238 
-25.36217667479106 
-25.362440575875315 
-25.362696863924718 
-25.36294658337724 
-25.363189865929414 
-25.363426527544586 
-25.363656925331938 
-25.36388123101454 
-25.36410414676479 
-25.364319569515217 
-25.364528433337515 
-25.36473112664449 
-25.364928125461432 
-25.3651197455316 
-25.365311170331907 
-25.36549698038942 
-25.365676229379428 
-25.36585024899757 
-25.366017922273034 
-25.36618146875139 
-25.366341004533965 
-25.36649617620847 
-25.366647428051134 
-25.366793924229565 
-25.36693858600629 
-25.367079147559586 
-25.367215647882862 
-25.36734845744908 
-25.367477566312434 
-25.36760412934489 
-25.367727038140988 
-25.3678464871036 
-25.367963012992533 
-25.368076464161735 
-25.36818674170791 
-25.368293642815022 
-25.368397646395287 
-25.368499829325483 
-25.36859916682756 
-25.368695612077005 
-25.368789608764555 
-25.36888116279198 
-25.36897072207022 
-25.369057984437696 
-25.36914293481493 
-25.369225228594587 
-25.369305138894486 
-25.369383300957182 
-25.369459276738837 
-25.369533097183677 
-25.369604841470615 
-25.369674603743533 
-25.36974234261926 
-25.36980822955792 
-25.36987227484241 
-25.36993462107303 
-25.36999522498238 
-25.370054187293462 
-25.370111525653584 
-25.370167374400072 
-25.370222595991333 
-25.370276290821774 
-25.370328072521318 
-25.370378674399507 
-25.37042788448942 
-25.370475753756885 
-25.370520980386843 
-25.370565033666992 
-25.370608208724672 
-25.370650251862084 
-25.370691206330275 
-25.37073101464614 
-25.370769783433143 
-25.370807343533485 
-25.37084391832606 
-25.370879736808483 
-25.37091458357145 
-25.370948523196798 
-25.37098159128503 
-25.37101380208294 
-25.37104503686016 
-25.371075200715264 
-25.37110462567834 
-25.371133231277845 
-25.371161077893866 
-25.371188208221582 
-25.371214708920604 
-25.371239782754834 
-25.371264094201027 
-25.371287894897836 
-25.371311194428465 
-25.371333908247284 
-25.37135612418048 
-25.371377572029687 
-25.371398352206278 
-25.371418656054516 
-25.3714385425811 
-25.371457907376556 
-25.371476814092418 
-25.371494944271156 
-25.371512086196812 
-25.371528739086145 
-25.371544916228768 
-25.37156071207165 
-25.371576137302092 
-25.371591197687934 
-25.371605912816037 
-25.371620297732086 
-25.371634366708243 
-25.371648116975585 
-25.37166153675001 
-25.371674669262486 
-25.371687545732293 
-25.37170021762373 
-25.37171262609809 
-25.37172478425456 
-25.371736631865 
-25.371748178650208 
-25.371759478557735 
-25.371770623372115 
-25.371781535822844 
-25.371792209816157 
-25.371802972100326 
-25.37181348961961 
-25.371823819548112 
-25.371833887864625 
-25.3718437480963 
-25.371853501432405 
-25.371863039667634 
-25.371872349967678 
-25.371881366116725 
-25.371890194781567 
-25.371898833916156 
-25.371907308456592 
-25.371915599641703 
-25.37192371923082 
-25.37193170596683 
-25.371939528847072 
-25.371947168454973 
-25.371954638644276 
-25.371961957121318 
-25.37196912232215 
-25.371976136425875 
-25.37198300101779 
-25.371989703109133 
-25.37199628462301 
-25.37200271932006 
-25.372009026336475 
-25.372015199874305 
-25.372021214462443 
-25.372027123678812 
-25.37203290641744 
-25.372038566526744 
-25.372044114162215 
-25.372049558582365 
-25.37205488975423 
-25.372060106120127 
-25.37206523446816 
-25.372070257169568 
-25.372075125049033 
-25.37207989135186 
-25.372084580887236 
-25.372089189451614 
-25.37209373110382 
-25.37209818157612 
-25.372102514624395 
-25.372106745323222 
-25.37211089696713 
-25.372114963699726 
-25.372118943893554 
-25.372122842348826 
-25.3721266609748 
-25.372130401451656 
-25.372134067212627 
-25.37213765935277 
-25.372141166906257 
-25.37214460520197 
-25.372147974807035 
-25.37215127771912 
-25.372154522108836 
-25.37215773873563 
-25.372160890200668 
-25.37216397830993 
-25.37216700649862 
-25.372169974904953 
-25.372172883645668 
-25.37217574544974 
-25.372178542346315 
-25.372181281960927 
-25.372183970226082 
-25.37218660513162 
-25.37218918853956 
-25.37219172215493 
-25.372194176393105 
-25.37219657837191 
-25.372198937434497 
-25.372201254295682 
-25.37220352623364 
-25.372205756186897 
-25.37220794421488 
-25.37221009063928 
-25.372212174667222 
-25.37221422352076 
-25.37221623450012 
-25.372218202722845 
-25.37222013415277 
-25.37222203844055 
-25.372223919369116 
-25.372225764361957 
-25.372227567694132 
-25.372229329169834 
-25.372231044862172 
-25.372232677499557 
-25.372234277224027 
-25.372235847206618 
-25.372237388272467 
-25.372238901075818 
-25.372240392191983 
-25.372241856075938 
-25.37224327982338 
-25.37224463876156 

 Time 
384.77721762657166 
