Energy 
 
3.644175773884647 
3.6600339326762703 
3.320489598161825 
-0.3988294273210421 
-0.7222290922311504 
-4.169527133492107 
-5.940859281915456 
-6.014857161692371 
-6.610676404213271 
-6.848011375047371 
-6.8463245571834825 
-7.7212502490416055 
-8.187679299473938 
-7.629963734898545 
-7.793006517138034 
-7.807430476726239 
-7.802206343651271 
-7.919530895549018 
-8.186074958714945 
-8.213897437986434 
-7.947333865697738 
-7.222775991017807 
-7.85050653910859 
-7.5557623596900925 
-9.119246448893495 
-10.116751558463044 
-10.405414244611467 
-11.073769104467269 
-11.385909113717034 
-11.2369621609277 
-11.27180768007922 
-11.571754493229047 
-11.617598034768271 
-11.739980085311993 
-12.190134998006641 
-11.741269593254831 
-11.663402792942827 
-12.14944004100801 
-11.877380387496018 
-11.254710479540615 
-10.61878401640391 
-10.044799463806175 
-10.078037778041363 
-9.861367608195145 
-10.115121330265922 
-11.491633757698839 
-11.544328944608699 
-11.922798766238447 
-13.005269942227317 
-13.02283236166835 
-13.241435192749249 
-12.215451835425636 
-12.824158996208011 
-12.783844478963518 
-12.775934504983688 
-11.46329311708145 
-11.449831792816605 
-11.436478078553977 
-10.638874737366265 
-12.011599017441302 
-11.923240735253946 
-11.880384293099631 
-11.87483858764758 
-12.336656026954051 
-11.645260397263542 
-11.69372542873316 
-13.088560876598237 
-12.406760755982244 
-12.483880615353264 
-11.602220488932712 
-11.483720052210023 
-11.763244397633601 
-11.926663857252796 
-11.806097241786386 
-11.900957633278338 
-13.30484780345565 
-13.299793340237976 
-13.30965014135365 
-14.5858635996505 
-14.592376084150954 
-15.033015897941887 
-15.473381062979335 
-15.53649042209078 
-15.690230010580018 
-14.405092791125888 
-14.06997279429328 
-14.099483133086764 
-14.11168362579396 
-14.135592798587039 
-14.207931801168627 
-14.20555188553504 
-14.417143471545796 
-14.37287818498075 
-14.892009869868582 
-14.874472378080867 
-14.862648965343553 
-15.914427978038336 
-15.88097116832855 
-15.643451837778949 
-15.620978391945322 
-15.63283433251125 
-15.961548101240329 
-15.940060162540417 
-16.19812233548654 
-13.798090728291818 
-14.093964388904105 
-14.379293749277533 
-14.29975733002234 
-14.280709762399152 
-14.122619768759277 
-14.194508196326908 
-12.47932949008358 
-12.52542982727409 
-12.532182188556925 
-12.409248500791826 
-12.50813126002871 
-12.828722188069483 
-12.192933008321676 
-12.115131499035998 
-12.63904525628453 
-11.706901423072164 
-11.765016634714826 
-11.200912399002455 
-11.67622481614051 
-11.743976393932869 
-11.723152005974121 
-12.266253015073659 
-12.415288789765574 
-12.271522544272525 
-12.518307131592849 
-12.308985535935808 
-12.256916772656774 
-12.222176541123996 
-11.966166316599258 
-10.1107091254581 
-11.289612807551102 
-12.342800176919406 
-12.48675936025939 
-12.53844946862691 
-12.888516844698886 
-9.780319092072046 
-10.310926446727407 
-11.170602422958 
-10.98289064922331 
-11.176399892357491 
-11.449814171060591 
-11.499639157436663 
-11.460284667448994 
-12.518287191889257 
-11.831306841251402 
-11.133276611542078 
-11.362792725749713 
-9.77302137698183 
-10.120311823135875 
-10.699108413208336 
-11.042966874196875 
-9.851810201598195 
-10.885384779513167 
-11.217661175834364 
-11.27835322752018 
-11.237951585999106 
-11.071666131768907 
-11.669987069588094 
-11.800181224877889 
-11.86470897716596 
-12.345456036792745 
-11.971847285087222 
-12.557132754380929 
-12.649186557267004 
-14.118669648355258 
-13.881703598008258 
-13.917889815985166 
-14.075804043179874 
-14.035205662570448 
-14.166076818675988 
-14.147330631954862 
-14.471072045160922 
-14.564022647330706 
-14.654381092458527 
-12.689093368643812 
-12.923822953451985 
-13.45264656512565 
-14.18249765437642 
-13.811306391967852 
-13.960917954269833 
-14.255144845188692 
-14.31424122640694 
-14.318659945761487 
-14.68248242749135 
-14.67583608787311 
-14.59713609804965 
-15.444841026343655 
-15.486695322006986 
-15.577592768291284 
-15.638187672380097 
-13.635392049960815 
-10.306741150790383 
-10.573300447255622 
-10.556161357915206 
-11.397785257453101 
-11.941721811978615 
-11.941806092064223 
-12.20611865450751 
-12.166273142112711 
-12.872062238655039 
-13.00836188415061 
-12.98747434466026 
-12.93021739651964 
-12.916694984059943 
-12.709797396221592 
-12.707930383256459 
-13.068583878574653 
-13.341557833244579 
-13.31813222641231 
-13.151493783251203 
-13.383016822841375 
-13.788662919094207 
-13.975509572980911 
-13.89504227751608 
-13.93600739204245 
-13.840167120063366 
-13.842092830865468 
-13.561387557862975 
-13.853207397694439 
-13.756495056755709 
-14.021666015337672 
-13.416257700687135 
-13.415158801736895 
-14.154214980613748 
-14.188464407218136 
-14.501212492920885 
-14.536787053161106 
-14.392987983330357 
-14.292742802056573 
-14.114646400010791 
-13.13824900184324 
-13.492959620494355 
-13.412369831526034 
-13.219627891419016 
-14.062729649257811 
-13.408866246490923 
-13.724172588488244 
-11.718887672985572 
-11.821429314326824 
-11.788905937729288 
-8.73490707058848 
-11.843534708541307 
-11.931373629769702 
-9.766319610680798 
-9.179925335582674 
-9.80790543313065 
-9.588054124786678 
-9.310398740542126 
-10.684743531658738 
-9.737400924419621 
-4.48794130921983 
-6.228355968384258 
-7.212939242064366 
-7.725396959898201 
-8.111358215430254 
-7.886033717990275 
-7.925714154211565 
-8.191004575699736 
-8.219578157773096 
-8.252065052134784 
-8.051448645378466 
-8.604153266682598 
-8.86394412245099 
-4.809378226608425 
-5.197013657596047 
-4.963936573814689 
-8.275440248263505 
-8.381859868444296 
-8.729864815925902 
-10.752655972334438 
-11.055011684027448 
-11.417829407613324 
-11.553106304856312 
-11.810420287576065 
-11.774621531482753 
-11.748868314878727 
-11.44812747360648 
-12.714909154312343 
-12.89303755463252 
-13.034986008257532 
-12.947373099449814 
-15.576476494490553 
-13.463366239398722 
-14.620782363700766 
-14.695331519464514 
-15.467384485540087 
-15.118571365489508 
-14.277132051453764 
-14.715184597924289 
-11.597596694929337 
-13.008657649404707 
-13.169864422447796 
-13.523299793225457 
-14.459222950738644 
-14.052008171835102 
-13.19496339786611 
-13.920425086400984 
-14.690490087010721 
-13.425453510254476 
-13.460516066685015 
-13.66577932693718 
-13.817695034470962 
-14.14150530610892 
-13.831089756143966 
-14.114758723870027 
-10.000679550057797 
-9.995757093359376 
-8.954018459106988 
-8.963909504999116 
-9.779282741447679 
-9.947163655082012 
-9.98392192061441 
-10.011712098736107 
-10.424652245843228 
-11.747752417054095 
-13.273662715993709 
-13.184645600010187 
-13.103135707008935 
-13.760214147044405 
-14.894977938026479 
-14.83191854991497 
-13.691660374990184 
-13.09345523963985 
-13.641287975685634 
-13.639327820513287 
-14.892235309704663 
-14.747510146519586 
-14.74024610386796 
-14.496691777780962 
-13.363978745447163 
-12.831143124637094 
-12.861353719368733 
-13.661179146740729 
-13.57806722674687 
-13.530027463279046 
-13.11841151582501 
-12.431767473446797 
-7.010036063523717 
-6.862980576237687 
-7.658797159597322 
-7.885029323312701 
-8.523046594677313 
-8.274455505162765 
-7.658941455133957 
-7.425631724626477 
-6.972245936998599 
-9.284986489968041 
-9.480400272317855 
-9.64201626420165 
-9.490861171908488 
-10.519228080623257 
-10.124248060445277 
-10.014380137035998 
-9.35388363072487 
-9.146050432019234 
-9.984781923844626 
-9.97654635362096 
-9.237062168744883 
-8.856764892105755 
-8.873322921243087 
-8.880175081024227 
-9.177076134845214 
-9.1768233452342 
-9.235290677687658 
-11.771518146193603 
-11.80978111669875 
-11.507686052238462 
-11.503488211866658 
-11.982362875993216 
-11.678442311178376 
-12.299763013760403 
-12.212003594445651 
-12.583495338825093 
-12.584088791795226 
-12.354231776796553 
-12.817968281138768 
-12.862333985630835 
-12.750499380744825 
-13.078022781458559 
-13.555306774216206 
-14.09040196575717 
-14.099376104027009 
-14.099203827401908 
-13.89569668563131 
-14.233494175891064 
-13.942522830437092 
-13.890834271904804 
-12.848192851993211 
-12.929025059509483 
-12.547788831303274 
-12.526171630603917 
-13.087028590634809 
-13.039578992579989 
-12.840352281738149 
-12.898694377914516 
-12.601842186584367 
-12.657933191493072 
-13.116570600610865 
-13.206511519949922 
-13.295507041040388 
-13.290616739394444 
-12.06949842176614 
-9.384259075626698 
-9.471180342586615 
-11.208065288217337 
-12.464755566912665 
-12.376040284762096 
-12.921463238476818 
-13.271773536025798 
-13.432712182961055 
-13.373884901506369 
-13.119307836358441 
-13.131645529078193 
-13.265740490552908 
-13.05442632086463 
-11.940782994018836 
-11.874782030301722 
-12.674250082171742 
-13.470171501542278 
-13.424214105409359 
-13.334235414398009 
-13.152716875795358 
-13.18763442057357 
-13.893358483776748 
-11.011246002456472 
-13.416919579460767 
-13.454466742360884 
-13.693707885566353 
-13.5086802532325 
-13.628235446108633 
-13.003397837878348 
-13.049085385214616 
-13.173034587130775 
-12.690861938331716 
-12.89248482265182 
-11.513687115527805 
-11.547966118142734 
-11.007956801831885 
-9.595995736639527 
-10.7542409831407 
-9.167041765209419 
-8.720267283507798 
-7.905820487303538 
-11.45404635861018 
-10.06538712478834 
-10.628831901271454 
-11.061707191268072 
-11.70511489916763 
-11.71311566082012 
-11.980484169783317 
-13.477577558772749 
-13.164483259499338 
-13.076081437854233 
-13.124024738128565 
-11.978799237405356 
-11.187100188405756 
-11.283768105682881 
-12.590792740022094 
-12.48572980095297 
-12.621138765859016 
-13.206309372691283 
-13.106948810506351 
-10.496412920264962 
-11.747125393354207 
-14.77140203361803 
-14.769329902314052 
-16.439792592670788 
-16.455505223412626 
-16.474285476281725 
-15.631835942243736 
-15.455967438122352 
-15.5639523431615 
-16.355205777981112 
-16.017869885496072 
-15.49248736432049 
-16.15084305694089 
-16.045380483580956 
-15.126161138229868 
-15.510120958190525 
-15.82297083981361 
-15.750364919685632 
-15.58068005412632 
-13.735904195964572 
-14.058910508597673 
-14.037342320134295 
-14.436099209930697 
-14.44157324314706 
-13.824780435068707 
-12.196399288854378 
-14.387812691476904 
-12.70401251312077 
-12.692260475875925 
-10.525646145628315 
-11.681785868323338 
-11.636339503068797 

 Time 
105.39313101768494 
