Energy 
 
3.8998005448887016 
3.9101354872520915 
2.6892160736181085 
0.9405555422987334 
0.8548816323199135 
-0.7943088705114847 
-1.0172887713013319 
-2.1508004054993624 
-2.1358825620584945 
-2.339759490490845 
-7.07662851716365 
-8.65949233535742 
-7.774930257810684 
-8.390055639970264 
-11.009545322385877 
-10.956603940305815 
-10.989507732432621 
-10.740214160182772 
-10.709669369229447 
-10.620657308853168 
-10.670116779771972 
-10.891150779139492 
-10.958617600345775 
-10.501765013150223 
-8.302240062773247 
-8.30308228383015 
-8.252091740645117 
-9.237268474037236 
-9.605381162343916 
-9.6278623254136 
-10.709096577202 
-10.824807852746014 
-10.574878724251665 
-11.870625088271103 
-12.438200110537771 
-12.603965244356772 
-12.636030253943725 
-12.625737536355844 
-13.975370756756275 
-13.989878659583958 
-13.986217415231742 
-13.938149236139768 
-14.142376298238458 
-14.644027838868627 
-15.012368217755565 
-14.777431699643326 
-14.409652841530692 
-15.347707943737424 
-14.51928355468424 
-14.493667892196685 
-14.623219151979022 
-14.573637345668153 
-14.082610697206947 
-14.089755000359107 
-14.05897804441756 
-13.84145273874597 
-13.797482310323826 
-13.70331974252715 
-14.425079004439084 
-13.994854323310125 
-13.674257919832014 
-13.691151762761237 
-12.224281192338546 
-12.19978728608115 
-12.267309264567968 
-11.675041436109215 
-11.487954921190848 
-9.1385772097786 
-10.14175623328792 
-10.115297797584065 
-11.981807829806764 
-11.947642255614863 
-11.655510278384133 
-11.519484629163312 
-10.665850048828169 
-10.700816150744794 
-12.65561507944072 
-13.355772279368244 
-13.993886843928697 
-13.345195325085484 
-13.39530779145077 
-13.454367516897362 
-12.962444214469555 
-13.33923704524154 
-13.653143213303679 
-13.540892130784275 
-14.34531858882367 
-14.307379141529935 
-14.423772687698259 
-14.344461467614442 
-14.284088774111598 
-13.921478858149058 
-13.6455412790745 
-14.120390175712474 
-13.932038127314232 
-14.068037154877073 
-14.050044570338395 
-14.88272361813517 
-15.264689373572384 
-15.285895072515675 
-15.484864254007679 
-15.230946054601112 
-13.683811273411802 
-12.826196037019715 
-12.521256365235505 
-12.86263396747101 
-13.135683485151185 
-13.32842199402409 
-12.456504419394633 
-12.332584337657774 
-12.179222359873169 
-12.507209090330198 
-11.864243133923559 
-11.7197602323784 
-12.987114922182835 
-12.419098289024904 
-11.623901570994299 
-11.976402177446545 
-12.098593171221186 
-11.695093798364583 
-12.590652078994834 
-12.632306267060534 
-13.557411591844602 
-11.552484703096795 
-9.990603929247289 
-11.929049271256345 
-11.36657313539306 
-11.381326366213942 
-11.380572090792052 
-12.583412730873405 
-12.549445947890227 
-12.951574605401124 
-13.364552716113982 
-4.9443942827464475 
-4.838173611165384 
-4.589840673561471 
-4.534542849923561 
-4.497722757669172 
-4.514034131189462 
-4.69451311798619 
-4.728859414512674 
-4.937205507364395 
-5.386518868391042 
-6.404793877214244 
-8.702634067327832 
-9.743387455224406 
-9.377232250190659 
-9.191203408294944 
-9.23898583623308 
-9.182251917292884 
-8.538275596397265 
-8.554825125243838 
-8.513555561712742 
-7.42729706741059 
-10.065308869043156 
-10.298902524960813 
-9.78274771679064 
-10.010174229756934 
-6.9972590711428 
-8.014801673528314 
-8.367372608375016 
-8.356446346783578 
-8.841069421427227 
-7.025972358069534 
-7.004657595868265 
-6.733007173448486 
-6.7591695318853855 
-6.424562033422774 
-6.546221126979596 
-7.208529275403874 
-7.273680720231248 
-10.110616284490217 
-10.119965978501323 
-9.474489931143086 
-11.867056730485723 
-10.915183823150727 
-11.428305840419453 
-11.465542609614253 
-10.947364058315149 
-11.4431243538764 
-11.443125599119714 
-11.385056513276886 
-11.281134180400342 
-13.413233773642403 
-13.267088292899789 
-13.386801314585849 
-13.101502206893286 
-12.378034906314168 
-12.361723472262092 
-12.31376712359617 
-12.344058135197983 
-12.57330868511475 
-12.668396642551487 
-13.02544117089164 
-13.095244262511217 
-13.178586737086015 
-12.959606065825888 
-12.938899283936172 
-12.948943387528363 
-11.62213373305903 
-11.56855372468919 
-11.241470067644098 
-11.087601235083499 
-11.725106560015924 
-12.01540443545343 
-11.611485609451009 
-11.81510085187114 
-11.86413628891037 
-11.787763691586141 
-12.417401209097353 
-12.44147033952394 
-13.033517959970984 
-13.524023096002733 
-13.69027571928223 
-13.67603729486547 
-13.658025262141837 
-13.092926451531866 
-13.143837613654005 
-13.131428247246975 
-12.401234903106422 
-13.185867681619321 
-14.307367968021051 
-15.244275013286229 
-14.691170072457806 
-14.304557116246107 
-16.545408917987416 
-14.120911221452747 
-13.75441079341363 
-13.78890475948813 
-13.78196517377725 
-14.425328170798505 
-13.495853096397049 
-10.723645212237004 
-10.710395323582375 
-11.710887027357742 
-12.250808375308115 
-12.555946815044308 
-11.959903163121437 
-13.489394277674362 
-13.730078297974558 
-13.706371883335851 
-14.735201693091959 
-14.614422376169522 
-15.62017662258074 
-14.877977197568864 
-14.781628241249658 
-15.07674380245786 
-15.422653363708443 
-15.914155906651937 
-15.95709146070292 
-14.080405735104929 
-14.096664841706122 
-13.785724289489444 
-13.846079080300543 
-10.681598208334746 
-10.486327368568075 
-11.159259063063997 
-15.479250028323474 
-15.408642675706425 
-15.360319970132538 
-15.374934332387731 
-14.646687413401883 
-14.646386261806102 
-14.622443455099631 
-14.62720656234799 
-14.691211159182005 
-14.347566039511076 
-14.69437308466231 
-14.962036820691361 
-12.30103165323093 
-11.353346083863142 
-10.522802554608335 
-10.333162785874764 
-10.201646688790007 
-10.451105602209255 
-10.065083637753334 
-10.01795491817724 
-10.083321235475621 
-10.062015127304628 
-10.394570703076408 
-14.053000885902946 
-14.350534191867089 
-11.581478225583796 
-11.485144626942505 
-12.317384170035739 
-13.7169534245443 
-13.772299743779191 
-14.285315116834234 
-14.18777087416471 
-14.398011190453845 
-14.22075716726574 
-14.601282636413346 
-14.590980113528794 
-14.573559734168477 
-14.149808003602548 
-15.51231748957461 
-15.291443225129798 
-14.584395232163804 
-14.569534265081415 
-13.94446245023154 
-13.468058735132816 
-14.280195925124918 
-14.247294789016893 
-14.174175862677282 
-10.791278973810497 
-12.520727029727798 
-12.522265864836559 
-12.519070828093222 
-12.568107659106689 
-12.567002375484975 
-12.8134852899415 
-12.85932492704626 
-12.898007206925207 
-12.91717255775323 
-12.927573939691602 
-12.53130859835022 
-13.931287204220393 
-14.035603810113543 
-12.945059070794333 
-13.400161543893939 
-12.800001271896395 
-14.54049373224604 
-15.40029238572533 
-16.094645185029364 
-16.08541143477315 
-15.28696699194014 
-15.299117098854728 
-15.163896344019694 
-15.173042858361468 
-14.93592313459802 
-7.254373444638439 
-7.594580884026637 
-7.431232466573042 
-8.812547355271645 
-9.657500071655548 
-10.502778036428047 
-13.363590286598361 
-13.47860546537531 
-11.889050984474816 
-10.594945056435 
-10.001608552574295 
-10.975029671556245 
-9.474542468970833 
-10.24621569344297 
-9.992641397781787 
-10.403271019319543 
-10.610695130997758 
-6.454084105454371 
-7.350878730593568 
-7.488937909132244 
-7.420160055580563 
-7.6986775956337485 
-8.049271141569967 
-8.05638596909287 
-8.812711774470136 
-9.087851735233645 
-9.404702618584754 
-9.561500481731082 
-9.554183485561209 
-9.22264153644438 
-9.127454726776895 
-12.712953796506318 
-12.828974823133736 
-8.786298459557749 
-8.826327996121517 
-8.880243770132969 
-9.919951287159273 
-10.949331952259515 
-10.608852184830276 
-12.729385145374508 
-12.357276560691243 
-12.203634432710828 
-10.502841655743577 
-11.822276335754212 
-12.455778153178501 
-12.45101260905507 
-12.771052028637383 
-12.599046655314863 
-12.675084440291716 
-12.672028297979365 
-11.685275843816862 
-12.044250572485321 
-15.01468495274481 
-14.67737128358057 
-14.303310815046865 
-12.700849218233886 
-11.862257069740402 
-11.84488060408574 
-4.840104755092714 
-5.2827610526006135 
-5.275482904295542 
-5.335588360754067 
-6.46846773044892 
-7.4552027098819975 
-6.813490094027891 
-10.325986719749974 
-10.69948388338551 
-8.552723679333049 
-8.53399594454227 
-8.616220162299367 
-9.129430089492903 
-8.967200227138166 
-8.790838966322042 
-11.014749685227516 
-11.000950335890066 
-11.059866551169634 
-10.994777151350535 
-10.955261563149325 
-10.713344124591215 
-10.67953531837528 
-10.76590588172197 
-10.922040378398986 
-10.91127400010241 
-11.316849620610004 
-11.015164185272859 
-11.23954128005725 
-11.672237542782469 
-12.679046169739332 
-13.436352672725498 
-13.595044559283766 
-13.598611126611315 
-13.511185989173894 
-13.73176498538432 
-13.809677437731311 
-13.7918194390762 
-14.195281163987563 
-14.12669057515657 
-14.030632963263713 
-13.893421282322139 
-14.163589691271577 
-10.616807578169972 
-10.722598309595547 
-11.944681789257817 
-13.264098114997358 
-13.48247966826823 
-13.36033415051257 
-13.037783803875222 
-13.835166048919847 
-13.817126610375412 
-13.698653501580901 
-13.784811141138139 
-13.21130200066748 
-13.305414787151706 
-14.086910774603693 
-13.078824489396586 
-12.845536235560354 
-13.85724446086449 
-9.329246861882691 
-10.211008540898268 
-9.674099497246589 
-10.208286166915855 
-10.114440322132923 
-9.446451170462687 
-9.245921375747036 
-10.771319141386448 
-10.813077295516292 
-10.873808989892833 
-10.951945790435662 
-12.633856283307562 
-12.89811948159113 
-14.031998893232256 
-13.65267259711838 
-13.68563491652281 
-14.054917534455164 
-14.388323794968764 
-13.57376184992432 
-13.392773227898997 
-13.605614014972028 
-13.667970141580527 
-13.603073030681108 
-13.612513932881482 
-13.629466661941583 
-13.452370605104788 
-13.63853343572681 
-13.483050359336097 
-13.41040993563186 
-13.593740752203672 
-13.622687420148903 
-13.336803198758414 
-13.543596280142777 
-13.594606202169492 
-13.695147289018996 
-13.615321089660398 
-13.880049562990092 
-13.67325802366415 
-14.487166539300079 
-14.448294921471433 
-14.500915315895158 
-14.449643942884299 
-14.43402507645867 
-14.533607799358613 
-14.60445544769589 
-14.72849676969044 
-14.772552956824603 
-14.668184829840214 
-14.546713954559715 
-14.36856625607785 
-14.863960156624186 
-13.15866826498931 
-13.24082639294488 

 Time 
461.4121081829071 
