Energy 
 
-0.3013136220446028 
-0.7054037346342931 
-1.37819996505903 
-2.0716348471425685 
-2.8785411435463817 
-3.7152361051767055 
-4.456314195290978 
-5.052410200443128 
-5.409869312401712 
-5.642672087750066 
-5.8586516355251685 
-6.079005852260854 
-6.287313242663571 
-6.481439217859958 
-6.638519147590111 
-6.768277451535219 
-6.853219794781198 
-6.969796317726911 
-7.093537671064842 
-7.234169996112278 
-7.34726119680861 
-7.442357327206696 
-7.558412900401586 
-7.659637865114963 
-7.728448934074401 
-7.790948123307584 
-7.862691393697123 
-7.9301431666515665 
-7.9947446634075465 
-8.046802737440824 
-8.096874293058342 
-8.144778741019632 
-8.190305824537413 
-8.239444346906408 
-8.281449116503627 
-8.319402436644873 
-8.354549376994768 
-8.384027394056563 
-8.41107181904114 
-8.43364797833288 
-8.4540657212491 
-8.471464725465209 
-8.484089514447854 
-8.497165766818 
-8.51259078740715 
-8.528634845564943 
-8.560713698300715 
-8.576372424675746 
-8.589165438263834 
-8.600537329299605 
-8.611972554968057 
-8.62305287490775 
-8.632674370991037 
-8.641586251703604 
-8.651270948463152 
-8.659598706450732 
-8.667641032251032 
-8.665963602653491 
-8.680803266095594 
-8.687982833745142 
-8.694630046083839 
-8.700917929725403 
-8.706902238577127 
-8.712629912114416 
-8.716889200368245 
-8.720062894652193 
-8.726820686397334 
-8.733213244300924 
-8.73806477798518 
-8.742371787224997 
-8.746429833248346 
-8.750271860050077 
-8.753960886889539 
-8.75751369756214 
-8.760931356854154 
-8.764231154616015 
-8.767382914208293 
-8.770362364490962 
-8.773276590671916 
-8.776145705152349 
-8.778862799747474 
-8.781500715317328 
-8.784040915557771 
-8.786463786204953 
-8.788815848425628 
-8.791080012004254 
-8.793257545907563 
-8.795350426366024 
-8.797365253401532 
-8.799305033560861 
-8.801188373680162 
-8.802994868477509 
-8.80471870319083 
-8.806367728143716 
-8.807951615788578 
-8.809548174703407 
-8.811063936768237 
-8.812520561223389 
-8.813914740354068 
-8.815246645617286 
-8.816523010438347 
-8.817745104231742 
-8.81891946032468 
-8.820039832715043 
-8.821116724858262 
-8.822149534072247 
-8.823139852769716 
-8.824091254317741 
-8.825007280979912 
-8.825881524587 
-8.8267085281546 
-8.82750073586593 
-8.828253249050093 
-8.828972870863614 
-8.829635082375116 
-8.830271331961354 
-8.83088251477426 
-8.831461434661993 
-8.83201460532711 
-8.832542524328204 
-8.83304772499948 
-8.833518326094508 
-8.833968427232866 
-8.834409528435273 
-8.834842014421412 
-8.83525450204255 
-8.835649580431225 
-8.836028643703683 
-8.83639000941682 
-8.836736740624008 
-8.837069483361967 
-8.837392184784349 
-8.837701796194715 
-8.837998611008311 
-8.838283336437883 
-8.838557324517916 
-8.838820310365689 
-8.839070592606351 
-8.839309838287134 
-8.83953911918033 
-8.839759423879924 
-8.839972084396589 
-8.840177427030962 
-8.840373949652086 
-8.840555448014111 
-8.84072941314105 
-8.84089466313396 
-8.841054443918397 
-8.841207153619793 
-8.841354076303125 
-8.841495011209984 
-8.84162969188074 
-8.841758163588093 
-8.841880962708185 
-8.842000423555804 
-8.842112929653176 
-8.842220705843431 
-8.842324006091934 
-8.842422766889609 
-8.842518545365113 
-8.84260980444271 
-8.842696351557606 
-8.842778401562125 
-8.842856075370802 
-8.842932026764577 
-8.843004358606253 
-8.84307325211421 
-8.84313816594578 
-8.84320005926711 
-8.843259093919537 
-8.84331537798361 
-8.843369308916882 
-8.84342043254735 
-8.843469497513343 
-8.843516322445506 
-8.843561067818914 
-8.843603612672634 
-8.843644172804044 
-8.843682781351813 
-8.843719514677746 
-8.843754318371431 
-8.84378709740345 
-8.843818370064797 
-8.843848118634147 
-8.84387651820522 
-8.843903572772874 
-8.84392941170743 
-8.843953953956749 
-8.843977411898413 
-8.843999819262642 
-8.844021112594836 
-8.84404147309287 
-8.844060728372337 
-8.844079093093802 
-8.84409665410889 
-8.844113412189898 
-8.844129167377224 
-8.844144201550558 
-8.844158547144005 
-8.844172311366021 
-8.84418547011834 
-8.844198054750947 
-8.844210099225524 
-8.844221622281664 
-8.844232608424917 
-8.844243086455434 
-8.844253097309807 
-8.844262633634663 
-8.84427175669229 
-8.84428048418059 
-8.844288951884796 
-8.844297045864167 
-8.844304784903393 
-8.844312185089585 
-8.844319261932846 
-8.844326044504344 
-8.84433252281259 
-8.844338520999464 
-8.844344297282808 
-8.844349818524561 
-8.844355072335034 
-8.844360040577284 
-8.844364793760748 
-8.844369342881041 
-8.844373696321547 
-8.844377852883804 
-8.844381857524791 
-8.844385688509826 
-8.844389348404714 
-8.844392851432477 
-8.84439621612004 
-8.844399433600291 
-8.844402510663231 
-8.844405452907514 
-8.844408266037334 
-8.844410958101937 
-8.84441352570884 
-8.844415979780377 
-8.844418324581802 
-8.844420564537886 
-8.844422711624196 
-8.844424765687695 
-8.84442672750537 
-8.844428601045701 
-8.844430393512983 
-8.84443208740877 
-8.844433689190822 
-8.844435217766279 
-8.844436678591151 
-8.844438070052425 
-8.844439402409735 
-8.844440669631002 
-8.8444418803703 
-8.84444303771622 
-8.844444146255187 
-8.844445200053876 
-8.844446207827676 
-8.844447169999514 
-8.84444808751898 
-8.84444895406523 
-8.844449782009287 
-8.844450573061499 
-8.844451328913923 
-8.84445204827831 
-8.844452735466602 
-8.844453389327706 
-8.844454014517853 
-8.844454612234076 
-8.844455183005088 
-8.844455728053404 
-8.844456247099979 
-8.844456738699877 
-8.84445720814951 
-8.844457656582822 
-8.844458085045757 
-8.844458494011329 
-8.844458884206588 
-8.844459256317531 
-8.844459612987956 
-8.844459952108737 
-8.844460275213537 
-8.84446058364854 
-8.844460876416678 
-8.84446115578021 
-8.84446142238205 
-8.844461676807347 
-8.844461919652158 
-8.844462151052728 
-8.844462370378912 
-8.844462579372847 
-8.844462778475965 
-8.844462965806244 
-8.844463144863813 
-8.84446331443726 
-8.844463475396106 
-8.84446362934701 
-8.844463776968393 
-8.84446391797215 
-8.844464052647279 
-8.84446418128985 
-8.844464303571877 
-8.844464420349876 
-8.844464532441407 
-8.844464639601952 
-8.844464742117806 
-8.844464840006482 
-8.844464933345725 
-8.844465022564755 
-8.844465107604247 
-8.844465188603333 
-8.844465265946106 
-8.844465339776276 
-8.844465410372331 
-8.844465477967425 
-8.84446554246881 
-8.844465603903146 
-8.844465662589311 
-8.84446571901854 
-8.844465772849968 
-8.844465824198346 
-8.844465873222418 
-8.844465920046794 
-8.844465964795466 
-8.844466007398823 
-8.844466048032858 
-8.844466086819079 
-8.844466123834666 
-8.844466159146277 
-8.844466192710337 
-8.844466224734374 
-8.844466255355702 
-8.844466284447865 
-8.84446631217695 
-8.844466338674605 
-8.844466363850914 
-8.844466387892469 
-8.844466410849353 
-8.844466432773224 
-8.844466453616368 
-8.844466473533116 
-8.84446649256309 
-8.844466510764864 
-8.844466528167775 
-8.844466544812327 
-8.844466560726062 
-8.844466575848998 
-8.844466590320524 
-8.844466604172336 
-8.844466617444235 
-8.84446663015265 
-8.844466642203258 
-8.844466653803435 
-8.844466664923862 
-8.844466675574921 
-8.844466685834751 
-8.844466695664615 
-8.844466705101224 
-8.844466714032091 
-8.844466722625748 
-8.844466730898256 
-8.844466738809832 
-8.844466746432289 
-8.844466753739814 
-8.844466760773841 
-8.844466767520437 
-8.844466774038974 
-8.844466780311246 
-8.844466786362117 
-8.844466792201217 
-8.84446679782385 
-8.844466803255271 
-8.844466808467992 
-8.84446681348808 
-8.844466818329641 
-8.844466823016003 
-8.844466827554633 
-8.844466831950763 
-8.844466836198697 
-8.844466840317462 
-8.844466844316386 
-8.844466848213031 
-8.844466851992182 
-8.844466855692122 
-8.844466859311428 
-8.84446686285154 
-8.844466866286888 
-8.844466869616934 
-8.8444668728499 
-8.84446687601716 
-8.844466879055803 
-8.844466882004609 
-8.844466884881202 
-8.844466887689125 
-8.844466890437818 
-8.844466893130857 
-8.844466895728194 
-8.844466898260075 
-8.844466900736414 
-8.84446690315797 
-8.844466905527794 
-8.844466907824183 
-8.844466910079262 
-8.844466912285398 
-8.844466914459055 
-8.844466916590752 
-8.844466918683798 
-8.844466920737258 
-8.844466922760937 
-8.844466924729298 
-8.844466926663852 
-8.844466928562714 
-8.844466930445769 
-8.844466932305261 
-8.844466934139252 
-8.844466935948127 
-8.844466937733474 
-8.844466939488193 
-8.844466941216547 
-8.844466942923903 
-8.84446694461194 
-8.844466946296961 
-8.844466947960834 
-8.844466949607803 
-8.844466951247247 
-8.84446695286795 
-8.84446695447218 
-8.844466956074546 
-8.844466957663409 
-8.844466959238634 
-8.844466960788202 
-8.84446696232618 
-8.844466963849476 
-8.844466965360953 
-8.844466966863495 
-8.84446696832979 
-8.844466969788872 
-8.844466971237999 
-8.844466972677278 
-8.844466974107833 
-8.844466975528624 
-8.844466976941053 
-8.84446697830196 
-8.844466979657645 
-8.844466981010584 
-8.84446698233664 
-8.84446698365584 
-8.844466984977275 
-8.844466986290351 
-8.844466987628763 
-8.844466988954693 
-8.844466990273204 
-8.844466991625437 
-8.844466992976143 
-8.844466994325698 
-8.844466995668741 
-8.844466997019467 
-8.844466998388356 
-8.84446699975226 
-8.844467001109088 
-8.844467002461327 
-8.84446700381007 
-8.844467005176199 
-8.844467006542704 
-8.844467007905596 
-8.844467009288518 
-8.844467010663164 
-8.844467012033537 
-8.844467013401411 
-8.844467014765154 
-8.844467016121676 
-8.844467017474685 
-8.84446701882486 
-8.844467020181305 
-8.84446702153476 
-8.84446702288427 
-8.844467024228429 
-8.84446702555765 
-8.844467026883585 
-8.844467028206449 
-8.844467029524951 
-8.844467030840224 
-8.844467032151451 
-8.844467033448728 
-8.844467034744595 
-8.844467036028854 
-8.844467037312146 
-8.84446703859246 
-8.844467039885224 
-8.844467041175276 
-8.844467042466484 
-8.844467043755612 
-8.844467045041803 
-8.844467046327887 
-8.844467047610914 
-8.844467048891365 
-8.84446705017038 
-8.844467051446905 
-8.844467052719866 
-8.844467053989085 
-8.844467055256056 

 Time 
777.4584581851959 
