Energy 
 
-0.3013136220446028 
-1.8334617351812608 
-2.26989868433075 
-3.046463949811237 
-3.049402078382949 
-3.7817553935263573 
-3.781349209869663 
-3.9849521368805005 
-4.004705405326649 
-4.380678906917396 
-4.387810134662695 
-4.448799091125206 
-3.860566809837875 
-3.869099966931106 
-3.937314563468341 
-4.01402576445002 
-4.312074939212509 
-4.030793072162749 
-4.001177935212668 
-4.006442407390747 
-3.7917054702073623 
-4.264861021633892 
-4.293704871792362 
-4.431221824163223 
-4.45111379850522 
-4.485520623558702 
-4.582105011593412 
-4.610355421067445 
-4.892391979503669 
-5.304950606952094 
-5.331761506558754 
-5.3505619801393065 
-5.287985994903015 
-5.230108710584126 
-5.338548537295104 
-5.42962290132769 
-5.542285990269334 
-5.597777459814221 
-5.6493576611811775 
-5.660009476194394 
-6.128720680553593 
-6.52334512011943 
-6.614903916200227 
-6.615492364217707 
-6.565681556912624 
-6.561960989532603 
-6.637888269072796 
-6.802275065746197 
-6.841236826405872 
-6.964308249741336 
-7.130222562804001 
-7.219132094034116 
-7.220077654720863 
-7.2093304572242065 
-7.20572039332018 
-7.187875719264023 
-7.479557967633695 
-7.483435169931231 
-7.525250658152194 
-7.53868824413489 
-7.539492422126844 
-7.628615945258169 
-7.652855638112646 
-7.667430365346801 
-7.676959054972255 
-7.684045249527822 
-7.766356165518795 
-7.797984478831314 
-7.804034633780278 
-8.01060358345367 
-8.031242725008699 
-8.027764282582485 
-8.054200104217994 
-8.051203057170081 
-8.09740987036687 
-8.163408790965585 
-8.153832890387758 
-8.17660307490903 
-8.194051922719755 
-8.208303387937812 
-8.207848403133854 
-8.252282442832247 
-8.254819171190922 
-8.26302087728868 
-8.290705234886236 
-8.288296432081935 
-8.312661848577221 
-8.345432664852929 
-8.348434162495915 
-8.352222761261194 
-8.35292714066079 
-8.354659594367718 
-8.49895024697868 
-8.548128911602035 
-8.551222569582611 
-8.550970448913741 
-8.55104667813689 
-8.582572239010164 
-8.580643410741448 
-8.582840814257464 
-8.583880601429076 
-8.589729907696462 
-8.590273532330851 
-8.655343178398688 
-8.658796415570995 
-8.679244582425406 
-8.683340687557799 
-8.683275823182692 
-8.71119379647699 
-8.733824944884297 
-8.738274132924186 
-8.740571896303395 
-8.743383081095091 
-8.77604684180124 
-8.781368101449807 
-8.785802203809293 
-8.787738963752517 
-8.788664970306593 
-8.802834008830342 
-8.803780615618193 
-8.805320280518188 
-8.805628720588496 
-8.806269940809988 
-8.806413337675375 
-8.808008514659495 
-8.808361219545173 
-8.810013710216618 
-8.81116660720113 
-8.812634021375336 
-8.814113243516923 
-8.814181035286119 
-8.814493560122363 
-8.814487365074706 
-8.81478573445074 
-8.815179406157197 
-8.815964996857318 
-8.81715515681998 
-8.817418324302103 
-8.817438561298882 
-8.817707210926164 
-8.817662644205098 
-8.819279792036067 
-8.819318545575971 
-8.819849755363878 
-8.820136435225415 
-8.820089686622715 
-8.820508358144362 
-8.820620688263919 
-8.820809664695878 
-8.822144708215744 
-8.823985660655918 
-8.826365789882358 
-8.829096422837079 
-8.829761451608107 
-8.832127171860172 
-8.832428825460633 
-8.833208841767814 
-8.833328560273648 
-8.835134574848635 
-8.836113815112563 
-8.836210630473552 
-8.837342635973602 
-8.83733071086805 
-8.837385071619954 
-8.83738880341932 
-8.83865910090992 
-8.838682266264641 
-8.839299260272757 
-8.839527568860646 
-8.839548364992318 
-8.83960215626969 
-8.84018870783903 
-8.840178941102344 
-8.840183260622537 
-8.840165867715465 
-8.84016554471951 
-8.840161448136627 
-8.840209423940312 
-8.840378932190585 
-8.840861315136008 
-8.840857602779122 
-8.84086830634111 
-8.840989665939995 
-8.841286918915127 
-8.841291117246147 
-8.841485148569417 
-8.841496346025503 
-8.841916996976499 
-8.841959728426664 
-8.842183984828234 
-8.8421823328364 
-8.84222368242877 
-8.842331845388516 
-8.842354277150154 
-8.842467837343092 
-8.842476310242862 
-8.842933380961588 
-8.842937473095754 
-8.842977596582225 
-8.843239793981825 
-8.843356166537184 
-8.843355648014194 
-8.843381573057352 
-8.843383371723467 
-8.843486448670923 
-8.843555249598799 
-8.843561812431261 
-8.843657510059696 
-8.843684665929702 
-8.843698695802845 
-8.84376536692927 
-8.84379798630585 
-8.843809148464818 
-8.843819340429725 
-8.843818902555409 
-8.843988914642916 
-8.843993347660124 
-8.843993349270118 
-8.844062975843508 
-8.844127962173706 
-8.84418197105068 
-8.844245045338123 
-8.844300276741496 
-8.844324954701495 
-8.84436650799915 
-8.844367144501296 
-8.844368506687593 
-8.844385903508188 
-8.844390635183675 
-8.844405926935869 
-8.844479588973488 
-8.844481151705391 
-8.844481467069423 
-8.844485747572838 
-8.844489598988282 
-8.844510983418918 
-8.844511122805987 
-8.844511038872676 
-8.844517566752655 
-8.844523268909262 
-8.844523638243315 
-8.844524592020049 
-8.844532162417877 
-8.844533906122283 
-8.844535721336038 
-8.844536294869071 
-8.844539530543045 
-8.844539506178595 
-8.844542983764939 
-8.844543099363671 
-8.844547851465478 
-8.844548798424086 
-8.844551524699162 
-8.844551496152132 
-8.844552406538364 
-8.844557023863182 
-8.84455800749365 
-8.84455833162363 
-8.844558663131998 
-8.844558998563167 
-8.84456110058418 
-8.844561360680833 
-8.844561903459535 
-8.84456323029653 
-8.844564571925842 
-8.844564678158447 
-8.844564664249729 
-8.84456598054808 
-8.84456601659583 
-8.84456604757658 
-8.84456630338971 
-8.844566303035272 
-8.844566295751042 
-8.844568420423375 
-8.844568402093559 
-8.844568406542411 
-8.844569071745056 
-8.84457003483263 
-8.844570036511097 
-8.844570523111477 
-8.84457053467864 
-8.844570769299848 
-8.844570769621372 
-8.84457086240949 
-8.84457088813654 
-8.84457089789756 
-8.844570893735604 
-8.84457091700316 
-8.844571006875867 
-8.844571021923379 
-8.844571147933896 
-8.84457116253097 
-8.84457113757021 
-8.844571137133762 
-8.844571129155028 
-8.844571187788715 
-8.844571179377812 
-8.84457120797827 
-8.844571211130122 
-8.844571253420586 
-8.844571284551257 
-8.844571271632091 
-8.84457135521879 
-8.844571387760856 
-8.844571392738697 
-8.844571386482857 
-8.844571418027494 
-8.844571461511372 
-8.844571457347373 
-8.844571455090176 
-8.84457146853518 
-8.844571471923814 
-8.844571546394878 
-8.844571555450246 
-8.84457155534826 
-8.844571596752292 
-8.844571686212781 
-8.844571678360335 
-8.84457168141847 
-8.844571679130246 
-8.844571699777937 
-8.84457170400607 
-8.844571704823787 
-8.84457170682763 
-8.844571763057184 
-8.844571757859313 
-8.844571757164157 
-8.844571757077885 
-8.844571770770301 
-8.844571782379877 
-8.84457178468336 
-8.844571786534647 
-8.844571783358631 
-8.84457178984166 
-8.844571795572245 
-8.844571801800276 
-8.844571801786119 
-8.844571803752007 
-8.84457180543754 
-8.844571797779539 
-8.844571800682743 
-8.84457180006313 
-8.844571800567493 
-8.844571811703284 
-8.844571811163284 
-8.8445718114142 
-8.84457181750676 
-8.844571817117371 
-8.844571827122422 
-8.844571833762357 
-8.84457183907711 
-8.844571838849552 
-8.84457185790152 
-8.844571857942698 
-8.844571856953989 
-8.844571856242794 
-8.844571855158923 
-8.844571853387906 
-8.844571855787127 
-8.84457186061046 
-8.84457185985187 
-8.844571863446228 
-8.844571863417658 
-8.844571860291907 
-8.844571867390728 
-8.844571874187968 
-8.844571881845795 
-8.844571886245102 
-8.844571891962234 
-8.844571892122667 
-8.844571887420164 
-8.844571888006707 
-8.84457188779724 
-8.844571892960927 
-8.844571889732752 
-8.844571889522927 
-8.844571890654654 
-8.844571890631961 
-8.844571893738527 
-8.84457191570533 
-8.844571915465453 
-8.844571908199361 
-8.844571908355812 
-8.844571907342829 
-8.844571904441134 
-8.844571909105294 
-8.844571913596745 
-8.844571908559583 
-8.844571919855008 
-8.84457191720125 
-8.844571917647366 
-8.844571917702655 
-8.844571919681146 
-8.844571919710429 
-8.844571925260155 
-8.84457195369069 
-8.844571954582884 
-8.84457197618081 
-8.844571976376667 
-8.844571970082475 
-8.844571969633522 
-8.844571967702421 
-8.844571985842054 
-8.844571982436666 
-8.844571990921377 
-8.844571982568862 
-8.844571983671106 
-8.844571983655845 
-8.84457198165867 
-8.844571980634004 
-8.84457198062446 
-8.844571982057015 
-8.84457198961758 
-8.844571989823867 
-8.844571987739391 
-8.84457198743592 
-8.844571990088458 
-8.8445719879013 
-8.844571990628518 
-8.84457199009317 
-8.84457200544679 
-8.844572000847265 
-8.844572015996498 
-8.844572013508445 
-8.844572006656998 
-8.844572014517425 
-8.844572011120103 
-8.844572023049986 
-8.844572018505565 
-8.844572019888806 
-8.84457203361503 
-8.844572036545122 
-8.844572039749929 
-8.84457203938855 
-8.844572040422303 
-8.844572040955104 
-8.844572041425913 
-8.84457204424829 
-8.844572043971269 
-8.84457204035148 
-8.844572041578697 
-8.844572044746617 
-8.844572045902476 
-8.844572050371413 
-8.844572050628665 
-8.844572050972381 
-8.844572049523165 
-8.844572048857481 
-8.844572052007576 
-8.844572051997208 
-8.84457205499978 
-8.84457205455123 
-8.84457205107757 
-8.84457205416851 
-8.844572055181064 
-8.844572056157093 
-8.84457205429418 
-8.844572058203921 
-8.844572062654265 
-8.844572060542394 
-8.844572060832547 
-8.84457206571799 
-8.844572060519269 
-8.844572051178346 
-8.844572066468025 
-8.844572058911204 
-8.844572058137425 
-8.844572057969929 
-8.84457206886983 
-8.844572065866398 
-8.844572060189451 
-8.844572061656955 
-8.844572061299678 
-8.84457206058005 
-8.844572059756134 
-8.84457206286979 
-8.84457206341279 
-8.844572071291626 
-8.844572073748845 
-8.844572073366644 
-8.84457206943812 
-8.844572078845054 
-8.844572079673744 
-8.844572082699834 
-8.844572082436914 
-8.844572081771549 
-8.844572082390444 
-8.844572083164575 
-8.844572074711666 
-8.844572077742576 
-8.844572077662942 
-8.844572079055343 
-8.84457207906949 
-8.844572079036956 
-8.844572079133952 
-8.844572081347879 
-8.844572081633512 
-8.844572086367014 
-8.844572093758282 
-8.844572094836389 

 Time 
41.61495304107666 
