Energy 
 
2.3693496930821554 
0.7462658434397897 
-0.5425692704934002 
-0.5730502935225166 
-0.9571073615106673 
-2.5473929765657277 
-2.1181786021149436 
-1.823243450663856 
-3.0777952543135205 
-2.7125820023432854 
-2.655769110563269 
-3.5812681283846977 
-3.749876576555384 
-3.772511145975069 
-3.7352816284980586 
-3.67062257259643 
-3.551619206348695 
-3.621467171666583 
-3.6918248961647264 
-3.966727474823692 
-3.971089460798361 
-4.002743051875972 
-5.433390875120693 
-5.449706028384108 
-5.466289755859544 
-5.512792402951062 
-5.290518607611429 
-5.037709328902819 
-5.39507976956728 
-5.478416090486817 
-5.893421452714048 
-7.391914870588987 
-7.371354491782463 
-7.471569936280957 
-7.110495130647405 
-7.378962256630096 
-6.4146278327422 
-6.395898755412999 
-7.030837024077661 
-7.548738165822817 
-8.001864081550426 
-8.025785558248065 
-7.966813227383841 
-8.080052841504804 
-8.586740665510302 
-7.902073977184771 
-8.040249413676005 
-8.32606571589085 
-8.701604851424975 
-8.697488074290288 
-8.701433328902036 
-8.692737938823491 
-8.510762220963802 
-8.707965969687173 
-8.229530521449245 
-8.808749897407107 
-8.977623130750306 
-9.015579511829728 
-9.23759790257289 
-9.30744573175523 
-9.328319692939173 
-9.397383681870968 
-9.632090763934782 
-9.629795038526 
-10.155663012039188 
-10.345697106881756 
-10.862607789225658 
-10.860264459695486 
-10.94296342624567 
-10.93777309824027 
-10.943822801095125 
-10.947878217226886 
-10.97539293577552 
-10.976482912568825 
-10.975495245553246 
-10.976835003219103 
-11.0009868611961 
-11.005211311940792 
-11.014422586706798 
-11.088222885451993 
-11.033081949024917 
-11.035040307318344 
-11.12798739691959 
-11.214926285057938 
-11.22123393004361 
-11.225629803638185 
-11.258198190973792 
-11.28652566094256 
-11.30901634783811 
-11.41064150894677 
-11.409872758177851 
-11.41812572194688 
-11.417477084019612 
-11.499969425869123 
-11.500003510263557 
-11.653412186899635 
-11.720149833273362 
-11.805053225195298 
-11.846151853485564 
-11.843863086449552 
-11.84888100505184 
-11.857345685718215 
-11.8924020099842 
-11.896164577709802 
-11.886725366823997 
-11.927297874064584 
-11.972084327060042 
-12.002206235036791 
-12.007167403172357 
-12.020376287464833 
-12.095128263329114 
-12.096870404690709 
-12.096849890359172 
-12.114112861980825 
-12.126302804403206 
-12.127887800754586 
-12.144513869180273 
-12.145917019265417 
-12.173003040285053 
-12.176750092211176 
-12.176833834844421 
-12.179924390397954 
-12.183968845395992 
-12.185619862470189 
-12.179966528614699 
-12.180573278716325 
-12.180697744309233 
-12.180706172974698 
-12.184540401774093 
-12.183086783715336 
-12.183009848475477 
-12.183014434976517 
-12.185693538469607 
-12.185762692137619 
-12.189128616382522 
-12.201521672163686 
-12.213006939832791 
-12.213223599681353 
-12.213053228753646 
-12.213719478305272 
-12.213365334898162 
-12.214652593381714 
-12.219628986170838 
-12.23735561150767 
-12.238699385782935 
-12.238619160104921 
-12.247768888928986 
-12.260149222933075 
-12.260607852030338 
-12.261476766077609 
-12.271859480582945 
-12.271828811245822 
-12.272977576776682 
-12.273871851151121 
-12.274493989074395 
-12.28440590021736 
-12.28455055149427 
-12.284599549891738 
-12.29053507400965 
-12.290516141325057 
-12.291720130525961 
-12.291662290757946 
-12.291636643953023 
-12.292560244133098 
-12.29131196978865 
-12.290309611922776 
-12.291761580448144 
-12.300020308561963 
-12.307625097391075 
-12.309083751766678 
-12.309003284382623 
-12.311783268527265 
-12.31748919554949 
-12.317551200803795 
-12.318940958448628 
-12.320606487343039 
-12.320558219334766 
-12.317919552025657 
-12.318912542845796 
-12.320618512315395 
-12.32042284556701 
-12.322261622508114 
-12.322242516309137 
-12.326361427649342 
-12.326581771645506 
-12.326677467637662 
-12.32950559773682 
-12.32943236585744 
-12.330261046434966 
-12.333665054952789 
-12.336044535520545 
-12.33995398609117 
-12.34193144208321 
-12.34210586086552 
-12.342178789672023 
-12.340604652412008 
-12.340595638356039 
-12.341506790894673 
-12.341719496698389 
-12.343307900353624 
-12.343304293692073 
-12.343786903979943 
-12.346652077333532 
-12.348597346843434 
-12.348614410821042 
-12.349036742146328 
-12.351006416296874 
-12.351250091987415 
-12.351647693144761 
-12.351646718056468 
-12.351581085061074 
-12.351223059803768 
-12.350492307200552 
-12.352697394327244 
-12.353716663204722 
-12.353913273119218 
-12.354518879241324 
-12.356210078219291 
-12.359759631566055 
-12.360608382376244 
-12.360629010949385 
-12.36063163117874 
-12.36125079363206 
-12.36091352307426 
-12.36092176543972 
-12.361020306860276 
-12.36349807063823 
-12.363515004403212 
-12.363391307810712 
-12.364014378543251 
-12.364017553775627 
-12.363923347343471 
-12.365322999938885 
-12.365183938671898 
-12.365186157963548 
-12.365569101120663 
-12.365590522979348 
-12.364586526161414 
-12.365539989686253 
-12.366049178339733 
-12.37000202308969 
-12.369988489738853 
-12.370148848673962 
-12.37108312985301 
-12.373846317377042 
-12.374996846348044 
-12.375165043225211 
-12.375675896783633 
-12.375781086776916 
-12.376363541437295 
-12.378045095972132 
-12.377476374879432 
-12.377375410958102 
-12.37735246657516 
-12.377743819712247 
-12.380492426686654 
-12.38094869904568 
-12.382164277609016 
-12.382306834068842 
-12.382297923865478 
-12.383771167005397 
-12.386209466968626 
-12.387558746534017 
-12.390798925818146 
-12.390842691800277 
-12.391672818758707 
-12.39213651839957 
-12.391778847155884 
-12.393083815626067 
-12.393242060865395 
-12.393406386503605 
-12.393551262215862 
-12.393778237750926 
-12.394200036437491 
-12.394487140362985 
-12.39508051976442 
-12.395405025179771 
-12.395465507939106 
-12.395957117797009 
-12.396448282390505 
-12.396637594682245 
-12.397259170511076 
-12.398430336299512 
-12.399757913691136 
-12.4002268113236 
-12.400479008832411 
-12.400496073493986 
-12.400456669634448 
-12.401892668050309 
-12.401883913372135 
-12.402052452085487 
-12.402104260884881 
-12.402106127633614 
-12.402247290934524 
-12.40224696056891 
-12.402684264618266 
-12.404477622096483 
-12.405799735085322 
-12.405688456068834 
-12.40553675946439 
-12.405525298718949 
-12.405457806562756 
-12.40545393799817 
-12.405892373070143 
-12.407308727897432 
-12.407152092090865 
-12.407099156240355 
-12.407068292445254 
-12.407101755374113 
-12.408007685293237 
-12.408062859434335 
-12.409808246224284 
-12.409786623703663 
-12.410503993522436 
-12.411827076725238 
-12.41180553123599 
-12.412552716259924 
-12.412572362235839 
-12.412716180967989 
-12.41390370730074 
-12.413834924685546 
-12.414275830445263 
-12.414271057149486 
-12.414448262751126 
-12.414566484969091 
-12.414565782973211 
-12.415203223681123 
-12.415427715014621 
-12.415228546667786 
-12.415215022771514 
-12.415841954731539 
-12.415914511372256 
-12.416513829675024 
-12.417685190236643 
-12.41853957910674 
-12.418640157635718 
-12.419242803495937 
-12.420828915557685 
-12.421016790852788 
-12.42123604312157 
-12.42223089359047 
-12.422237388458058 
-12.42222241084089 
-12.422333038506892 
-12.422485325793456 
-12.422661421113013 
-12.422619572384908 
-12.422924995554103 
-12.42342610588078 
-12.42702230810119 
-12.427032556653486 
-12.427155776263524 
-12.42748601567462 
-12.42864755673652 
-12.428636454699356 
-12.428767873268473 
-12.428797857737386 
-12.428851997119644 
-12.42965149358644 
-12.429832676749113 
-12.431409078513031 
-12.431385894429834 
-12.434984240667587 
-12.434965831672724 
-12.434390697437959 
-12.43602338925126 
-12.43611355633907 
-12.436314307889226 
-12.442574349764019 
-12.442631597792825 
-12.442602869166151 
-12.442869646248054 
-12.443073155753943 
-12.443137936184888 
-12.444462784909485 
-12.444303317894184 
-12.445496107026294 
-12.445572422596733 
-12.446024888866198 
-12.446950119521194 
-12.44765368483305 
-12.449024439804884 
-12.449325488515402 
-12.449910716253306 
-12.45184396807938 
-12.451999731581996 
-12.452415179598196 
-12.45510840821118 
-12.45511417048706 
-12.455377691482704 
-12.455916097357147 
-12.4584125452052 
-12.458578846524057 
-12.460945171878732 
-12.460931095747673 
-12.46093539166678 
-12.460940142166569 
-12.460954867369827 
-12.461094377975826 
-12.46090974505528 
-12.460910084427155 
-12.467965820521147 
-12.46807958295964 
-12.46821674644022 
-12.467994024613027 
-12.467794307213426 
-12.467792899404644 
-12.467868196635461 
-12.467719595661194 
-12.467800471273437 
-12.468282108311191 
-12.468135612070656 
-12.471920688605689 
-12.471955886210639 
-12.471927737109816 
-12.471957743280118 
-12.472697565328032 
-12.473076366505408 
-12.473117645131481 
-12.472958710432456 
-12.472960317425544 
-12.47301645779921 
-12.476100423405455 
-12.477024089337574 
-12.479543857412178 
-12.481069760198187 
-12.481113268332884 
-12.48121424737375 
-12.483805143898202 
-12.483963767792023 
-12.484593817674888 
-12.48661245814108 
-12.486799059747709 
-12.488473351849818 
-12.48851971836361 
-12.488769110442142 
-12.488990769311835 
-12.48974756809117 
-12.491286471810852 
-12.491546887801972 
-12.491722910643363 
-12.49170399368886 
-12.492018044963965 
-12.49308547066886 
-12.49310160322038 
-12.493084102005493 
-12.492958973647895 
-12.492957996309688 
-12.49365698161087 
-12.493659171237619 
-12.495159623226252 
-12.495317045520276 
-12.495375067527974 
-12.495926072687046 
-12.4966633566225 
-12.499433983070524 
-12.499513572576104 
-12.499739999006387 
-12.499732806239859 
-12.500205088012184 
-12.500192847946625 
-12.500686385868084 
-12.502091358392533 
-12.502564033987133 
-12.50247932342151 
-12.50294839955086 
-12.503269528994661 
-12.504018800354048 
-12.504914117608234 
-12.504905859797818 
-12.504899233378739 
-12.505191942540062 
-12.50523457118017 
-12.505938278171893 
-12.506001338808147 
-12.50583247861368 
-12.50617406120663 
-12.507024257579175 
-12.50747550986654 
-12.5075701022412 
-12.50746755048887 
-12.508743553293701 
-12.508776415656659 
-12.508831259624017 
-12.509467978566368 
-12.509477888341475 
-12.511560237039355 
-12.512344728359366 
-12.512359375210663 
-12.512489668667016 
-12.511779546477912 
-12.511783821074774 
-12.512955251493933 
-12.51391392551597 
-12.513923205401445 
-12.513968882858075 
-12.514309992019923 
-12.514472272972515 
-12.51452939501952 
-12.516042165430573 

 Time 
28.55469584465027 
