Energy 
 
2.3693496930821554 
1.3118549695387964 
0.08490822347367777 
-0.38444429156230403 
-1.2586361300095104 
-1.748438529416922 
-1.9221311792455071 
-2.7309233340027106 
-2.817081452315227 
-3.6513627802330397 
-4.007174130758851 
-4.66778597806771 
-4.651063675510849 
-4.606946736855672 
-4.573450043644694 
-6.075482783677662 
-6.07698752240764 
-6.046199886552055 
-6.119139974087291 
-6.127696094551205 
-6.767619044549528 
-6.917884229190826 
-7.028886493762559 
-7.036491705367913 
-8.046708648054503 
-8.017030012635425 
-8.074980780910415 
-8.084736856272158 
-8.544502849057523 
-8.527490728287479 
-8.62672431514882 
-8.68334826870541 
-8.651237385109045 
-8.711507545988413 
-8.864333176148829 
-8.896197093584949 
-8.851236221921015 
-8.875577380497262 
-8.927683710643393 
-8.945563571311904 
-8.886039324830056 
-8.785832123601105 
-8.830638626008508 
-8.831870423494784 
-8.864813248423886 
-9.164586320379218 
-9.161423562428414 
-9.312782017698025 
-9.321076848236785 
-9.357648923944254 
-9.33273965283216 
-9.42847544057858 
-9.427945538686426 
-9.543999363235576 
-9.59158041647308 
-9.571595549069073 
-9.576544454215343 
-9.12331864627977 
-9.144956846266584 
-9.15706832192168 
-9.158164679067772 
-9.193865093501943 
-9.515511021620004 
-9.684734222444813 
-9.68426804821339 
-9.705515375923744 
-9.697414025845084 
-9.717197134011755 
-9.775035687569448 
-9.81979260695026 
-9.817689905034998 
-10.020384561060201 
-10.031576627975234 
-10.032440967389732 
-10.105036490972704 
-10.09245682253826 
-10.06879540560008 
-10.082012423982174 
-10.084644449471494 
-10.0998425221836 
-10.149740538095047 
-10.1466073947422 
-10.18552034864127 
-10.270364230036723 
-10.264778086510677 
-10.292822800271665 
-10.311996707523171 
-10.302524396952492 
-10.352449233658547 
-10.544362980840807 
-10.673407915794979 
-10.82895317020314 
-10.849823799082017 
-10.873142911293236 
-10.913889358041311 
-10.912629408919091 
-10.907839522215724 
-10.907917603702776 
-11.208402479927758 
-11.26140829023318 
-11.2628402238592 
-11.328752254094146 
-11.370061858898968 
-11.378892153318915 
-11.378559762675295 
-11.378950658828042 
-11.397955029290854 
-11.497331158043288 
-11.612502762219398 
-11.676790846241335 
-11.681347205680135 
-11.680510119963 
-11.826453213616213 
-11.839531284133777 
-11.836726807871047 
-11.8729497908839 
-11.884831339690582 
-11.889486458289907 
-11.889835603377806 
-11.893188267504566 
-11.897645009786526 
-12.052746162869179 
-12.05267335676046 
-12.06148787791157 
-12.063256275983216 
-12.061799894802165 
-12.072282808887778 
-12.072276460780472 
-12.082382449911657 
-12.092719701530978 
-12.092968818360193 
-12.092973921824544 
-12.093421315283184 
-12.134974101787433 
-12.140114451351902 
-12.136608435691318 
-12.18589656629389 
-12.189392088638268 
-12.190007322234345 
-12.214872267495672 
-12.214633241638847 
-12.21779538659983 
-12.227111985703404 
-12.234951580087511 
-12.235828415474169 
-12.236171704949221 
-12.239506847565544 
-12.283239166924034 
-12.283453328999093 
-12.286174416587343 
-12.290714548913677 
-12.290587384275925 
-12.302303641892419 
-12.302312730709914 
-12.302640955725792 
-12.302774374433243 
-12.304424281584547 
-12.30531826497032 
-12.311789865140408 
-12.314950060394827 
-12.318750512151684 
-12.319571887663772 
-12.320679829209269 
-12.322346225116728 
-12.321910856275993 
-12.331875985373442 
-12.331886939388461 
-12.33397963705913 
-12.334404014822837 
-12.334126995667093 
-12.336928335740243 
-12.338630415409023 
-12.342464906636238 
-12.343440538212741 
-12.356939773569163 
-12.356805149314528 
-12.3652145348062 
-12.366430791682351 
-12.369504267512482 
-12.371758346910205 
-12.374843368939946 
-12.374448311596993 
-12.377085044793164 
-12.380549508630923 
-12.380494321983685 
-12.38265107538569 
-12.385757069807822 
-12.390739250040424 
-12.391342148892095 
-12.391026620432552 
-12.391019402550844 
-12.39158421280804 
-12.392151221281646 
-12.406045376489534 
-12.412655896910621 
-12.413789961881701 
-12.414498738875363 
-12.419982607732457 
-12.421434372769946 
-12.42535704330701 
-12.425616181084001 
-12.43208145363203 
-12.432971603153073 
-12.432889274554407 
-12.434073469852859 
-12.437160614064561 
-12.438481397002938 
-12.444912342530074 
-12.448257009077793 
-12.448325075436609 
-12.447906501714712 
-12.45319416519709 
-12.454710922424093 
-12.456238335507873 
-12.456043464004074 
-12.457171648548986 
-12.457130824977057 
-12.457597818189667 
-12.457726163788728 
-12.457855578549937 
-12.464277629991976 
-12.464725786440619 
-12.464738344276467 
-12.465555837426258 
-12.465578972234905 
-12.467773400549795 
-12.46777466205973 
-12.469639702104274 
-12.469664903013538 
-12.469777273091214 
-12.472759145380328 
-12.47434667207397 
-12.474526220435948 
-12.47467848274205 
-12.475977580279965 
-12.484031494897767 
-12.484512583177407 
-12.484541777898995 
-12.484629757282555 
-12.484672204388115 
-12.490267971142075 
-12.491722447036892 
-12.491674197790779 
-12.497759140546247 
-12.498420594664779 
-12.506074133719208 
-12.509903978891122 
-12.511424198071985 
-12.51366405689835 
-12.51758044012545 
-12.51883482766567 
-12.519087656498955 
-12.520100914415949 
-12.524741083568362 
-12.527349424977293 
-12.52765789995653 
-12.528142207970976 
-12.528159605953883 
-12.53169554750114 
-12.532249375356246 
-12.534015027235625 
-12.53390873641657 
-12.53785529519835 
-12.545026077672631 
-12.545166710203322 
-12.545631123080122 
-12.545609569410528 
-12.54569629206412 
-12.546803417059499 
-12.54844022976306 
-12.548502823757355 
-12.548522707124834 
-12.548581525015914 
-12.548920104919498 
-12.54909017555664 
-12.54939736605198 
-12.549448453830895 
-12.549449335127047 
-12.550508005446535 
-12.554521018933027 
-12.555106252595152 
-12.555690861865704 
-12.556510777145087 
-12.556566672250913 
-12.557980224605839 
-12.558012383530262 
-12.559040512896921 
-12.55904453763806 
-12.560520518740585 
-12.560495626123075 
-12.560468755519121 
-12.560451193763788 
-12.561934922208337 
-12.561936560971505 
-12.562207230984699 
-12.562427560585125 
-12.562925578236275 
-12.562971571528555 
-12.563456330776411 
-12.563915252877802 
-12.564323579448773 
-12.564372664410055 
-12.564395751523797 
-12.564326916336196 
-12.564849410299544 
-12.56502475789635 
-12.56524233098268 
-12.565208190753292 
-12.56550608766668 
-12.565499902847398 
-12.56549458478352 
-12.566058969704391 
-12.566099812375107 
-12.566148187747295 
-12.566248435500835 
-12.56706639687032 
-12.567096913040391 
-12.567793233648475 
-12.56813950511348 
-12.568211010477036 
-12.568366660774888 
-12.568768237604035 
-12.569694584645852 
-12.56969309098157 
-12.570323051767595 
-12.570477451661592 
-12.570660215946646 
-12.573005526221927 
-12.572991161494096 
-12.573015162317784 
-12.573033609593178 
-12.573044504757823 
-12.573968590202075 
-12.57465990630533 
-12.574913370456253 
-12.574963556389099 
-12.575257925586225 
-12.575234689822826 
-12.575295808310042 
-12.575547025513053 
-12.575558830292906 
-12.575479538551635 
-12.575628488907022 
-12.576065117923179 
-12.576185730690801 
-12.576243132235764 
-12.576363807692763 
-12.576376613308957 
-12.578233183875318 
-12.578239379214391 
-12.578270159589954 
-12.57840942661864 
-12.578495572494601 
-12.57922856906101 
-12.579229581379508 
-12.579953284857313 
-12.579952403822665 
-12.58027323165215 
-12.580334908016404 
-12.581044810819986 
-12.581042559533756 
-12.581042641739517 
-12.581123156176565 
-12.582104907197252 
-12.582293568471146 
-12.582498964813324 
-12.58245426456193 
-12.582398351822699 
-12.582755370010512 
-12.58312202257304 
-12.583134283760216 
-12.583131992457043 
-12.583514762753705 
-12.583606669374856 
-12.583654152944527 
-12.583607168734689 
-12.583853648997405 
-12.583969227161683 
-12.584444708553582 
-12.584413935225014 
-12.585882482483047 
-12.586234599535528 
-12.586269583983718 
-12.587794331418104 
-12.587807415041917 
-12.587814809000054 
-12.587973153422256 
-12.588356117057819 
-12.588421067857396 
-12.588564871126433 
-12.588489959632437 
-12.589711621457445 
-12.590120586363106 
-12.590151927525582 
-12.590318212252486 
-12.590381036265418 
-12.5904033738796 
-12.59050262193211 
-12.590547957185331 
-12.590542928981918 
-12.590547089749629 
-12.590618590248738 
-12.590611860412253 
-12.59070460250373 
-12.590705636091315 
-12.590666210371904 
-12.590750125229325 
-12.590891767239638 
-12.591000054919311 
-12.591431038248869 
-12.591467785150762 
-12.591601072290075 
-12.591587854340638 
-12.591748060115865 
-12.591985105250044 
-12.59197287627109 
-12.591993769680634 
-12.592045261877216 
-12.592829559680183 
-12.592907555408571 
-12.592951776481875 
-12.593157611450337 
-12.594609923054156 
-12.594597222446705 
-12.594627162817085 
-12.59540161962073 
-12.595565279134513 
-12.595886956434423 
-12.59587870166776 
-12.595945866828618 
-12.596778673357187 
-12.596945144656207 
-12.596939605718223 
-12.59698211748579 
-12.597036114258387 
-12.597318351829966 
-12.597760553819093 
-12.59785431418555 
-12.597941266511762 
-12.597976073524865 
-12.598857715392741 
-12.598907669445296 
-12.598967360903004 
-12.599066457340205 
-12.599065010067486 
-12.599075070853432 
-12.599073804756491 
-12.599378475770019 
-12.599406590536026 
-12.599522875644082 
-12.599524246085553 
-12.600147104386878 
-12.600183536239836 
-12.600183476525789 
-12.600314770680663 
-12.600681592631595 
-12.60076490575263 
-12.600782369941797 
-12.600787374273771 
-12.600781739022672 
-12.601085210408662 
-12.601162687076638 
-12.601532926295864 
-12.601598327014306 
-12.601728570503989 
-12.601794998086627 
-12.601783879268124 
-12.601775287874567 
-12.602455363136656 
-12.602542630211161 
-12.602581121627 
-12.602625093721358 
-12.602704522480028 
-12.603077806486027 
-12.603091145539244 
-12.603093417023874 
-12.603125619461798 
-12.60311153900044 
-12.603107230796535 
-12.603098465482299 
-12.603119701490554 
-12.603115663384052 
-12.603212163987083 
-12.603533775964591 
-12.60353349487206 
-12.603586002996849 
-12.603578647597068 
-12.603657806766764 
-12.60375931400923 
-12.603823083261254 
-12.603852398762374 
-12.603845643282481 
-12.60389708133189 
-12.603918772759972 
-12.603921766892555 
-12.603892028882896 
-12.603877131861173 
-12.604478882585678 
-12.604491971721936 
-12.604496593262986 

 Time 
27.913116931915283 
