Energy 
 
3.8998005448887016 
3.562176340324605 
1.5044006650411936 
-1.7931396076496922 
-1.7952753313484098 
-1.7826901272644766 
-2.8139170762159975 
-2.220003870408177 
-2.291080397932169 
-3.8083853917944612 
-4.025464964232215 
-7.456037031218912 
-7.717118225800814 
-9.524273487431689 
-8.913321838291065 
-7.89660356146197 
-7.32225391000072 
-6.355756517940618 
-6.49754035395028 
-6.485528106954211 
-6.669715941676217 
-6.793502243660514 
-6.133956828826524 
-7.491592542692115 
-7.118600531837599 
-7.186127779336751 
-7.26336548871611 
-8.046335448457587 
-7.988897198624097 
-9.500331406684722 
-9.879756443945206 
-10.009331368180023 
-9.995784825264073 
-9.857649372548892 
-10.196751573053746 
-11.809196117880859 
-11.757432927368887 
-12.490863126562001 
-12.644749343158406 
-12.549868999109515 
-11.945609882788332 
-11.308006924870192 
-11.536404552409426 
-10.955570213811948 
-10.888412030971072 
-11.636087272554398 
-11.889333283977628 
-11.409935657882412 
-11.32326876744246 
-9.111312489014466 
-8.826453054362025 
-8.507087917649878 
-8.081246276208233 
-8.061671805750048 
-8.07105458375853 
-6.877504132466898 
-7.3224070890118504 
-7.345520781335587 
-7.855664265522575 
-7.980587856629536 
-8.79026586884746 
-9.50121869633466 
-9.48903630058509 
-9.881160366410436 
-7.16025314326337 
-7.215454250176994 
-10.689864942846516 
-9.010183892082718 
-9.008962219882385 
-12.199431592734335 
-12.685628436676462 
-12.992434035547264 
-11.139231447486823 
-11.188163428071698 
-11.926665894159743 
-11.950162353466434 
-11.978915163207471 
-12.107696415693383 
-12.796522201964903 
-12.434969482533786 
-11.518362068485773 
-12.919418871009707 
-12.420483892542938 
-12.418678458989929 
-12.789197698411968 
-12.850806124078911 
-13.257088945168473 
-12.52121177783853 
-12.669632878877364 
-12.235491102340044 
-11.945180875265468 
-11.015755607573874 
-10.827066002764607 
-10.802242678208744 
-12.003554777118907 
-12.042363020676834 
-13.986579103811636 
-14.05018656820345 
-13.887366966012586 
-13.723396617683125 
-14.507957253609053 
-14.34447563452421 
-13.98473840233809 
-14.316771590306328 
-14.402669083837578 
-14.363835883783619 
-14.407072102038232 
-14.250781410974302 
-14.305049271899092 
-14.72451773213236 
-14.627069553943803 
-14.589676607840957 
-14.644679232267553 
-14.593916724761518 
-14.516516380354338 
-14.531917871193247 
-14.576342466119057 
-14.55167643383548 
-14.64200215223929 
-14.7058349867466 
-14.741020137234383 
-13.807928664574485 
-13.86910529830766 
-13.72970069338884 
-14.005623405217957 
-13.666794370526228 
-12.898148679841116 
-13.001781106145856 
-13.07601768746248 
-13.520299614275725 
-13.664919732830024 
-13.804935749841965 
-14.971386762081188 
-15.162744394697892 
-15.367007996008542 
-14.285810029911534 
-14.33265690078311 
-14.37316323511989 
-14.419309976802603 
-15.36233110709572 
-14.725615824410168 
-13.519117689253262 
-13.733898291969872 
-14.899606582207687 
-13.991894079974738 
-14.270386124398001 
-14.19011563993686 
-14.019363367261102 
-14.225076720456249 
-13.87209279444063 
-14.063127825842054 
-13.960955190101156 
-14.1265493573104 
-14.42035320017089 
-14.362355821377847 
-12.830428527351517 
-12.861978237972329 
-13.112492237135891 
-12.844661986733877 
-13.332526328167743 
-13.733849784029534 
-15.076643617442544 
-15.053136522219047 
-14.99560036991596 
-14.981399952328049 
-15.026456662797266 
-15.020422948003674 
-15.065019219282465 
-14.348671411655891 
-14.402962275186907 
-15.511951415911538 
-15.377762222917926 
-15.383435727070724 
-15.406173309491066 
-15.578935914063463 
-16.5478674806295 
-16.08022986147624 
-15.983770853311489 
-16.625562676598435 
-16.63431197205642 
-16.277995620375993 
-16.306549822642122 
-16.31682822108675 
-16.860609253168835 
-16.864593582850368 
-16.52659598178705 
-16.5064615058059 
-16.52083867795142 
-16.520325484146923 
-16.52009130754444 
-15.403487733532895 
-15.612972745693412 
-15.614658224743227 
-15.570688011889125 
-15.679827001585954 
-15.276809692283335 
-14.501398424906627 
-14.50269673970411 
-14.585225921464552 
-14.6210979823268 
-14.18300779183333 
-14.139615928394534 
-14.05406099020822 
-14.162318721193332 
-14.513564164280938 
-14.298537214566252 
-14.22143784129253 
-14.592126066594936 
-14.57198479630245 
-14.624238741714258 
-14.357482815570053 
-14.257437402073222 
-14.2514465497012 
-14.37198744758019 
-14.374513706229132 
-14.437390254860473 
-15.154543586342921 
-15.153745469431472 
-15.465289141682458 
-15.466945283773448 
-15.47331756906028 
-15.463146898097257 
-15.42986952589208 
-15.451550533179478 
-15.973621273595887 
-15.958000059657392 
-15.684296278210402 
-15.650071090374198 
-15.75532477878283 
-15.76538147478442 
-15.433801015117563 
-15.335717620805026 
-15.47239550258222 
-15.458627230568768 
-15.45653544454187 
-15.455252462864383 
-15.418061626049386 
-15.402576711609651 
-15.43867960424316 
-15.414170529399865 
-14.986252674461657 
-15.007580290940668 
-15.026199522685182 
-15.106948997319366 
-14.303327622306593 
-12.452134171362177 
-12.213903753487184 
-12.266517737572768 
-12.323198780220915 
-11.764632043759349 
-12.200274324983635 
-12.801720459460837 
-12.499986338106432 
-12.686428067555367 
-12.709519622882736 
-12.731624073168353 
-12.790443274316054 
-12.768727664647303 
-12.7809642484242 
-9.913486314791705 
-10.700222143645258 
-10.540284612105088 
-12.116368815607931 
-12.95428506206768 
-11.407095988441771 
-11.770499649168245 
-11.658603979362548 
-11.63356276280878 
-11.253361670848312 
-11.426160954833952 
-11.539545764776125 
-12.620526947278641 
-12.609109421698127 
-12.61132099186031 
-12.836728066772714 
-14.111187352109651 
-14.380157587836337 
-14.694783780495865 
-14.577754818602209 
-14.480580984279172 
-14.858986659471473 
-14.550419307706113 
-15.125354642617715 
-15.06876747175113 
-14.618446605953451 
-14.458798319824696 
-13.293466713296981 
-13.46492203070624 
-13.432330519088632 
-14.319851670968617 
-14.15205616652851 
-14.290772779310943 
-14.282040564900402 
-16.563572456085083 
-16.70635442515649 
-14.945340872548929 
-14.96310394362089 
-14.994309123903811 
-15.021420247705692 
-14.965053942046104 
-14.708905086510642 
-14.716652527785747 
-14.586986153681046 
-13.623557270732135 
-13.840053153289801 
-13.179436690671942 
-13.271240841721312 
-13.549092424306338 
-13.78630587370243 
-13.8914593951171 
-14.255608510230683 
-14.143680676262145 
-14.156104130307599 
-11.191581554678125 
-11.407216593646408 
-11.888436563356322 
-11.905380075475327 
-12.802305916144778 
-11.65686107946645 
-11.778394222983625 
-11.556418980536947 
-11.63904207849787 
-10.990636728558949 
-10.99349140012075 
-11.0226019028757 
-10.891910256807176 
-11.237523427608094 
-11.41194179609052 
-12.164278649353312 
-12.02085545927553 
-12.16723099221436 
-12.047648196196976 
-12.040095761121169 
-12.254247952619808 
-12.384567307928101 
-12.488929923625417 
-12.479588719543573 
-12.59396339628646 
-11.801006047738278 
-11.867283268605048 
-12.258749450704597 
-11.08572157508121 
-10.995980714645503 
-11.107688526970119 
-9.765993568491 
-9.76130283598536 
-10.114129503543557 
-9.077309570696741 
-8.969534390500261 
-10.151462210037101 
-3.3737540310829592 
-4.757375951919694 
-6.143350247514437 
-6.204281503339437 
-5.365154545242522 
-5.907918900523862 
-5.042309256304417 
-5.033882852648498 
-4.533822629556508 
-4.484649094921227 
-4.52246174405628 
-6.518765247283978 
-6.614986162501663 
-6.9192462699931205 
-6.931556287085963 
-6.333437029755027 
-7.000468309531753 
-9.465921346133218 
-9.33396529125454 
-9.019079490963328 
-6.2667182717530965 
-12.496974668429779 
-11.421128218119348 
-11.343653233950572 
-10.068237996090177 
-10.123242038396382 
-10.556550058270084 
-10.727463195884196 
-10.845488476720005 
-13.397195916625792 
-12.833585423689787 
-13.133327120449897 
-8.616967057643913 
-8.51715204508715 
-6.5144716130023905 
-6.976438414394439 
-6.94167323659529 
-6.9883428659346825 
-6.978298126420647 
-6.942954454858516 
-6.835381280749128 
-7.137283966008787 
-8.669962468568546 
-8.716852562195445 
-8.79058378967401 
-8.920305165501206 
-9.415625107368616 
-9.46086478139314 
-11.302743657892151 
-11.646692655945179 
-11.330231582515603 
-11.348896197884997 
-11.158909298190377 
-11.646314378779662 
-11.545893205369246 
-11.572653851139062 
-12.61883777167291 
-12.635238552562413 
-12.83462799459289 
-12.901117359642289 
-12.75820171481773 
-10.999428136585822 
-11.82943847243358 
-12.219334364992115 
-12.603028631998573 
-13.1773892949291 
-13.220580319923931 
-13.593897511827777 
-13.552604579616599 
-13.18974947430218 
-14.252889665842112 
-14.458694402878788 
-14.207571535776452 
-14.180077351206126 
-9.785353755228074 
-10.437537802277955 
-10.539380334111806 
-11.757504134287325 
-7.790265511334493 
-7.799516278932765 
-8.209242796087953 
-11.267939503089199 
-11.844847958533279 
-11.658004727946144 
-11.946794892807583 
-13.082289673894119 
-13.068277707617465 
-13.857258050629596 
-10.102447203079455 
-10.04845854744186 
-10.865674477014961 
-9.474239053099232 
-9.407748978885392 
-9.439047394647908 
-11.042471019723122 
-10.555454390069087 
-10.052112487730533 
-9.926861060880618 
-10.068319616211815 
-8.77125183737823 
-9.670764236107335 
-8.841372684530224 
-8.984746646184963 
-9.81314830804411 
-10.244411453395387 
-10.478984565422351 
-11.152196895908647 
-11.186985268930504 
-11.606904900732932 
-11.7801334840902 
-11.790497688085164 
-11.763201361808816 
-11.91787623561554 
-12.582493508375732 
-11.384746500028418 
-11.296519469232909 
-10.443777077088756 
-10.758459453999798 
-10.771856272267707 
-11.27832030141666 
-11.384213141198368 
-11.41157747528338 
-11.596720906088482 
-11.352247708575769 
-12.29025629573505 
-12.349107840153264 
-13.537876083619643 
-13.674218788944838 
-13.488369783577003 
-13.493233101842312 
-11.673298674991164 
-11.635472331148963 
-12.33616843575922 
-12.346168348091973 
-12.422591886211192 
-12.423652990296132 
-11.791461350432792 
-11.989394836815949 
-11.882647381758032 
-11.92874939356583 
-11.711748376612688 
-12.546143744072278 
-12.645195159602302 
-14.220795065966804 
-13.29315389851728 
-13.26836777993558 
-15.69776602504541 
-15.922355659587943 
-15.985546342972638 
-16.434646612851065 

 Time 
151.52366280555725 
