Energy 
 
3.132899243227253 
-1.8488017460393738 
-2.078193782677264 
-4.662506740483468 
-5.225989565377834 
-4.570003784760628 
-6.471873980111101 
-6.650419911143227 
-5.895561129502102 
-5.9039946542252135 
-7.083015591705694 
-7.104990467545602 
-7.761919125846988 
-7.815909688222292 
-7.729642832534009 
-8.144064118222435 
-8.16030479801189 
-8.402585415692993 
-8.41704466634516 
-8.895925834602574 
-9.14979411875733 
-9.405477929634667 
-9.405066277244433 
-9.390247470607612 
-9.372465263376489 
-9.389540429792612 
-9.389550238050862 
-9.861723560692916 
-9.522204218569193 
-10.24978431395203 
-10.229374233585691 
-10.229590828914873 
-10.196370598929958 
-10.381857240934943 
-10.425501960339927 
-9.840849496468312 
-10.233059524192209 
-10.347832875934763 
-10.846793258222707 
-10.791097150562948 
-10.711395707950576 
-10.557428844024503 
-10.49396627524838 
-10.310582025895501 
-10.344210585828298 
-10.64582964653625 
-10.991160638701066 
-10.99650558803792 
-11.015067574374765 
-10.672534347346343 
-10.751297569912355 
-11.462077430036992 
-11.194862207571934 
-11.047355646876326 
-10.948747099310898 
-10.865095935905648 
-10.672391237415525 
-10.48486119373856 
-10.589305808002802 
-10.646395543411721 
-11.764171787412014 
-11.863058681473873 
-10.220934739881447 
-12.320430134991128 
-12.49047488350178 
-12.55291419423081 
-12.624007855554101 
-13.806767485588948 
-13.439518847455002 
-13.41262452374491 
-13.45665688369597 
-14.11290505250677 
-14.636118125118559 
-15.079984789531721 
-14.867367185299114 
-14.840838093196668 
-14.540476526507241 
-14.561248924503992 
-14.971538409110684 
-14.460496687655848 
-14.68738015306978 
-15.121826492855769 
-15.677049450904752 
-15.71426277237817 
-15.716226536706813 
-15.702878653777994 
-15.647368505632802 
-15.696936789765148 
-15.689074787409085 
-15.794583731170103 
-16.165197962795915 
-15.775327415794466 
-15.535516955080176 
-15.646228156825783 
-15.577626875411017 
-15.494599437849871 
-15.528188666688282 
-14.897653503688316 
-14.947008578425855 
-14.939936686354411 
-15.023614025374666 
-15.205415006269053 
-15.216533697437534 
-15.21627516664848 
-14.92946039201892 
-15.019948615381772 
-15.022277434308208 
-13.336697411848613 
-13.374408034477854 
-14.976721264344695 
-15.283584704183792 
-15.335195350317393 
-15.33868542994046 
-15.414846812901743 
-15.502949246116799 
-15.58562188937884 
-15.562711074420314 
-15.514282503263598 
-15.505387112796694 
-15.350211827147277 
-15.475589295789097 
-14.994587589560503 
-15.347893397472559 
-15.365243453045293 
-15.30891399638003 
-15.457018243544335 
-16.13790282647643 
-16.119019392673795 
-16.203098298010534 
-16.264750205948825 
-16.178266342724644 
-16.149819295108582 
-16.116709436238267 
-16.15230812148703 
-16.2882724177434 
-16.281463650153004 
-16.29270230416094 
-16.337657599139774 
-16.30930972962112 
-15.554530704536079 
-15.740753895025247 
-16.220525581603983 
-16.222773227321056 
-16.1185437083827 
-16.044841751525315 
-16.05051238228187 
-16.032255755195848 
-15.88088366361756 
-15.880799436481453 
-15.965084447287273 
-16.05307104868711 
-15.961568378309593 
-15.944496031147013 
-16.01225434549708 
-15.863349882773237 
-15.975927418645968 
-15.720834931849312 
-15.891380491245028 
-15.855325662795826 
-15.701893714165053 
-16.374971953563367 
-16.392524784252934 
-16.4859550168923 
-16.457778351663016 
-16.45598142271597 
-16.426170129330085 
-16.423663592223008 
-16.538816476776983 
-16.498452615687842 
-16.34875207514545 
-16.135036258399804 
-16.250471203256442 
-16.255237353006905 
-16.25199869490081 
-16.424292616605932 
-16.24748556480097 
-16.208343012921638 
-15.744184866479126 
-16.226540056222813 
-16.441399817632917 
-13.772982281001312 
-13.793747976860455 
-13.466309030571514 
-13.633445307662802 
-13.479819212675945 
-14.388051568282801 
-13.110154652101151 
-12.560662609986716 
-12.332372781015517 
-13.046826289859167 
-14.067068780235644 
-14.029871254655902 
-14.027379353538482 
-14.085977864438114 
-14.153879081631988 
-14.144470727787855 
-14.32335133903482 
-14.338935435680678 
-13.329024468267194 
-12.60677827256945 
-13.984150026788285 
-13.46550357537885 
-13.573656555197108 
-13.838664818178158 
-13.610096947458807 
-11.208186558110786 
-11.10535091882266 
-11.178746098090762 
-11.514010206292962 
-11.585883284455269 
-12.655793010314985 
-12.805795835525748 
-12.998756985670356 
-14.212881771285765 
-14.271299075897275 
-14.525409606219688 
-15.01525231849263 
-14.718243096593806 
-14.84332569353534 
-15.014152048942988 
-14.951473754799975 
-14.121929316561616 
-14.18492517999699 
-13.335658556819835 
-13.280899070243292 
-13.30980555366329 
-13.153234799151024 
-14.11125202386642 
-14.110676375999429 
-14.131250373618192 
-14.141892595886578 
-12.42385732930257 
-12.450617872039839 
-12.527048477851178 
-11.881645875396755 
-11.666901353501252 
-10.942593090680514 
-11.46606261495547 
-11.504847839018066 
-12.242154991264009 
-12.383490171826546 
-12.264122739644744 
-12.323715618407238 
-11.558552646777265 
-11.258790626445176 
-11.48524986924122 
-12.24352245840737 
-12.94104363033974 
-10.849679271636766 
-10.307575265078718 
-10.422380594782114 
-10.550100907251712 
-10.952806746217036 
-11.382920533938867 
-11.220050368625799 
-11.899071089838676 
-12.11214166939485 
-12.653974079509062 
-12.749494261561741 
-12.512802103723297 
-12.61807078485473 
-13.067233754929472 
-13.120366694930828 
-13.13699603063952 
-13.077647352320103 
-13.05110553520586 
-13.19590887598057 
-13.703708194681317 
-13.636064134025425 
-13.759470217355263 
-14.074735862194123 
-14.068973662583936 
-14.08012475006822 
-13.997595528409201 
-13.93645125890098 
-14.286534764375803 
-14.200403770221904 
-14.252572740555362 
-14.496815854442733 
-14.335992159383977 
-14.464459346861736 
-14.519791282274738 
-14.54228797928814 
-14.57289696625199 
-14.371655942924873 
-14.383766131430566 
-14.31195216852617 
-14.338590642798845 
-14.322484666950011 
-14.823665506068332 
-14.628084461416348 
-14.585475679705644 
-14.632523048848412 
-14.664111424204325 
-14.65616016420397 
-14.900957355025426 
-14.894321903242405 
-14.785801155753417 
-14.802138934439183 
-14.804191949683524 
-14.82037028578241 
-14.829009184309728 
-15.031268824200291 
-14.966065655869487 
-15.011317026934949 
-14.987741614790528 
-14.841945690995251 
-14.865385450178229 
-14.899066355736732 
-14.900214959626428 
-14.868703865477249 
-14.751844795970596 
-14.769025511565342 
-14.754513541546542 
-14.812060715963227 
-14.519212320311983 
-14.886151672965287 
-15.018726501166972 
-14.990992756915531 
-15.045741436462128 
-15.037578480794071 
-14.906592530742204 
-14.87969725861141 
-14.873269518064868 
-14.505648031700455 
-14.487184893859483 
-14.635939115178816 
-14.631891317294933 
-14.756729435817658 
-14.441016465993185 
-14.702218857993746 
-14.737135682888075 
-14.556805913526803 
-14.735325211889606 
-14.791665383153154 
-14.654696636573224 
-14.639232505732336 
-14.577394619655417 
-14.584810688439322 
-14.547198585131596 
-14.345096303173582 
-14.104076169878025 
-14.114684359121043 
-14.110003180675026 
-14.180285177154065 
-14.18780857846028 
-14.14150924758372 
-14.298700766375582 
-14.271194411708741 
-14.65203574921611 
-14.77370457455509 
-14.785088761333274 
-14.78948090266149 
-14.780497768107717 
-15.089188416316551 
-14.879932214227871 
-15.038768617328582 
-15.023607488100197 
-15.02818622405566 
-14.742602439671213 
-14.753111773149483 
-14.835834317003473 
-14.774149930783823 
-14.96067523491125 
-15.173382272696893 
-15.177796148316647 
-15.192289538853228 
-15.158490137308707 
-14.75722663885069 
-14.761440030360548 
-14.61001308464907 
-14.71108832823838 
-14.801428923168165 
-14.835794477164413 
-14.979891918386938 
-14.618301071847403 
-14.650826987145432 
-14.739495706453644 
-14.734721458128144 
-14.747781542607212 
-14.696730403736783 
-14.692609515675345 
-14.991955254422596 
-15.02579301026431 
-14.386876196393922 
-14.547745576497345 
-14.356480010467253 
-14.95785216975857 
-14.97221025335391 
-14.998014594839965 
-15.033405142891066 
-14.490523885462197 
-14.518997469768221 
-15.133701993733254 
-15.190994734847717 
-15.196780144986262 
-15.246841478307013 
-15.296221457767398 
-15.296162543371931 
-15.30935795443039 
-15.341126022372801 
-15.190805171367261 
-14.879592619447452 
-14.985626558393891 
-14.969309142370552 
-15.105432238086921 
-15.105198398446964 
-15.105333003964928 
-15.113996026661978 
-15.081897353440127 
-15.093269701770915 
-15.061565563369111 
-15.222263614831741 
-15.215928846643314 
-15.454296986425565 
-15.451905467408906 
-15.452808133230063 
-15.469968007431824 
-15.025449229986117 
-15.01605853702608 
-14.908896187595529 
-14.873234773799775 
-14.759854076323522 
-14.671072192535506 
-14.665431469839572 
-14.698427261543822 
-14.73672946130789 
-14.787795402431014 
-14.828639783842137 
-14.704315303818538 
-14.78477620869337 
-14.747214250194197 
-14.750431967045259 
-14.77590180161873 
-14.735670056513625 
-14.716135037316635 
-14.735693042143614 
-14.923036402222369 
-14.956477103198308 
-14.962440195608462 
-14.79893375762788 
-14.72788110082439 
-14.734709372448311 
-14.884755181246444 
-14.973878871705345 
-14.860320392608957 
-14.609859791881235 
-14.46535237113512 
-14.10164988301707 
-14.123864392165023 
-14.446192661545398 
-14.418542262536342 
-14.144737208585731 
-14.427807332458668 
-14.42584258178597 
-14.284796897907576 
-14.280192100110563 
-14.329757036745589 
-14.59563461763152 
-14.494863211912527 
-14.51098250884234 
-14.51700270271852 
-14.377787310626761 
-14.42065839383217 
-14.43881547747594 
-14.432387110645212 
-14.530308323801886 
-14.781144799052575 
-14.774859348420753 
-14.867040415485738 
-14.829366277383452 
-15.05275517775268 
-15.047558138125412 
-15.014625246044002 
-14.830751062212016 
-14.783436788572228 
-14.6627268523427 
-14.75233110398602 
-14.753834485070417 
-14.208748209264272 
-14.726286433967175 
-15.096335983854644 
-15.045296571577426 
-14.494893652344011 
-14.546668143756559 
-14.547500445304834 
-14.038595924599939 
-14.049705200641412 
-13.663868571477504 
-9.467043720778152 
-9.71321015746576 
-10.546757748822735 
-10.676494853072503 
-10.692659516551892 
-10.415384943916921 
-11.067045997541639 
-11.380901303883215 
-11.131300574941745 
-13.546800360267532 
-13.521057025139077 

 Time 
56.47316288948059 
