Energy 
 
-0.3013136220446028 
-2.1115756966293038 
-2.3070231581866363 
-2.367891521398047 
-2.7659314951378606 
-3.6688154952549077 
-3.989127050193172 
-3.9648234120139136 
-4.20472375444003 
-4.903541376121212 
-4.774740710972431 
-4.673927618742821 
-4.873983063605065 
-5.194106055176154 
-5.241971072231334 
-5.426943233787557 
-5.451763592034833 
-5.496512105644196 
-5.541017725947894 
-5.572672347683595 
-6.102224578235441 
-6.053196630568962 
-6.176055554992553 
-6.276495272943833 
-6.280389640708588 
-6.301029246590567 
-6.629110889683102 
-6.61448795267744 
-6.618326667519514 
-6.677209154614143 
-6.719207005560162 
-6.843696547282324 
-7.746029796379028 
-7.763500108989085 
-7.764445090828874 
-7.767182434877292 
-7.818152810141112 
-7.833359445741029 
-7.868079638687435 
-7.890306525060788 
-7.915325082816156 
-7.932340907226773 
-7.97286467917718 
-7.970529104878945 
-8.105435669078618 
-8.107222232098549 
-8.169372151500028 
-8.171425143582756 
-8.18905957626145 
-8.230596040072367 
-8.230532666882391 
-8.232821515001904 
-8.330624802475244 
-8.527387662639114 
-8.526577189767746 
-8.552543012910457 
-8.5525836974711 
-8.650217894853549 
-8.66603106727652 
-8.667352629761298 
-8.684151694037247 
-8.717601810767164 
-8.720010427853769 
-8.7258792583941 
-8.733195136488156 
-8.733132733399657 
-8.735861267141553 
-8.743319978383491 
-8.746891562718284 
-8.74897502839883 
-8.74918706774491 
-8.749989408490235 
-8.750048707250235 
-8.750432096770172 
-8.750430432751967 
-8.755444141812726 
-8.774295803591146 
-8.776268928871177 
-8.777667757008993 
-8.77803440636601 
-8.778035749520448 
-8.784700222911948 
-8.791392826005332 
-8.813814243384654 
-8.813873818135992 
-8.817089900759887 
-8.819803299642507 
-8.820970395863304 
-8.8279553817475 
-8.828439968573928 
-8.828436796146802 
-8.828924720895644 
-8.82930058824543 
-8.831504326114182 
-8.833390248372332 
-8.834828008642392 
-8.83625855255894 
-8.836355925851745 
-8.836892082777748 
-8.837358931206602 
-8.837850930601505 
-8.83798601715104 
-8.838211477506809 
-8.838966729787042 
-8.839053991327718 
-8.839053978291124 
-8.83906104838897 
-8.839941994334943 
-8.839958412458918 
-8.840754089806271 
-8.840751159795522 
-8.840893374793406 
-8.840881611252204 
-8.8409252358817 
-8.840929696679547 
-8.84099351115588 
-8.842565223957141 
-8.842755757059042 
-8.842790561915718 
-8.842876226561911 
-8.842887494464353 
-8.842958383131046 
-8.843046349965682 
-8.843068607630837 
-8.843106396353619 
-8.843357352510019 
-8.843507154631332 
-8.843584438408792 
-8.843666555280445 
-8.843667476677293 
-8.843669711061096 
-8.843675035172033 
-8.843724820507475 
-8.843746846917092 
-8.843830713257109 
-8.843831110313898 
-8.843852395337821 
-8.843856064424457 
-8.843856286941786 
-8.843932494822763 
-8.843932432886616 
-8.843947173493017 
-8.84395165346421 
-8.843997097770858 
-8.844000949525121 
-8.844000897896823 
-8.844019577989375 
-8.8440239278773 
-8.844060603412162 
-8.844061297585382 
-8.844080136316666 
-8.844082984419767 
-8.844112325602087 
-8.844113935780609 
-8.844127438646291 
-8.844173850569476 
-8.844185281351573 
-8.84418651369495 
-8.844187229115136 
-8.844200980119476 
-8.844201117193975 
-8.844202762016037 
-8.844202917939835 
-8.844222142995728 
-8.844223747644552 
-8.844224756729458 
-8.844239475383288 
-8.8442423053781 
-8.844258001172792 
-8.84425836115303 
-8.844258293500614 
-8.844260877807562 
-8.844261442197906 
-8.844262449757492 
-8.844266266608884 
-8.844278194388309 
-8.844278673839566 
-8.844278933882846 
-8.844282599540081 
-8.844284319266219 
-8.844285628690082 
-8.844285979019514 
-8.844285980129907 
-8.844287161549266 
-8.844287509011338 
-8.844292238514454 
-8.844292321870295 
-8.844292456892873 
-8.844292504364061 
-8.844293562961374 
-8.844293672976344 
-8.844294097779242 
-8.84429637198227 
-8.844296851509487 
-8.844297645449432 
-8.844297970362698 
-8.844297971518236 
-8.844298096844685 
-8.844298311238612 
-8.844298335816639 
-8.844298356087434 
-8.844298343944573 
-8.844298346628154 
-8.844298352806266 
-8.844298353855308 
-8.84429846213695 
-8.844298421207299 
-8.844298492159238 
-8.844298594259119 
-8.844298628749925 
-8.8442986991984 
-8.844298772124468 
-8.844298771497886 
-8.844298852114228 
-8.844298853895708 
-8.844298953917244 
-8.844299115207148 
-8.844299141767634 
-8.844299218096161 
-8.844299251594732 
-8.844299703840447 
-8.84430252936417 
-8.844302555862047 
-8.844303092830692 
-8.844303193519183 
-8.844303293413871 
-8.844303323548708 
-8.844303404009048 
-8.844303441635427 
-8.844303801128758 
-8.844303890962069 
-8.844304073363464 
-8.844304074107734 
-8.844304196982845 
-8.844304297331657 
-8.844304307945196 
-8.844304311340474 
-8.84430431119226 
-8.844304422750515 
-8.844304423412797 
-8.844304451587986 
-8.844304611320425 
-8.844304613987939 
-8.844304634238894 
-8.844304661096627 
-8.844304662038754 
-8.844304695247315 
-8.844304731628247 
-8.844304752998521 
-8.844304793311268 
-8.844304849463063 
-8.844304856721896 
-8.844304849295112 
-8.8443048590156 
-8.844304862122804 
-8.844304880040145 
-8.844304919799436 
-8.844304909228043 
-8.844304923241204 
-8.844304913844926 
-8.844304938017235 
-8.844304968103181 
-8.844304970821527 
-8.844304978593781 
-8.844305000831302 
-8.844304983306738 
-8.844305012803686 
-8.844305017922993 
-8.844305032165447 
-8.844305032181154 
-8.84430502972566 
-8.844305028871663 
-8.844305027426593 
-8.84430503836739 
-8.844305038655817 
-8.844305039095769 
-8.844305082975566 
-8.844305090369803 
-8.844305096221728 
-8.844305096294079 
-8.844305115763854 
-8.844305132213375 
-8.844305129493721 
-8.844305129384075 
-8.844305126262299 
-8.844305144358747 
-8.84430514484343 
-8.844305144551758 
-8.844305179303639 
-8.844305175106449 
-8.844305176781411 
-8.844305177047028 
-8.844305168547033 
-8.844305175622447 
-8.844305174143592 
-8.844305167112289 
-8.844305155356851 
-8.84430516824681 
-8.844305217756615 
-8.844305242029723 
-8.844305260465765 
-8.84430528125046 
-8.844305281543711 
-8.844305280817778 
-8.84430527677986 
-8.844305274675513 
-8.844305283404456 
-8.844305284743932 
-8.844305283632604 
-8.844305286178118 
-8.844305278734637 
-8.844305278808664 
-8.844305279881132 
-8.84430528228408 
-8.844305281408692 
-8.844305281463257 
-8.844305278549886 
-8.844305277330793 
-8.84430527762839 
-8.844305275349667 
-8.84430527535003 
-8.84430527539821 
-8.844305271476628 
-8.84430527604415 
-8.844305281595332 
-8.844305283247646 
-8.844305287991592 
-8.844305289754537 
-8.84430528840104 
-8.84430528688653 
-8.844305284380868 
-8.8443052841958 
-8.84430528558878 
-8.844305287141966 
-8.844305280190657 
-8.84430528253368 
-8.844305282903973 
-8.84430529007145 
-8.844305300018759 
-8.844305315680414 
-8.844305317524453 
-8.844305319419892 
-8.844305318195822 
-8.84430531965363 
-8.84430532173011 
-8.844305322046818 
-8.844305343812463 
-8.844305350944094 
-8.844305347165607 
-8.844305347956773 
-8.844305350940074 
-8.844305349082155 
-8.84430535072709 
-8.844305351109455 
-8.844305346282447 
-8.844305360583025 
-8.844305372420791 
-8.844305370750607 
-8.844305370528023 
-8.844305378840744 
-8.844305379011207 
-8.844305371416409 
-8.84430537447988 
-8.844305379818937 
-8.844305396241792 
-8.844305415194178 
-8.84430541583036 
-8.84430542324591 
-8.844305420743154 
-8.844305419984062 
-8.844305416661275 
-8.844305417709645 
-8.84430543536815 
-8.844305432064136 
-8.84430541876301 
-8.844305418067698 
-8.844305427912946 
-8.844305441212004 
-8.844305441509471 
-8.84430544908022 
-8.844305449729568 
-8.844305453398446 
-8.844305454389827 
-8.844305453254675 
-8.84430545263412 
-8.844305454368437 
-8.844305445331916 
-8.84430545695345 
-8.844305458122271 
-8.844305464706023 
-8.844305459742596 
-8.844305460846066 
-8.844305461007279 
-8.84430547212194 
-8.844305476569291 
-8.84430548358946 
-8.844305477365564 
-8.844305476252668 
-8.844305476599814 
-8.844305481651816 
-8.844305492984052 
-8.844305497034577 
-8.844305499929023 
-8.844305504748286 
-8.844305504886746 
-8.844305521972254 
-8.844305522431984 
-8.844305522550828 
-8.844305519561843 
-8.844305522824829 
-8.844305522848575 
-8.844305537905825 
-8.844305538340285 
-8.844305538359594 
-8.844305539186777 
-8.844305540685514 
-8.844305545006016 
-8.844305541090751 
-8.844305546809794 
-8.84430554291605 
-8.844305552511043 
-8.844305553459778 
-8.844305553750914 
-8.84430554931128 
-8.844305553961266 
-8.844305552327848 
-8.844305552411868 
-8.844305555601839 
-8.844305555183782 
-8.84430555141483 
-8.84430554932918 
-8.844305554873698 
-8.844305553126505 
-8.844305567603051 
-8.84430556938592 
-8.844305564625142 
-8.844305567428021 
-8.844305560674147 
-8.844305563460209 
-8.844305586834382 
-8.844305583826776 
-8.844305585689243 
-8.844305586163316 
-8.844305586942744 
-8.844305587646508 
-8.844305596031164 
-8.844305601091708 
-8.844305601804201 
-8.844305606011579 
-8.844305606003596 
-8.844305606090522 
-8.844305606270174 
-8.844305606304575 
-8.844305602950724 
-8.844305611618132 
-8.84430561481883 
-8.844305616960701 
-8.844305617310079 
-8.844305619462592 
-8.844305634399326 
-8.844305637538447 
-8.844305650500702 
-8.844305660465517 
-8.84430566102404 
-8.84430565834914 
-8.84430566042524 
-8.844305651200308 
-8.844305649532378 
-8.844305658635188 
-8.84430566729829 
-8.844305677884238 
-8.844305686715995 
-8.84430568664727 
-8.844305692553027 
-8.844305692962884 
-8.844305693259994 
-8.84430568092863 
-8.844305678451187 
-8.844305686207532 
-8.84430568342178 
-8.844305681907562 
-8.844305683981055 
-8.84430568976247 
-8.844305689587767 
-8.844305687744068 
-8.84430568076417 
-8.844305680323155 
-8.84430568023291 
-8.844305680075776 
-8.844305682966349 
-8.844305684516941 
-8.844305687974193 
-8.84430569377724 
-8.844305733171927 
-8.844305729520794 
-8.844305733004322 
-8.84430573568394 
-8.844305738435878 
-8.844305734317963 
-8.844305733654188 

 Time 
37.46082401275635 
