Energy 
 
3.8998005448887016 
2.5316494010614297 
0.5979907881871639 
-1.6414059246372674 
-4.052070602916876 
-6.373327113606615 
-8.366365726851255 
-10.207551593303377 
-11.614173991039538 
-12.755769036385574 
-13.64448113481657 
-14.22158155660981 
-14.740603690761157 
-15.195584775970492 
-15.679092533725447 
-16.079019861385568 
-16.456644367833064 
-16.824241644949705 
-17.175914099955914 
-17.52294754181245 
-17.84107901756516 
-18.128645255278162 
-18.414232716832537 
-18.69212153269783 
-18.9595186077592 
-19.259635436116945 
-19.547167252144373 
-19.818428628200003 
-20.090624889031943 
-20.370871720468646 
-20.614239034780404 
-20.83909757314495 
-20.444124648445253 
-21.41252286649745 
-21.64467466599335 
-21.817404453550974 
-21.54345948564576 
-21.941167249455777 
-22.11275379093152 
-22.29513867910492 
-22.403798842596398 
-22.467738108427692 
-22.507494781656046 
-22.551882502013893 
-22.73369198267255 
-22.835344581581236 
-22.918641670654527 
-22.993943372413973 
-23.061452487045784 
-23.122731563876204 
-23.18624469980208 
-23.191977536448206 
-23.269239405753396 
-23.36114662829194 
-23.417269123105388 
-23.471095203170325 
-23.52198531813691 
-23.570766200168613 
-23.618163185803574 
-23.65885307169953 
-23.712677747378606 
-23.749609725745977 
-23.79503411561289 
-23.835983266321755 
-23.87537512981805 
-23.91405113639489 
-23.950412272854976 
-23.979903266325984 
-23.99232162781294 
-24.055822429595 
-24.096317983542175 
-24.134335527990093 
-24.173402887133275 
-24.20751639075041 
-24.240184632502395 
-24.270865824056507 
-24.305348589691103 
-24.336082014490213 
-24.36822257406462 
-24.398727869486873 
-24.427274619965335 
-24.45452206941404 
-24.41977417723003 
-24.482875552264296 
-24.53085777284496 
-24.561261926607717 
-24.585144376091126 
-24.60773978721204 
-24.629596796803682 
-24.65081670634264 
-24.671425807136366 
-24.691420793381198 
-24.710865568504126 
-24.72976313201745 
-24.74778525117264 
-24.76521698212929 
-24.78212959223493 
-24.798850513049324 
-24.81478652900012 
-24.82977067123036 
-24.84260899339203 
-24.841471845328353 
-24.848756068842714 
-24.851128567294154 
-24.862993463091467 
-24.89700633786475 
-24.914941194719894 
-24.92909316584898 
-24.948536777065847 
-24.960115362530757 
-24.971356263925276 
-24.9822408098154 
-24.992552766636706 
-25.00236702596507 
-25.011925484603093 
-25.019347745526947 
-25.008300181186016 
-25.017439531433254 
-25.043105179637582 
-25.048165358671053 
-25.05964471926438 
-25.06929490691815 
-25.077551795239643 
-25.07914671771843 
-25.081879708016213 
-25.098233033356152 
-25.107586138446962 
-25.114847190752144 
-25.121635488202855 
-25.12837343407087 
-25.134799108739863 
-25.141023071835047 
-25.147067189902327 
-25.152951002212923 
-25.158667672555566 
-25.164235871427078 
-25.1696645477998 
-25.174961034551295 
-25.180123299299915 
-25.185160086894406 
-25.190078209380836 
-25.195122910981066 
-25.199896600225586 
-25.204521578983353 
-25.20905191709033 
-25.213483965874616 
-25.21776808970895 
-25.221905805833483 
-25.226282973174392 
-25.23038442505311 
-25.234341066142576 
-25.238279826424325 
-25.242092698824113 
-25.24578997446883 
-25.24938216773375 
-25.252812920495288 
-25.256382451131493 
-25.259779245098535 
-25.26311372949924 
-25.26562322936202 
-25.264793190801903 
-25.266459548529873 
-25.27277534149493 
-25.277689140941824 
-25.280745620480502 
-25.283549262933278 
-25.286358011429186 
-25.288975683362224 
-25.29150660653201 
-25.293949300385222 
-25.29632671537526 
-25.29863053938824 
-25.30086016540565 
-25.303158116103376 
-25.30534255217783 
-25.307421607835163 
-25.309491861595404 
-25.30955151534078 
-25.31022634498158 
-25.311666534298006 
-25.313932405638816 
-25.315572363590192 
-25.31732628118742 
-25.319282108688775 
-25.322271824305485 
-25.324464885762584 
-25.326238673256093 
-25.32745529182523 
-25.32864823142153 
-25.329979035776976 
-25.33179043571861 
-25.333102055662412 
-25.334263516796618 
-25.335355135274497 
-25.33642686926312 
-25.33744898117818 
-25.338430686271014 
-25.339376256795845 
-25.340283937432375 
-25.34115986690962 
-25.342040191779617 
-25.342879236044045 
-25.343817358531684 
-25.344669656410158 
-25.34546979863243 
-25.346218672430243 
-25.346927956840506 
-25.347605588173693 
-25.3482714967482 
-25.34891773332722 
-25.34953177075953 
-25.350120832358535 
-25.350688552150128 
-25.351230895780024 
-25.35174536007682 
-25.352238286522823 
-25.352707785675832 
-25.353160071016717 
-25.353597642273122 
-25.354020022139284 
-25.354430674072443 
-25.35482664629078 
-25.355209748641986 
-25.355572589472033 
-25.355924055210284 
-25.356264843787386 
-25.35659396240304 
-25.356910164786818 
-25.357215641847233 
-25.35751096788994 
-25.357800400010685 
-25.358077262662736 
-25.358345084529915 
-25.35860414102146 
-25.358855671369 
-25.359098826893966 
-25.35933418321825 
-25.359562215821942 
-25.359784072974204 
-25.35999894188397 
-25.36020711696782 
-25.36042216142496 
-25.360627580669416 
-25.36082519729115 
-25.361015969859345 
-25.361202576212612 
-25.361385268205648 
-25.36156299227765 
-25.361738484526345 
-25.361907264494548 
-25.361964611463456 
-25.361540036870625 
-25.361648186469168 
-25.36198853523604 
-25.362440963208066 
-25.362818599679215 
-25.362985051956166 
-25.36311444788657 
-25.36323629548281 
-25.363353353837987 
-25.363465763240896 
-25.363572084385304 
-25.363626653235386 
-25.363366683849147 
-25.363210891128862 
-25.3631549432627 
-25.363374094319912 
-25.36360261890589 
-25.364257758986078 
-25.364412720645838 
-25.364512673556074 
-25.364598917237707 
-25.36467914267973 
-25.3647584734731 
-25.364837329388706 
-25.364912504736502 
-25.364985042320676 
-25.365055339935207 
-25.365122394075783 
-25.365187334242155 
-25.365251093438737 
-25.365312674478787 
-25.365372193656807 
-25.365430075964657 
-25.36548675394707 
-25.36554288784522 
-25.36559730274114 
-25.365650267700417 
-25.365701599898742 
-25.36575092197536 
-25.36577908560808 
-25.365778393348446 
-25.365759097998172 
-25.36582087552564 
-25.365915996520236 
-25.36598474231579 
-25.366052410762176 
-25.36610424532112 
-25.36614525060319 
-25.366182496153105 
-25.366218337601502 
-25.366253522020056 
-25.36628743616077 
-25.36631992218917 
-25.366351981655797 
-25.366382978024117 
-25.36641497980854 
-25.366446363737218 
-25.366476574223693 
-25.36650618503207 
-25.366535214675835 
-25.3665635398174 
-25.3665911964857 
-25.36661794348975 
-25.366644021014395 
-25.36666914624107 
-25.366693772080335 
-25.366717308711095 
-25.366740245899514 
-25.366762582356223 
-25.36678423949074 
-25.366806123384425 
-25.366827247945494 
-25.366847940920312 
-25.366868458197345 
-25.366888110168663 
-25.36690733956348 
-25.3669259848335 
-25.366944281382278 
-25.366962390665115 
-25.366980805344525 
-25.366998889760097 
-25.367016492053345 
-25.367033619278676 
-25.367050452946643 
-25.36706715522388 
-25.367083660764763 
-25.36709967923317 
-25.367115433605736 
-25.36713141378555 
-25.367147355870014 
-25.367162983396 
-25.367178356697984 
-25.367193125540386 
-25.367207660389052 
-25.36722193942989 
-25.3672360498634 
-25.36724987790549 
-25.3672634432427 
-25.367276784144277 
-25.367289735689642 
-25.367302492327894 
-25.36731509623105 
-25.367327556995008 
-25.367339845623356 
-25.36735203800427 
-25.367364101478937 
-25.367376046922796 
-25.367387870024913 
-25.36739957075328 
-25.3674109005643 
-25.367422135253406 
-25.367433248928023 
-25.367444278018027 
-25.367455193408077 
-25.367465888539297 
-25.36747646143926 
-25.367486993157083 
-25.367497389417515 
-25.36750776686857 
-25.367518168632937 
-25.367528572903012 
-25.367538674823464 
-25.367548687099344 
-25.367558598207083 
-25.36756848838702 
-25.36757842217365 
-25.367588384069016 
-25.367598303789382 
-25.36760784312896 
-25.36761729442209 
-25.367626678923894 
-25.367636108209396 
-25.367645947657827 
-25.367655505233664 
-25.367664970637577 
-25.36767435217077 
-25.367683558583614 
-25.36769258696804 
-25.367701722395005 
-25.367710736702623 
-25.367719727228753 
-25.367728641543504 
-25.367737534076394 
-25.36774644291022 
-25.3677553503865 
-25.367764128284744 
-25.367772775546257 
-25.36778141463889 
-25.367790465108406 
-25.367799461663864 
-25.367808399993724 
-25.367817253727573 
-25.36782594713756 
-25.367834349189796 
-25.367842577245003 
-25.367850727439382 
-25.36785925993899 
-25.367867630238823 
-25.367875890536663 
-25.367884084777167 
-25.367892530983752 
-25.36790090181288 
-25.367909010234364 
-25.36791680038623 
-25.367924523305945 
-25.367932171140524 
-25.367939622161163 
-25.367947021484486 
-25.367954366598212 
-25.36796164325018 
-25.367968746004724 
-25.36797579509188 
-25.367982797824414 
-25.367989754677343 
-25.367996667284864 
-25.36800354001605 
-25.368010336396395 
-25.368017105561037 
-25.368023817732208 
-25.368030925209723 
-25.368038045857322 
-25.368044978414325 
-25.368051800961865 
-25.36805856166104 
-25.36806532820705 
-25.36807212709505 
-25.36807878792874 
-25.368085395166705 
-25.36809195483618 
-25.36809845105109 
-25.368104990241186 
-25.36811148399298 
-25.368117786788705 
-25.36812381183592 
-25.368129796281668 
-25.368135721816834 
-25.368141693032044 
-25.368147637601023 
-25.368153557033366 
-25.36815943459548 
-25.36816522650551 
-25.36817098701554 
-25.368176679609196 
-25.368182319806973 
-25.36818791639555 
-25.36819347045775 
-25.36819897112867 
-25.368204470521185 
-25.3682099379836 
-25.36821544559905 
-25.368220951641653 
-25.368226434321194 
-25.368231883682792 
-25.368237290858588 
-25.368242626317592 
-25.36824793965192 
-25.368253134549462 
-25.368258302323827 
-25.36826345113463 
-25.36826857986477 
-25.368273732080727 
-25.368279263668327 
-25.368284766571755 
-25.368290246760647 
-25.36829568324537 
-25.36830116943831 
-25.36830660362184 
-25.36831203756579 
-25.368317476817435 
-25.368322852487474 
-25.368328200715055 
-25.368333613178514 
-25.368339016101228 
-25.36834424786114 
-25.36834945021157 
-25.368354625530575 
-25.368359779892604 
-25.368364911089746 
-25.368370008251635 
-25.368375078116998 
-25.368380157007078 
-25.36838516552599 
-25.368390148541295 
-25.36839510568288 
-25.368400066711594 
-25.36840501003368 
-25.368409952804637 
-25.36841492724492 
-25.368419884088542 

 Time 
1837.9997870922089 
