Energy 
 
2.390142678989272 
2.579514599414612 
2.3541090294254263 
2.0805791947317838 
1.637259702984285 
1.6434959681729495 
-1.7817296416262796 
-2.0120599805612294 
-2.056229036743077 
-1.7160064705852982 
-1.4922717513628059 
-2.112331451478637 
-2.2055812799689334 
-2.8733630822474514 
-2.6563298328083667 
-2.5694747852673405 
-2.75843458260852 
-3.810207396300124 
-3.741084347860129 
-5.851962668056413 
-6.232450004367751 
-5.903175656710334 
-6.030797693448204 
-5.930369917932138 
-5.85179686448065 
-5.906492216055016 
-5.72204915712704 
-5.901955732637972 
-5.892537224209637 
-6.865994434662085 
-6.000240510472784 
-6.581312032991191 
-7.0058213359614285 
-6.970386889846179 
-7.240789632857293 
-8.174439950220323 
-7.846049475270018 
-7.572580032359871 
-7.534594130768685 
-7.694896995444171 
-7.935388858336326 
-7.700688238731929 
-8.334017282179321 
-4.703069970100294 
-6.806792700116756 
-8.64432919187495 
-4.423438443643434 
-3.5686571368835835 
-4.071483164666367 
-4.916426621663877 
-4.3143216470108365 
-5.843339138970318 
-5.099952236452321 
-5.628077244612242 
-5.302399850476788 
-5.330798112472155 
-6.0346740463832065 
-6.6809554478445285 
-5.8373611961481515 
-5.828234701470431 
-5.767657515946179 
-5.463941469155966 
-4.95763028040278 
-4.98591513484321 
-3.2538713224496454 
-3.9629828548580788 
-6.454449001749153 
-6.5503566419344 
-6.022461176352853 
-6.4100570453147645 
-5.94873992766645 
-6.154469904596479 
-6.165107896366731 
-5.5005220538691635 
-5.45241525448024 
-6.55773583415762 
-5.959364158037461 
-5.544330135807945 
-7.57865377845638 
-4.997963424170968 
-6.599318431364219 
-6.818720084377968 
-7.659917765924603 
-7.940791908803334 
-7.565131167772034 
-7.169553741387623 
-7.632596776192919 
-8.67143377905723 
-8.79796802471677 
-8.702653889702253 
-8.842073559454898 
-7.187029542778974 
-7.310954487201029 
-6.618818874509029 
-6.418363863016402 
-6.330031797506447 
-6.531196649995225 
-6.6022834192229425 
-6.572517374410321 
-7.6059427563854625 
-9.231337172195584 
-9.588504983431273 
-9.591096159173006 
-9.618167802624212 
-9.798335012600168 
-10.998029492604266 
-8.280317101238882 
-8.005374598202915 
-7.996936843118208 
-7.800376793100237 
-7.877365810472209 
-7.530176456377276 
-7.886036180531115 
-7.361679083190706 
-7.372828808930021 
-6.646993636895447 
-6.666683088692691 
-6.6410593829933955 
-6.580427425844871 
-6.50724523649192 
-6.4777146856862355 
-6.919368346059068 
-7.173901384242392 
-6.610625092017241 
-7.173307389826049 
-6.712998042984053 
-6.985569074858994 
-7.468703800200528 
-6.275461281763633 
-7.121867435475508 
-6.972940074175202 
-7.180821621960922 
-6.819675130493129 
-6.838493502524523 
-6.877012554022518 
-7.3306457735826545 
-6.918402961744696 
-6.848674846090969 
-7.791045332573061 
-7.790087704356651 
-6.485886342259629 
-6.988835934787263 
-7.602540532427545 
-7.972219244454704 
-7.661102667035785 
-8.181448213640657 
-7.081120327064106 
-7.062660229204765 
-7.110959603953333 
-6.629701039099575 
-6.820766591388907 
-7.044407941899402 
-6.380814387806016 
-6.685436184495854 
-10.166501964697474 
-9.746409046957822 
-7.914771534144044 
-7.784491173288785 
-8.127153341211027 
-7.815409820777359 
-7.981307289937426 
-8.25005292327357 
-8.933839422570205 
-8.68726830800667 
-8.704083686888268 
-9.579724876278023 
-9.45440394677714 
-9.655259577118276 
-8.016005609245715 
-7.676594101893654 
-8.745587998475287 
-8.744431819163625 
-8.795653284701338 
-8.755811510164317 
-8.547848854225517 
-8.646937833152007 
-8.630958453384723 
-8.699775826643922 
-8.616643635296022 
-8.208432609554656 
-8.40696317360959 
-8.382501483094599 
-8.353826060321296 
-8.028166124331053 
-7.249450408822941 
-9.83373058099668 
-9.449150075607626 
-9.427886636905505 
-9.67965860139187 
-9.673590371726984 
-9.651900646395593 
-9.438663806275857 
-9.817662469264116 
-9.722272493594101 
-10.383749055682925 
-10.26827251286166 
-10.249592577424952 
-10.327972074740924 
-10.84992688855833 
-10.388778588747526 
-8.158033833723625 
-8.349233600398447 
-7.0525515004299635 
-7.061729327867013 
-6.157577327896176 
-6.09701482126393 
-5.603171060029071 
-5.998474434324912 
-6.0265885692341135 
-6.335770679246088 
-6.735521297469801 
-6.667799035917037 
-6.917101690148938 
-7.15238333490665 
-7.558067628688885 
-7.6221242032819925 
-7.530471971130601 
-7.6149415585529425 
-9.492468475156338 
-9.696803291802782 
-9.583780402371412 
-9.599050499394513 
-9.754043515774175 
-10.187248112097839 
-10.551593472916867 
-10.554770158345061 
-8.802350446237343 
-8.660958684678278 
-8.853223822595817 
-8.723148720815493 
-8.734546665016747 
-7.1874068551374695 
-8.530680764854141 
-8.454874079609208 
-8.444611885787682 
-9.7047025525447 
-9.621703163008917 
-9.598789138711204 
-8.949390087933201 
-9.880139360050203 
-10.190252437559359 
-8.080161306619097 
-7.806018276269379 
-8.262113500943155 
-8.467837154711654 
-9.1672346230833 
-5.394355066613153 
-5.582886145626793 
-8.131342377323367 
-8.072957493714748 
-8.357686314947824 
-7.875720093234342 
-7.699884468305733 
-9.398978476593886 
-8.000876851723927 
-5.777917431179683 
-6.687836797152179 
-9.499198086765222 
-7.868203963814548 
-7.953277004375092 
-7.440432117026546 
-7.701787746145213 
-5.884769824511055 
-6.041570864470129 
-6.330105123172466 
-6.601901391479834 
-6.13877632391299 
-5.955033852584075 
-5.910966967316283 
-6.13946107495157 
-6.142908889972097 
-7.971354573636429 
-8.092288705557392 
-7.701579045436689 
-5.2771747290092925 
-5.194482756919382 
-5.164024035098057 
-6.675688989384298 
-6.022874992340205 
-5.314544152805107 
-3.5239782181840766 
-4.473532827874159 
-5.218468089576955 
-5.853211358369884 
-7.804004455399186 
-7.80294688247021 
-7.620587430077331 
-6.471965992766507 
-8.143321332967448 
-7.241720219778528 
-7.005871315908594 
-4.427384075215534 
-6.285316895168473 
-5.82294445407607 
-5.829145337178951 
-5.917836695218407 
-4.935905116079617 
-4.935846670764098 
-7.1599111132647275 
-7.179544943314784 
-7.324548927603962 
-7.40781898081758 
-6.681415225792414 
-3.7274963067598916 
-5.640785838244572 
-5.729696703359982 
-6.158408194464275 
-6.016723114701088 
-6.357015708727452 
-6.239398868721763 
-6.487723980418504 
-6.505737106762982 
-6.241391480451615 
-6.3025845913450596 
-6.549444304524033 
-6.632646107932934 
-7.274876630047594 
-7.817398922396308 
-7.522488821678956 
-7.510719088234408 
-7.29639341245244 
-8.259197365005349 
-7.04427557379552 
-6.531630774726434 
-6.54218696716841 
-6.59757650456362 
-4.152079546253675 
-3.7494053760547565 
-5.445235250979534 
-4.9324113400063565 
-1.982585612676722 
-2.1030734084430227 
-2.5351393529805417 
-3.1162815152737666 
-4.376038138715435 
-3.588968060898261 
-3.548341654664671 
-2.9678654885638087 
-3.278800219921259 
-3.6938801216973105 
-3.4004926797271957 
-2.2806901346802047 
-2.82340676423481 
-3.1277173220806156 
-2.3313871701602142 
-2.7547554589462804 
-2.4163572418525225 
-2.2964914690203573 
-2.6632831688993672 
-2.796699796627105 
-2.9319755878927207 
-2.9451314683072267 
-3.2649496571925503 
-4.336206556302488 
-4.969959543591921 
-4.985663597473012 
-8.853976362839115 
-8.711333730649203 
-6.162012723098925 
-6.2075111746820575 
-6.9006052758237955 
-7.324839032306847 
-7.172966418672318 
-7.660972441182243 
-6.8807204873423204 
-7.338473320097724 
-7.25554855625018 
-7.351182235113955 
-7.247859976127046 
-7.112066960956756 
-7.258861110471161 
-8.44090731364323 
-5.925679533736419 
-7.625028220267624 
-7.497698589111454 
-7.747438337493326 
-6.548854580881586 
-6.024588575364857 
-6.046456737704785 
-6.249761459956364 
-6.538391941797021 
-6.130870908527421 
-3.813036941675955 
-5.039060598939544 
-5.0493186516830715 
-4.8938623295512915 
-7.09059479484732 
-4.673458737994278 
-4.693401866113635 
-4.744726843272704 
-5.4028523876580525 
-5.532751016393296 
-5.636597332286538 
-4.8919848836957485 
-5.004194171625942 
-4.900203671174857 
-5.020215598147888 
-4.840779666576836 
-5.049100357429985 
-5.487827164028363 
-4.836029189325769 
-6.392296893208773 
-3.0065312159410555 
-6.728456028919743 
-6.776766000437316 
-7.471534790620054 
-7.743412547516642 
-8.129530711736399 
-8.642472643164739 
-9.468024623777604 
-9.586931931207248 
-7.268662164540957 
-7.6985163088425885 
-8.67689912772745 
-9.397500556571782 
-6.853745092860367 
-5.753725826007741 
-7.177243958681966 
-7.402372672005463 
-8.351035017549279 
-7.383571780768392 
-8.249457550071767 
-7.645518137903365 
-6.513906450768681 
-6.664998494646573 
-2.8417104832439 
-3.708974058176969 
-3.1393547722655986 
-2.7512529597975957 
-4.408538746232328 
-5.506958628217935 
-5.455619182933088 
-4.955718331013038 
-2.9571489744167385 
-1.5262274864865617 
-2.637740181619 
-2.3719406889408887 
-5.3007657813741265 
-5.76028265185313 
-6.311716462816152 
-6.160675015778494 
-5.869860435411626 
-4.242095579973538 
-4.947525133721714 
-3.8056391649694596 
-2.7337683249026385 
-4.021810610410833 
-2.763790066473161 
-2.71383910313892 
-3.2477554797067536 
-3.522054551085017 
-4.87614551293883 
-5.3922820324074845 
-5.898050738714047 
-6.281442730448271 
-5.845885359961373 
-7.469217828518569 
-5.349862005305299 
-5.591953562209893 
-8.914049214640023 
-8.921337638435842 
-7.7664396701332565 
-7.892376045755671 
-7.966469040997589 
-7.633188608964015 
-8.58270530284938 
-8.467214876270333 
-8.012793627558908 
-8.033413096357487 
-7.565129124455953 
-4.883027907859776 
-5.378725828791134 
-6.645746608520067 
-6.415298800746086 
-7.083518868260701 
-0.5205243000990514 
-2.226705160206548 
-2.3355245740290465 
-2.4345648203328722 
-2.467579458398918 
-1.7509281920388688 
-1.75883978707147 
-3.7729776477442347 
-3.926594113766717 
-4.578480984736524 
-4.343785619349107 
-4.932462210229288 
-6.558989681030655 
-3.94869827937612 
-3.94367320936571 
-4.584165211881058 
-4.235841273738124 
-5.548610240450682 
-5.84232792140813 
-6.189201155910888 
-5.812054518528951 
-6.3852931140862355 
-5.504969244948638 
-4.9761606377347745 
-6.075824431161021 

 Time 
591.5270390510559 
