Energy 
 
3.3888654472655504 
-0.4628109352435097 
-0.5036125970998273 
-1.077838232306473 
-1.3266164374440985 
-1.7281308756613454 
-1.7840461134477794 
-1.859092642791145 
-2.802058129562109 
-5.6677319165415865 
-5.679131604215593 
-5.67546937559071 
-5.6830274166285175 
-6.376178242209852 
-6.8466413280250755 
-7.657570292630253 
-7.666454243940155 
-8.686322283064548 
-8.64802167914021 
-8.980441477615663 
-8.193796201361303 
-9.22138627958945 
-10.525471562077689 
-10.47977803134263 
-10.081128319000445 
-8.436416679996528 
-8.75414889145888 
-9.162958606540586 
-13.68553926318584 
-13.600927419369148 
-13.835100272787429 
-12.498645803820985 
-12.504698283506322 
-13.664077207264262 
-13.570948883397175 
-13.518134258158472 
-13.620332632914756 
-13.610009690248262 
-13.595229343017147 
-13.731719102020378 
-13.246903991412385 
-13.252177931457634 
-13.195950624313017 
-13.32073410121518 
-13.315688628022269 
-13.484682661316402 
-13.4219727448299 
-13.243264223591426 
-11.279139811133485 
-11.30723956616743 
-11.294159073470992 
-11.061473161201883 
-11.19271197743245 
-13.35448724544599 
-13.32950036015086 
-13.432921392433249 
-12.152670778585037 
-12.08465813551825 
-11.868275163914577 
-12.464756541866857 
-12.688676679781254 
-12.6888672030443 
-12.032156879864395 
-9.83779541820892 
-10.46842493722717 
-8.381947160243266 
-9.618428528502035 
-9.816137233756825 
-10.9159438421146 
-9.62916937516558 
-3.0720790304995553 
-5.331738993570941 
-6.159270569367301 
-5.839790360436401 
-7.023827630193848 
-6.497189056529786 
-6.4968233767160095 
-5.663473485423199 
-5.664976296282986 
-5.476513051357609 
-5.813515191285224 
-5.830699796716714 
-6.984668191283783 
-7.002349534423435 
-6.195321626914402 
-6.250062280328861 
-5.6816870551494265 
-7.13579227029624 
-7.157053585301916 
-7.197160232736778 
-7.005266436256186 
-6.721966031799835 
-7.554930656968013 
-9.118326648355469 
-8.57055088910487 
-11.883372954096089 
-11.900293601481776 
-11.91249104046328 
-12.056688717363361 
-14.204219913368851 
-14.028117647969292 
-14.507120429235433 
-14.470303716437037 
-14.46610484891133 
-14.435879625821903 
-14.49795723504075 
-13.932762418751759 
-14.651644464386786 
-8.135261210911386 
-8.097326145582901 
-8.320615614816619 
-7.862925059949493 
-8.846411981084065 
-8.834432095009985 
-8.828401928076007 
-8.718409919034201 
-8.398447856804005 
-8.440423066440065 
-8.9027003349696 
-9.508493271309748 
-10.697154529766681 
-10.686081912947657 
-10.84220919039686 
-11.16600893555331 
-11.325529662058255 
-11.556134940087038 
-9.847852190017708 
-10.062415661517681 
-11.173224024596248 
-11.17193890462742 
-10.95657505268423 
-11.036982703028958 
-10.776867508631359 
-11.303124956289807 
-7.938105739230523 
-8.719586281619252 
-8.755399575890406 
-9.730838448178893 
-9.591680659091502 
-9.337178377327037 
-9.088741254808888 
-9.681440069674883 
-9.963247936022618 
-6.01323398602099 
-6.277814424353083 
-6.804059867167569 
-6.6936636262151445 
-7.12979573498434 
-7.534430100325393 
-8.169334705448446 
-8.211162808111078 
-10.994235530032459 
-11.950952318296627 
-8.735242945043044 
-8.812766281570903 
-8.727067646331315 
-8.531556832724988 
-8.4537210361433 
-8.722695430927818 
-8.870990917723386 
-9.415475722173268 
-9.792055285353001 
-10.49698663601332 
-11.681798289940366 
-8.368097025961525 
-10.09862987978974 
-10.152768184331112 
-10.021048731362356 
-9.87571178672342 
-10.267783745877095 
-11.515722389144372 
-11.57456093462202 
-11.995146028129476 
-11.132835040558984 
-6.3205246986134025 
-6.433886720032905 
-2.9650987626520102 
-4.147827314824184 
-6.085014607797051 
-6.650482634366005 
-6.483347823072817 
-6.378357888004169 
-7.712094542729494 
-7.2205031395995425 
-7.64027201767653 
-7.756022800077308 
-8.421240808595666 
-7.742611172773765 
-7.298865499651857 
-8.06122412299627 
-8.681060456379589 
-7.622393994587261 
-7.602496554693913 
-7.212648374504729 
-7.232506044983057 
-8.143595835828437 
-8.075149381368965 
-7.247657674908408 
-7.14775656774725 
-6.844045337027933 
-7.183378214304378 
-8.849117450896927 
-8.194345512076211 
-8.690442732049181 
-8.635096540227329 
-10.227703938799628 
-10.145957842646915 
-6.652745737350008 
-6.544888120765357 
-6.409409721005382 
-7.918119231073445 
-7.959906525107933 
-7.966393414190955 
-8.10724619393676 
-8.086597369270569 
-8.939284776432554 
-9.882319552629756 
-9.76061583817401 
-11.720307813180558 
-15.112114108068116 
-14.52992897146775 
-14.2448714942965 
-14.239682089835327 
-14.331724771126375 
-15.583908725835833 
-14.92692683961791 
-14.676809573597698 
-14.401462610048721 
-14.345612787960743 
-14.99047783724698 
-15.183179371895154 
-15.769961714257857 
-15.114560151594835 
-14.900219474176675 
-13.567848833948087 
-13.649016247688028 
-13.740230913288872 
-14.27493783561 
-13.660231970523878 
-14.216109661242642 
-14.264038313240766 
-14.331682060546747 
-15.529095997780061 
-15.052460558714033 
-15.247302101168565 
-15.199609137241495 
-15.227852518856714 
-15.416317879118996 
-15.07343185864505 
-13.065246812170924 
-14.178911736211807 
-14.140025380178306 
-12.422438255507954 
-11.996717559963011 
-12.143958399319441 
-11.975958670938804 
-12.001034410049332 
-12.149580507145318 
-12.1715174669332 
-12.165926755270489 
-11.608471806287422 
-11.490382431761875 
-12.615771508500965 
-11.44670690502233 
-11.579974526296457 
-10.049747273125137 
-10.36598109687509 
-9.675173821401405 
-9.858761434517717 
-9.31972167540664 
-10.689995841414525 
-11.026892156946637 
-10.892125084053397 
-10.871659741302707 
-10.931789547652743 
-10.656749897037452 
-10.322005747898274 
-8.3534472839479 
-9.052305598710731 
-9.052684698042453 
-9.036606269327901 
-9.198488973661524 
-9.797737052522777 
-12.566472837645703 
-11.68692127874445 
-11.286469265007707 
-13.717451793443617 
-13.647632574160873 
-13.830266607435497 
-13.850058963041272 
-14.1217146265532 
-14.200368547804842 
-9.488647841449463 
-10.918927074908188 
-8.08400020440077 
-8.156474031905965 
-9.103071903715453 
-8.892207739841645 
-8.783054730705837 
-10.69360892054424 
-11.065635344042384 
-12.219611082458874 
-12.398761790585493 
-12.76780605277943 
-12.508894111484041 
-13.110512829097146 
-13.502497732613065 
-14.236377440123032 
-14.245079800786424 
-14.298015118747692 
-14.305169099923381 
-14.834650371579363 
-14.784490870281466 
-14.762178860632904 
-14.801252632939294 
-15.21849676424409 
-15.141389820734476 
-15.147676551747717 
-15.158731056132662 
-15.150308428982063 
-15.153992691597963 
-14.918897110966563 
-14.812509830573164 
-14.498786856785227 
-14.397972816405423 
-14.393913922821179 
-14.567640586807908 
-13.497828500032128 
-4.388902587827658 
-4.908942579324374 
-4.9089982200080655 
-4.776582248828653 
-4.8345444862220965 
-5.916918298709531 
-5.992416709968149 
-6.080265996665034 
-7.873451841109248 
-8.849299837217012 
-8.855921577836643 
-9.187483088798832 
-9.202996176381909 
-8.200739900081501 
-9.327974539379854 
-9.356825360649715 
-10.692783517891208 
-10.549324890644852 
-10.543880547011586 
-12.21409187483245 
-12.181072966889952 
-11.952138092808099 
-11.86809608125279 
-11.402558908293592 
-11.381216042482592 
-11.138249509595957 
-6.188160199365541 
-6.0365744941618065 
-6.082088301372065 
-6.084495320644963 
-6.626134198655363 
-7.838570176521036 
-7.929146507467901 
-7.825175084838768 
-7.823193935495857 
-7.934088740361644 
-7.938636288273176 
-7.942218446689598 
-7.9502137194921865 
-8.43847830979797 
-8.57893150374283 
-8.588546887351301 
-8.75250467516593 
-8.776511981264557 
-8.764598811334034 
-9.503608160497942 
-9.581403064881878 
-9.611681130518996 
-9.614243576166716 
-9.586123199528087 
-9.903635370418924 
-10.065289433530761 
-9.978802912682475 
-10.272922495514667 
-10.402482771220686 
-10.603918077133532 
-10.606387872763467 
-10.603705984742147 
-10.549154537543007 
-10.601772050906032 
-11.397894160999995 
-11.551524297668598 
-14.21589036736163 
-14.422594484326645 
-14.490441225852587 
-15.0100442322614 
-15.052688594662673 
-15.046363654368824 
-15.118577643941348 
-14.7582605367292 
-15.104705230472067 
-15.134879232854137 
-15.169990690300146 
-15.0484139409575 
-15.036609912584892 
-14.641430863467507 
-14.436777298598226 
-14.628148231449645 
-12.8094564986914 
-12.794461684818703 
-15.05757045387971 
-15.056810836710923 
-13.782113034974948 
-13.75154522925041 
-13.739207704099247 
-11.650225623641287 
-11.645561642688126 
-12.076134472874982 
-12.374889949482837 
-10.835429155467365 
-10.818093923017477 
-10.58970550738538 
-12.313532881222605 
-11.923692523551681 
-12.198658854724794 
-12.892951081755745 
-13.665274167526688 
-13.934344793278733 
-13.915436110129846 
-14.045294955214212 
-14.108688242583604 
-14.11577818497348 
-14.244442097697151 
-14.201258582672851 
-15.262994949221888 
-15.62633721622361 
-15.652816671356517 
-15.652995464488185 
-15.702356008004688 
-15.798703363278197 
-15.863302898786122 
-15.833261032302914 
-15.833888699525371 
-15.78292275245864 
-15.748046880331207 
-15.718022388275577 
-15.573967540541759 
-15.908801347284319 
-15.920553316118458 
-15.88152562468484 
-15.800798885302418 
-15.803422705484131 
-15.32797638255275 
-15.368440338755256 
-15.3625067217194 
-15.359952436717915 
-15.077598082186217 
-14.916800801972604 
-14.883930551056789 
-15.035511055721896 
-15.04702895447277 
-14.660982530651813 
-14.651201886015038 
-14.637374641067266 
-14.62470507459906 
-14.71692629571801 
-14.555552873884315 
-14.651178874641536 
-14.640832946939115 
-14.567974971405892 
-14.433195075874213 
-14.914713066866772 
-15.454840321756695 
-15.216719189862284 
-14.688179523918269 
-14.171219195247463 
-14.0967450336183 
-14.540210064934671 
-14.20911930330243 
-14.55231868327865 
-14.841353511331986 
-14.319836126603272 
-14.223744579968045 
-14.458241069439136 
-14.998162614048479 
-15.062729167660883 
-15.056115054528567 
-14.90830210118477 
-14.696628936245466 
-14.683361749760175 
-14.641809548407478 
-14.515873440730891 
-12.660268032746846 
-13.52183369619509 
-13.378807829116889 
-13.640188599354062 
-13.982175636233052 
-13.894812178741363 
-14.475992742093327 
-14.205842033878087 
-14.235117131544143 
-12.58455551417542 

 Time 
82.28599500656128 
