Energy 
 
3.132899243227253 
2.5740054796489327 
2.04050324890999 
-0.19030738003120573 
-0.1625118233297418 
-2.2040638096552043 
-2.480878801809066 
-2.4808294393709747 
-2.4815745293163958 
-2.603161729968324 
-2.37257189074564 
-4.415076298409007 
-4.733137928957831 
-4.757663232346241 
-4.829256734253981 
-4.795045881164532 
-5.696590580568735 
-5.606156624315632 
-6.739949129697644 
-6.850149830216046 
-6.882698849324699 
-7.339631488658105 
-7.237966952808504 
-7.243695520217552 
-7.415203947205338 
-7.411400831946196 
-7.681334456431811 
-7.679230278973862 
-7.675060452616593 
-7.7058942419312935 
-7.986461994521303 
-8.902438750266317 
-8.97259900712102 
-9.5468321924284 
-9.521123295962209 
-9.128155808444621 
-9.099593221335706 
-9.444790718211038 
-9.428432492972375 
-9.311271387435939 
-9.363632546082968 
-9.376738279638651 
-9.188103319882053 
-9.704109248673136 
-9.672839469519797 
-8.731984265535115 
-10.720925984197505 
-11.361581037457142 
-11.531401845809386 
-11.417864116012236 
-11.647225008939138 
-11.39299095804454 
-11.386248410168408 
-11.387461359356667 
-11.334346620107386 
-11.021640069327406 
-10.903733314843324 
-10.931590781238375 
-10.948920637838672 
-11.258672169430186 
-11.27928527759585 
-11.376082196177977 
-11.368839052812946 
-11.378886645134505 
-11.407020487178382 
-11.521922455247976 
-11.573898454884253 
-11.711910766606854 
-11.740415266096445 
-11.853941498057232 
-12.087961832142796 
-12.189297716452847 
-12.261618106392541 
-12.505483313714002 
-12.61193317409086 
-13.117363085471235 
-13.206858805167304 
-13.245556346357812 
-13.405700737691639 
-13.653469352312426 
-13.669334427212002 
-13.627813290699837 
-13.606567601360364 
-13.53952443608721 
-13.34573200900017 
-13.077648520699267 
-13.109080228672024 
-13.08999538203924 
-13.657742778319085 
-13.707985037104788 
-13.709699210643159 
-13.082002196524497 
-12.925165366448152 
-9.936263216409829 
-10.294623612037668 
-10.345460530841665 
-9.841364302552327 
-9.695953239477058 
-9.691318526353133 
-9.641627930639778 
-9.502024830092818 
-8.856054286955587 
-8.966659913633391 
-10.421480258543049 
-10.655849499612781 
-10.986718737559798 
-11.522187552889338 
-12.560351090995429 
-12.89698304217099 
-12.664994604540825 
-12.695203833575954 
-12.308274470706355 
-12.656782135727632 
-11.786922513035456 
-11.865739573187346 
-11.596646849807794 
-11.52289232617979 
-12.276865056619314 
-13.107994686215708 
-12.695854747168095 
-12.62672055100323 
-12.709909092572662 
-12.292175204529796 
-13.457551066436867 
-14.0294477182863 
-14.070061074546807 
-13.95030703055848 
-13.008664172832981 
-12.995477643656145 
-13.521602694061794 
-12.748440096636074 
-13.414896226276795 
-13.923493713707124 
-13.922996167286293 
-14.553198561848413 
-14.547077626114731 
-14.438772280906 
-12.937605735486757 
-13.064727060357303 
-12.830527149395435 
-13.293166780816907 
-10.795184711842488 
-10.545363696722823 
-11.022283764819498 
-12.192417884176116 
-11.830489727636401 
-11.365358695248597 
-10.395288993127691 
-10.22400812672837 
-10.311019714699961 
-10.214601676068803 
-8.068889306444348 
-8.60940443382129 
-11.141095397784355 
-13.08095331237562 
-13.129557919960625 
-10.709503637558138 
-10.642054932090963 
-10.50408090042945 
-10.07430572441671 
-11.656037079277382 
-12.10462767914211 
-13.369425851998933 
-13.413164308858917 
-12.936105197698204 
-12.287919922584221 
-12.343369952788965 
-11.369550036090189 
-11.90975090223831 
-12.613355648766971 
-8.622255931535538 
-9.661839872242105 
-12.000622016178887 
-11.80873352694404 
-12.710391364433955 
-13.095614707363213 
-13.170136793463655 
-12.742935918116297 
-12.367433416709884 
-12.313177064644773 
-12.271988449386694 
-12.594295820035676 
-12.786349683227046 
-12.391901246068546 
-12.290490806771563 
-12.041635678330769 
-11.979594586694782 
-12.277971615336682 
-12.326772181361541 
-12.375583232042043 
-12.495977980179092 
-12.520070358304228 
-10.610656458629101 
-10.562419706621235 
-11.470547216615554 
-11.483989159108551 
-10.159924445572099 
-11.090298305108872 
-12.555122143437083 
-12.56768663459078 
-12.626388788996266 
-12.506347096568263 
-12.523624000870898 
-12.729757216672963 
-12.624096656367941 
-13.075873574158145 
-12.921857553266006 
-12.843318888614869 
-12.503037276692819 
-12.427970059314484 
-12.527852351785803 
-12.379835004646715 
-12.566041215289225 
-13.151331736330931 
-13.122270088400427 
-13.070681627657137 
-12.607942226622873 
-12.744737889583453 
-12.74387295847018 
-12.899285957134536 
-12.98389506162966 
-12.771424775063485 
-12.757740289703444 
-12.821965778146588 
-12.826252193212753 
-12.745369214873273 
-12.771758284986431 
-12.765256675833454 
-12.746463953789673 
-12.797005728397052 
-12.780828446550515 
-12.692238729547572 
-12.673359359221324 
-12.714893210731544 
-12.920228113047422 
-12.919912087150738 
-13.053629655491996 
-13.07762758660208 
-13.065920305055602 
-13.350675103652872 
-13.554238324084873 
-13.601094294527337 
-13.831724721982914 
-13.748943153575985 
-13.765404932437338 
-14.075781352766304 
-14.001887478140384 
-13.670565709051315 
-13.470803489747222 
-13.724604944709558 
-13.917752300717579 
-13.498940133725139 
-13.588720227354262 
-13.382460425044265 
-13.502080904409496 
-13.659855112159452 
-13.701782291786362 
-13.693873399286257 
-13.57664904655856 
-13.512338762628056 
-13.48457230656833 
-13.47981543056054 
-13.486160913586472 
-13.416387223912862 
-13.657447440603148 
-13.64068001050452 
-13.75512989687794 
-13.643569466133794 
-13.579793087598924 
-13.590792731319784 
-13.584168711596513 
-13.806677269463435 
-14.085766242188662 
-14.070558579907672 
-14.076450674232412 
-14.101504506793882 
-14.141430816326508 
-14.18174973554615 
-14.231079308880975 
-14.101132209473338 
-14.153190717734951 
-14.190104667754817 
-14.22506643683925 
-14.22630788454071 
-14.097178978238196 
-14.098348999950918 
-14.14448983722791 
-14.207362286957679 
-14.267340712272025 
-14.276597391111268 
-14.202630793067048 
-14.210306979536378 
-14.238569302316566 
-14.227607712849588 
-14.233631083538084 
-14.269179299066124 
-14.004116069366871 
-14.464525232693294 
-14.542196752131282 
-14.518186524587247 
-14.653739856287777 
-14.645225737398212 
-14.48114826762539 
-14.493855815394939 
-14.519355755648206 
-14.566550407063293 
-14.457931576605565 
-14.550054738279432 
-14.542057905895831 
-14.532283008073795 
-14.533560933908523 
-14.542599896762416 
-14.706779177874298 
-14.982994727760264 
-15.082661628513154 
-15.33041352206477 
-14.59409921013654 
-14.429597836220637 
-14.408786435403485 
-14.679662970477965 
-14.661638527651382 
-14.641985558318936 
-14.317802683154333 
-14.330043115513913 
-14.498445749062514 
-14.758820343007727 
-14.803592844198345 
-14.820718165005816 
-14.789127320267651 
-14.878286334357552 
-15.130428643403025 
-14.840770684070186 
-14.098883219485785 
-14.026045113474929 
-13.741127330662245 
-14.003511434970884 
-14.017053469286415 
-13.713046213769374 
-13.713448080131641 
-14.076378059966732 
-13.997885009376713 
-13.913138678501367 
-13.931442440745911 
-14.15058400068488 
-14.149938492044766 
-14.192972838760355 
-13.476520109348368 
-13.79699108868705 
-13.934326860784314 
-14.015545328698376 
-14.30705259729868 
-14.308223284372938 
-14.2999740786835 
-14.303042010511225 
-14.300484625339868 
-14.3007702481653 
-14.246210260787374 
-14.266313181288343 
-14.405698571582235 
-14.374806318332576 
-14.398977792796964 
-14.502189262960414 
-14.631450116511726 
-14.555032698847857 
-14.556363642818681 
-14.187278667576308 
-14.197010687029973 
-14.110294675539155 
-14.130291257802504 
-14.144064212336449 
-14.135004482362444 
-14.116114215271406 
-14.126760110159545 
-14.501296043357058 
-14.456734317634089 
-14.332722935715767 
-14.513343042908087 
-14.05553784093305 
-14.259024641937227 
-14.28149984808001 
-14.237939005876608 
-14.246818967762803 
-14.456230783563333 
-14.503941802901814 
-14.51096776696922 
-14.517584365226067 
-14.548184470988726 
-14.550795121493064 
-14.513639202962494 
-15.015972990287775 
-14.862038082556179 
-14.854386880168915 
-14.897305952527969 
-14.624459217851554 
-14.767025371734768 
-14.745862038954975 
-14.55523964907747 
-14.5586886009869 
-14.524239844500263 
-14.834010340917253 
-14.93966968937437 
-14.838773519019833 
-14.945080821429594 
-14.972151894426986 
-14.974469863139195 
-15.130010270183973 
-15.305714398140617 
-15.241791044454375 
-14.985365516840348 
-14.976236838645356 
-14.970779504849963 
-14.947479951698721 
-14.932484727120205 
-15.273795490311114 
-15.273621222687867 
-15.216665596582159 
-15.11198924364037 
-15.08600302992741 
-15.093436665302171 
-15.459684567488091 
-15.47103516496229 
-15.496133847802193 
-15.628532012785172 
-15.751563628192052 
-15.76202930937526 
-15.837014367632209 
-15.869084905358974 
-16.16110133416763 
-16.19750721069157 
-16.373607557671708 
-16.370518197514578 
-16.24492176549008 
-16.201645613602228 
-16.18304636067482 
-16.327385516009087 
-16.31942744030427 
-16.28303963102065 
-16.235293091178672 
-16.224609259090865 
-16.36385391299194 
-16.300367434302277 
-16.29431396082229 
-16.29985521640541 
-16.30579375896901 
-16.320963268202398 
-16.30983803635258 
-16.259498507267658 
-16.493139656232138 
-16.49543137455142 
-16.556469597786325 
-16.579634974738457 
-16.472500853867547 
-16.468944307834033 
-16.3685965909929 
-16.679228200347264 
-16.666448521273814 
-16.655547720362293 
-16.846115267829642 
-16.27750379550164 
-16.292784964631537 
-16.461054212327827 
-16.62349373917877 
-17.03848894028058 
-17.086215788768612 
-17.11056125090196 
-17.004649931621746 
-17.004681658212686 
-16.398684479016435 
-16.415825662119918 
-16.791220810155792 
-16.300463595303192 
-16.40387221950636 
-16.44538438393324 
-16.63883402804889 
-16.358068891983386 
-16.27240647778519 
-16.495265615279145 
-16.65777964903118 
-16.647763740694444 
-16.652135273794705 
-16.770092868248902 
-16.202423597953175 
-15.987811783586977 
-16.857775995773714 
-16.831199515412962 
-16.85755521003611 
-16.8402301390136 
-16.981990527076178 
-17.00063873734976 
-16.821115209202677 
-16.820961671813148 
-16.86271898797572 
-16.826374302550278 
-16.819343293486444 
-16.831059399251266 
-16.833488471560276 
-16.687478600957544 
-16.73452366909397 
-16.736313196781985 
-16.744116003867994 

 Time 
55.09754705429077 
