Energy 
 
-0.3013136220446028 
-0.3916335260219017 
-0.41053289872010634 
-2.8214970118945906 
-2.779336615119775 
-3.4169155378082454 
-3.6499590573991143 
-3.7594795487857158 
-3.846169047625497 
-3.8818985231050562 
-4.757493143940989 
-4.699606394626582 
-4.81083906483705 
-5.535494014413554 
-5.873111494370656 
-5.89790874700142 
-5.97967436835287 
-5.959182084107949 
-6.05983437036101 
-6.046388052757771 
-6.109019910569053 
-6.117419060786929 
-6.2444970037634295 
-6.258064593579252 
-6.385209512979673 
-6.338433493336384 
-6.112990240406884 
-6.029964631052834 
-6.2485123919907455 
-6.670192998989783 
-6.683576401344695 
-6.685900141342812 
-6.6874056682086405 
-6.502821633046581 
-6.3112647596564235 
-6.419597473501551 
-6.205559481116698 
-6.148598490629626 
-6.335327444985519 
-6.917666386626336 
-7.32395265767221 
-7.420278412740197 
-7.6131609542220895 
-7.65827548029361 
-7.66016153627189 
-7.767062333935318 
-8.149933309615284 
-8.173214361467434 
-8.257954765914063 
-8.282209217705308 
-8.283263352934942 
-8.295052551588208 
-8.339139224853593 
-8.342050334714038 
-8.350478535683965 
-8.359390656352778 
-8.363346213489466 
-8.3641491159773 
-8.386267881140371 
-8.42613081757094 
-8.431145106187563 
-8.431734355770825 
-8.454590551336992 
-8.459291518160418 
-8.503390320866819 
-8.529678828946302 
-8.611069104290342 
-8.648634547609898 
-8.658801108589287 
-8.693432928094717 
-8.696293204389475 
-8.696235367317374 
-8.710584787207345 
-8.710611887552284 
-8.720954073318074 
-8.721907686740519 
-8.724166713430993 
-8.751933047184691 
-8.75682197114741 
-8.756650007994955 
-8.756745495370994 
-8.756906880906948 
-8.759130599741615 
-8.773164654469737 
-8.773259718770198 
-8.773205668883374 
-8.781026491682846 
-8.783917009054683 
-8.793071353792316 
-8.793048689571236 
-8.796095299848256 
-8.797907699049587 
-8.800367428299898 
-8.80520083350166 
-8.80713502998318 
-8.808361507173613 
-8.808481139391995 
-8.809082538399688 
-8.81498945955923 
-8.81606820013011 
-8.816141203610439 
-8.81790865094717 
-8.83241238201639 
-8.833321458252325 
-8.834001629497484 
-8.834523201483364 
-8.835907946234112 
-8.835911508989309 
-8.836457441141919 
-8.837535634365436 
-8.83758027057284 
-8.839275429631504 
-8.839275286784881 
-8.839840533567408 
-8.84017265447145 
-8.84067756635859 
-8.84107355384044 
-8.841174934746817 
-8.841545570592354 
-8.841566801279676 
-8.84164361367097 
-8.841651494186692 
-8.841868108684611 
-8.84199176184187 
-8.84208020396234 
-8.842074631181914 
-8.842105245875178 
-8.842101647550649 
-8.842579335584256 
-8.843214831668915 
-8.843403826964353 
-8.843408387254968 
-8.843572617846005 
-8.843795369927532 
-8.843963604583085 
-8.843967159995923 
-8.843972491814979 
-8.84398333984884 
-8.844094695307314 
-8.844136679477032 
-8.84415506545611 
-8.844157483231829 
-8.844157893098586 
-8.844164122124917 
-8.84419077748776 
-8.84421380314555 
-8.844220186664625 
-8.844219834527053 
-8.844220673231247 
-8.844244221512794 
-8.84424411307495 
-8.844274133354645 
-8.84427951036548 
-8.844279481568403 
-8.84428235343144 
-8.844282377013226 
-8.844304107618745 
-8.844303992912852 
-8.844304016611389 
-8.844304198963524 
-8.844304140211335 
-8.844304584410123 
-8.844305271359834 
-8.844305253248447 
-8.844305539031717 
-8.844305600724685 
-8.84430662324163 
-8.844306775683783 
-8.844306885150738 
-8.844309127300326 
-8.844309514275748 
-8.84430955358954 
-8.844311342389787 
-8.844312471880247 
-8.844312447503423 
-8.844312715868734 
-8.84431467257762 
-8.844314704935183 
-8.84431624413028 
-8.844316934979865 
-8.844317267409089 
-8.844317925786694 
-8.8443191874939 
-8.844321859234014 
-8.844323146697107 
-8.844323670726702 
-8.844324639775454 
-8.844324720909642 
-8.844324680627729 
-8.844324715317924 
-8.844324866697239 
-8.844325050988456 
-8.84432526826081 
-8.84432531805356 
-8.844325558120635 
-8.844325541343732 
-8.844325556437806 
-8.844325608798234 
-8.844325713748473 
-8.844325715744795 
-8.844325711576762 
-8.844325828844058 
-8.844325847035792 
-8.844325858681898 
-8.844325921525083 
-8.844325927438 
-8.844325924827745 
-8.844325973619803 
-8.84432622829883 
-8.844326387793808 
-8.844326799490206 
-8.844327019750278 
-8.844327024842976 
-8.844327093237311 
-8.844327226474451 
-8.844327233072393 
-8.844327247603974 
-8.844327258912054 
-8.844327477621283 
-8.844327730168384 
-8.844327729532893 
-8.844327729898014 
-8.844328091027085 
-8.844328321733533 
-8.844328321120113 
-8.844328457397024 
-8.844328453852517 
-8.844328619410978 
-8.84432862514528 
-8.844328703256714 
-8.844328751219352 
-8.84432875106016 
-8.844328770857684 
-8.844328822584702 
-8.844328813832178 
-8.844328925071256 
-8.844328920866502 
-8.84432898094604 
-8.844329080301545 
-8.844329148802231 
-8.844329273215362 
-8.84432927205465 
-8.844329448293553 
-8.844329459394242 
-8.844329459374721 
-8.844329452727091 
-8.844329452782308 
-8.84432957839888 
-8.84432973958719 
-8.844329762270828 
-8.84432988156548 
-8.844329977269803 
-8.844329981307883 
-8.844329987291042 
-8.844329989485843 
-8.84433000874221 
-8.844330032102565 
-8.84433003785197 
-8.844330040753603 
-8.844330040206437 
-8.84433008087158 
-8.844330081269316 
-8.84433008085461 
-8.844330076803125 
-8.844330115468566 
-8.84433011544719 
-8.844330118939281 
-8.84433011856031 
-8.844330144548046 
-8.84433020588101 
-8.844330280497523 
-8.844330280497916 
-8.84433030826832 
-8.844330330852666 
-8.844330369428992 
-8.844330372218122 
-8.844330373272319 
-8.844330373650799 
-8.844330373444548 
-8.844330412126906 
-8.844330445933272 
-8.84433044320982 
-8.844330462618428 
-8.844330472605131 
-8.844330473449798 
-8.844330477221211 
-8.844330479290019 
-8.844330478080359 
-8.844330479512024 
-8.84433047772597 
-8.844330486427484 
-8.844330485386026 
-8.844330529099738 
-8.844330528378187 
-8.844330528059794 
-8.844330523785318 
-8.84433053908135 
-8.844330550106273 
-8.844330562221685 
-8.844330564756833 
-8.844330584645894 
-8.844330583922353 
-8.844330582147137 
-8.844330584000733 
-8.844330583929771 
-8.84433058733859 
-8.844330604025972 
-8.844330612154192 
-8.844330612870811 
-8.844330601309201 
-8.844330600915258 
-8.844330611056021 
-8.844330617039988 
-8.844330614912204 
-8.844330620671114 
-8.844330620287584 
-8.844330617214588 
-8.844330631795948 
-8.844330632955337 
-8.844330634921501 
-8.84433063723404 
-8.844330637156341 
-8.84433063975977 
-8.844330631849335 
-8.84433062555788 
-8.844330636680986 
-8.844330644505542 
-8.844330647514214 
-8.844330647619808 
-8.844330648836355 
-8.844330649180907 
-8.84433065025592 
-8.844330660814535 
-8.844330660010424 
-8.844330660087504 
-8.844330666032214 
-8.844330667713724 
-8.844330675872374 
-8.844330671254406 
-8.844330679438823 
-8.844330679656522 
-8.844330682196818 
-8.844330687794134 
-8.84433068830587 
-8.84433069257212 
-8.84433069403117 
-8.844330694543753 
-8.84433069459939 
-8.844330682332219 
-8.844330687364437 
-8.844330699217782 
-8.844330702359855 
-8.844330704659795 
-8.844330705140257 
-8.844330711537996 
-8.844330711170734 
-8.844330708950425 
-8.844330702917375 
-8.844330711103321 
-8.844330711693418 
-8.84433072382542 
-8.84433072403728 
-8.844330723148103 
-8.84433071221078 
-8.844330712549384 
-8.844330708631954 
-8.84433070981293 
-8.844330722161711 
-8.844330722466452 
-8.844330729955955 
-8.844330740058814 
-8.844330748855715 
-8.844330750245222 
-8.844330752167533 
-8.844330757850596 
-8.844330751725213 
-8.844330752195116 
-8.844330752475514 
-8.844330756487663 
-8.844330763773526 
-8.844330763023683 
-8.844330779709358 
-8.844330781565416 
-8.844330781467523 
-8.844330782102631 
-8.844330783852527 
-8.844330784837599 
-8.844330784676961 
-8.844330783138806 
-8.844330789484609 
-8.844330790147945 
-8.844330779741584 
-8.844330779754301 
-8.844330784047505 
-8.84433078435804 
-8.844330783075106 
-8.844330777743004 
-8.844330785759169 
-8.84433078398431 
-8.844330780806619 
-8.844330790977104 
-8.844330782464864 
-8.844330789952355 
-8.844330797273841 
-8.84433079812721 
-8.844330798474624 
-8.844330803020547 
-8.844330799922156 
-8.844330801283574 
-8.84433080128908 
-8.844330796297669 
-8.844330793786876 
-8.844330800314097 
-8.84433081882653 
-8.844330822245714 
-8.844330827653987 
-8.844330824800592 
-8.844330822989741 
-8.844330826453955 
-8.844330826430951 
-8.84433084112808 
-8.844330837977587 
-8.84433083996914 
-8.844330841180778 
-8.844330839319992 
-8.844330837600765 
-8.844330830654032 
-8.844330826741373 
-8.8443308259622 
-8.844330828330532 
-8.84433084785488 
-8.844330842681874 
-8.844330862601238 
-8.844330862686698 
-8.844330862958575 
-8.844330867090948 
-8.844330872061613 
-8.844330872447141 
-8.844330871519594 
-8.844330871061146 
-8.844330870340322 
-8.844330864245222 
-8.844330864007357 
-8.844330871059686 
-8.844330893584536 
-8.844330896223576 
-8.844330912857318 
-8.844330909526615 
-8.844330908841782 
-8.84433091089114 
-8.844330910950184 
-8.844330918022646 
-8.844330911752913 
-8.844330912975828 
-8.844330905090496 
-8.844330905075495 
-8.84433090197285 
-8.84433090106913 
-8.844330907189468 
-8.844330917338183 
-8.844330917376176 
-8.844330918842207 
-8.844330922893178 
-8.844330923020783 
-8.844330923087654 
-8.844330927693084 
-8.844330927794674 
-8.844330933886335 
-8.844330942108227 
-8.844330943324248 
-8.84433095491374 
-8.844330944786861 
-8.84433094436108 
-8.84433094424177 
-8.844330944744717 
-8.844330946388078 
-8.844330942831768 
-8.8443309425842 
-8.844330950394186 
-8.844330960902116 
-8.84433096325241 
-8.844330963343557 
-8.844330956137574 
-8.844330957477602 
-8.844330959660097 
-8.844330958717382 
-8.844330958688174 
-8.844330958538304 
-8.844330957371948 
-8.844330946722108 
-8.84433094621377 
-8.844330952601817 
-8.844330947620952 
-8.84433095165639 
-8.844330966935704 
-8.844330966318491 
-8.844330968745236 
-8.844330967661413 
-8.844330966214816 
-8.84433096370792 

 Time 
36.71628379821777 
