Energy 
 
3.8998005448887016 
2.523744924988658 
0.9917526408353446 
-0.8734365634875128 
-2.7725183670875104 
-4.18220777325698 
-5.471666420629198 
-6.799054869359028 
-7.773423266366274 
-8.633943943922779 
-9.267788020800321 
-9.844321144183581 
-10.419174629892055 
-10.93213896877237 
-11.358078083456643 
-11.795619735990854 
-12.141306860611916 
-12.432624472829911 
-12.709749050989535 
-12.970642648249157 
-13.22273842847579 
-13.453464919883203 
-13.676900276963352 
-13.898082238834979 
-14.129436397579335 
-14.345490769102199 
-14.55703640135279 
-14.756612050079926 
-14.954940242807735 
-15.161186842678939 
-15.360511520484172 
-15.554477712641994 
-15.741051747261277 
-15.948993778042123 
-16.169121422825683 
-16.37078493556546 
-16.587558372432483 
-16.76866831739332 
-16.943830493861597 
-17.117747853248208 
-17.302677529090133 
-17.489785261815477 
-17.686718977062814 
-17.89043415495699 
-18.126085525095668 
-18.209796030198042 
-18.48074842918272 
-18.617147312126193 
-18.950248673410535 
-19.172916444161608 
-19.397048565013826 
-19.611224641786475 
-19.819011111161824 
-20.022108581753535 
-20.217872392729905 
-20.414949794551365 
-20.61489714085957 
-20.805673956505576 
-20.97704793042363 
-21.13930711656939 
-21.291241841918477 
-20.847400435165422 
-20.803308843021 
-21.42683688881503 
-21.72098180481632 
-21.91070396128394 
-22.073525336877356 
-22.18930025022535 
-22.29555254072455 
-22.394905131450383 
-22.49562237782246 
-22.582184672251408 
-22.666273662447793 
-22.747464953295086 
-22.686550775789843 
-22.587779180013897 
-22.71835453891106 
-22.83524722487808 
-22.937742563081642 
-23.053537184803414 
-23.052444382892308 
-23.01046378481431 
-23.20069750417318 
-23.3306133181981 
-23.397478379420583 
-23.463455896130693 
-23.51041663174337 
-23.55285625479184 
-23.554318335221534 
-23.523555938839063 
-23.475952977873057 
-23.474931906141162 
-23.71981665376629 
-23.763099941524544 
-23.79782406912492 
-23.8305023113027 
-23.86124454026369 
-23.89079312782707 
-23.918157444236837 
-23.934315131061403 
-23.91997059262773 
-23.917038440811876 
-23.920758507095627 
-23.92049675768967 
-24.01388571575892 
-24.09535219060279 
-24.12135264511014 
-24.144366395781617 
-24.166477826789848 
-24.187939973160784 
-24.20877484536536 
-24.229124646703124 
-24.247447374261583 
-24.248656143934227 
-24.280045225678993 
-24.26522546753379 
-24.313655510319574 
-24.340816233719053 
-24.360763660694197 
-24.37878374572531 
-24.395928374055455 
-24.41299554885185 
-24.42901885284679 
-24.444899877913905 
-24.46028088971467 
-24.475113201806415 
-24.48954757861823 
-24.503373780749754 
-24.516958620422496 
-24.53044243423874 
-24.543622738466382 
-24.55656431666937 
-24.569240806435324 
-24.581729799475106 
-24.59397220948182 
-24.606137974806465 
-24.618185508419526 
-24.629990446786522 
-24.641446451337536 
-24.652242188175837 
-24.661389257963933 
-24.666628536085575 
-24.673562439475077 
-24.681546701648386 
-24.691482547954653 
-24.701413682547773 
-24.708263393908528 
-24.734412449844125 
-24.746084830187158 
-24.756685203454282 
-24.761344779728756 
-24.772940669510746 
-24.784229846355814 
-24.796267180519347 
-24.803601548369866 
-24.801375102537786 
-24.82200093526698 
-24.83052547380151 
-24.83874236241219 
-24.84681466413178 
-24.85474651256103 
-24.862776600101736 
-24.870585981297523 
-24.87824742930312 
-24.885769215194472 
-24.893161558578214 
-24.900362750979387 
-24.9073594192922 
-24.91441966805305 
-24.921204473301607 
-24.92809870057629 
-24.93480146872844 
-24.94136290821178 
-24.947834966687655 
-24.954331834240318 
-24.960688545530374 
-24.966921554417716 
-24.973103914488817 
-24.975754631829414 
-24.9863017552266 
-24.992854371207944 
-24.998833512792615 
-25.004673307703463 
-25.010395672616635 
-25.016010803848555 
-25.021516133300892 
-25.026900157075293 
-25.03213148752113 
-25.037214276714607 
-25.04211215692403 
-25.04692654777276 
-25.05161219401474 
-25.056226959120426 
-25.06073162804997 
-25.065138151838315 
-25.069450625117124 
-25.073663126792415 
-25.077682932063485 
-25.081621474054348 
-25.08548359031105 
-25.089264940913786 
-25.092974863420935 
-25.096616683190444 
-25.10009062688516 
-25.09765280719565 
-25.106430277605238 
-25.110146272159184 
-25.11369876090551 
-25.117032913765495 
-25.12025882593061 
-25.123447263214416 
-25.126602055682813 
-25.12968245634032 
-25.132680866001916 
-25.135617571728865 
-25.138529267189664 
-25.14139391494044 
-25.144199319171282 
-25.146949937068584 
-25.149626098106616 
-25.15226848270262 
-25.154891764457993 
-25.15742410776652 
-25.15987857530792 
-25.162288989766548 
-25.164594676632234 
-25.166862837799783 
-25.16907783605708 
-25.171235073938863 
-25.173350767425333 
-25.1754264508478 
-25.17746833641987 
-25.179473578278696 
-25.181443171325405 
-25.183377446605203 
-25.18526824363813 
-25.187121336897548 
-25.188952097292525 
-25.19073862469761 
-25.19249196808271 
-25.194221642611335 
-25.195920709101927 
-25.197614988815726 
-25.199276753249702 
-25.20091254957963 
-25.202498568965837 
-25.204060244030174 
-25.2056047163515 
-25.207138927313753 
-25.20865233737046 
-25.21013434096133 
-25.21159662834466 
-25.21303646233453 
-25.21445453487425 
-25.215851905515073 
-25.217225921680715 
-25.21858063555944 
-25.21991587764395 
-25.221227236246317 
-25.222516132886746 
-25.223789914978518 
-25.225042970355727 
-25.22628841341779 
-25.227517092152425 
-25.22872987223971 
-25.229929576024112 
-25.231113509611557 
-25.23228502286836 
-25.233438872762665 
-25.23457531897747 
-25.235695071000272 
-25.236838138098523 
-25.237960208614215 
-25.23906488445278 
-25.240152736505603 
-25.24122473859558 
-25.24228092360803 
-25.24332098835138 
-25.244340175883718 
-25.24533720166127 
-25.246320152534295 
-25.24729085100217 
-25.248246012970256 
-25.249187306737454 
-25.250113825886356 
-25.25104137552844 
-25.251955001974615 
-25.25284416246559 
-25.253720764328886 
-25.254584790468808 
-25.255451846546077 
-25.256306714400285 
-25.257149312130625 
-25.2579798744728 
-25.25879684352278 
-25.259602912903944 
-25.260403045307868 
-25.261193625123823 
-25.26198444878741 
-25.262787627143055 
-25.26357870798722 
-25.26436802675304 
-25.26514633934409 
-25.26590893670884 
-25.26666030768004 
-25.26740388885232 
-25.268136706798128 
-25.268863360682417 
-25.26958018657364 
-25.27028697943694 
-25.27098470762725 
-25.271672990781685 
-25.27235222500414 
-25.273024660935732 
-25.273684369321213 
-25.274332700723225 
-25.274972844505665 
-25.27560496554005 
-25.276227946088177 
-25.276836654643017 
-25.27743699423775 
-25.278029249474162 
-25.278623403882236 
-25.279210672494777 
-25.27979135480947 
-25.280366236703877 
-25.28093737468758 
-25.28150009717769 
-25.282055827247223 
-25.282604277570915 
-25.283143745824745 
-25.283674244006065 
-25.284198570461214 
-25.284715990683623 
-25.285231123323886 
-25.285740550300495 
-25.28624287080823 
-25.286739320287385 
-25.287230221857055 
-25.287716228008176 
-25.288199103973902 
-25.288676915110116 
-25.289150433902375 
-25.289617424991754 
-25.29007793301185 
-25.290532452121813 
-25.29098209747436 
-25.291427027290954 
-25.291868442076915 
-25.29230647829398 
-25.292740682471216 
-25.293169517563186 
-25.293593971263082 
-25.29402490100953 
-25.29445081758671 
-25.29487523365127 
-25.29529515310045 
-25.295710485977285 
-25.296121119150836 
-25.296527495950766 
-25.2969326885182 
-25.297330610713605 
-25.297724406918075 
-25.298116469721727 
-25.29851245007352 
-25.298905158362718 
-25.299294127899035 
-25.299678869392608 
-25.300060438903508 
-25.300438184775526 
-25.30081208365065 
-25.301182372274322 
-25.3015490578052 
-25.301912553376155 
-25.302268128347354 
-25.302621039245764 
-25.302970739562223 
-25.30331625128561 
-25.303658340323274 
-25.303997843732414 
-25.30433546847136 
-25.304670055762 
-25.304999124780863 
-25.30532806650937 
-25.305653873478196 
-25.30597709071523 
-25.306297706221557 
-25.306615563810013 
-25.306929241841182 
-25.30724009507917 
-25.307548312757365 
-25.307853785100924 
-25.308154425105176 
-25.308452678398076 
-25.308751355477924 
-25.309046482436514 
-25.30934152639458 
-25.309629273729495 
-25.30991474971287 
-25.310198415983958 
-25.31048090129701 
-25.31075951035083 
-25.31103906282363 
-25.311316423313407 
-25.311591589027277 
-25.311866978838943 
-25.312140323171626 
-25.31241502997889 
-25.31268798579928 
-25.312958933464532 
-25.313226446188143 
-25.313492072468392 
-25.313753223453435 
-25.314013137921354 
-25.31427114193543 
-25.314534562995618 
-25.31479529670256 
-25.315057688327997 
-25.315318517008183 
-25.31558108573803 
-25.315842355213285 
-25.316101301284185 
-25.316358010484315 
-25.316610806966654 
-25.316862003390582 
-25.31711129297623 
-25.31735792218494 
-25.317604557773574 
-25.31784874444614 
-25.318094496318817 
-25.31833932291348 
-25.31858266405579 
-25.318834365128474 
-25.319084117978086 
-25.319331900895996 
-25.319578200484305 
-25.319821899260422 
-25.320064045007584 
-25.32030447674744 
-25.320543157286895 
-25.32078133177917 
-25.32101777676315 
-25.321251571474942 
-25.32148605843265 
-25.321718821906973 
-25.321951025007984 
-25.322180667987638 
-25.322408438272817 
-25.32263524665995 
-25.322860522208607 
-25.32308410420384 
-25.32330610525141 
-25.323526483851406 
-25.32374598150205 
-25.323964684168946 
-25.3241836621804 
-25.324401014379607 
-25.32461715980202 
-25.324831354088374 
-25.325044081226995 
-25.325253647826656 
-25.325461815989758 
-25.32566819571909 
-25.325879662070825 
-25.326089807079978 
-25.32629812513242 
-25.326505271378586 
-25.326710774710026 
-25.326914799247554 
-25.327117798541224 
-25.32731931343201 
-25.327515891483287 
-25.32771116668097 
-25.32790422973199 
-25.328096654672756 
-25.32828744498838 
-25.32847716921299 
-25.328665521527338 
-25.328853121350658 
-25.329039076764396 
-25.329223352556493 
-25.329406912677477 
-25.329589206640804 
-25.329770217883002 
-25.329950035802117 
-25.3301280956922 
-25.330305750038157 
-25.330482253281495 
-25.330657530771006 
-25.33083145216652 
-25.331004185308743 
-25.331174086757805 
-25.33134290057604 
-25.331510587658407 
-25.331677796787027 
-25.331843770771737 
-25.332009252521843 
-25.332171214901802 
-25.332332163899114 
-25.332491522673482 

 Time 
2120.5958745479584 
