Energy 
 
2.878301087752058 
2.3929435180878946 
1.910352345558549 
1.9090001287966485 
1.9059103726334707 
1.8058216364602697 
-2.5200801385081526 
-4.417327733156046 
-4.430220542188881 
-4.692750492130822 
-4.438631370606581 
-4.7332442539685715 
-5.807020494336344 
-6.015074137358852 
-6.0874648169809715 
-5.775790146436871 
-5.776895511076494 
-5.960706806964889 
-6.383353383524906 
-6.393740871761066 
-6.374544179550126 
-6.2857795374766345 
-6.796156277115591 
-6.533778832974198 
-5.410621103363677 
-5.620207776995635 
-5.878225865578074 
-6.473431910792085 
-6.705384489616531 
-6.563726243279076 
-6.849500114858501 
-6.791735521534808 
-7.027799565324252 
-7.028295215547188 
-7.468243031912032 
-7.488213696942841 
-7.840160703737798 
-7.9617001013614 
-8.094064591723669 
-8.464691706304901 
-8.794386844887594 
-8.819921068130164 
-8.559811056503593 
-8.852916685632248 
-10.868571835449812 
-10.833641090016558 
-10.738485294373907 
-10.760705447235615 
-10.76290886921921 
-10.753569535801297 
-10.967670866690288 
-11.64057519583853 
-11.768522937775233 
-12.457355704547584 
-12.428702445466639 
-12.265665749118332 
-12.773558411632225 
-13.20093274312357 
-12.540249142904598 
-12.42941637223513 
-12.403542067430063 
-12.404508006126745 
-12.72099907634517 
-13.09868323392081 
-13.104350493952005 
-13.115454782264912 
-13.402042264329504 
-13.420228694470463 
-13.176963863657658 
-13.123824040874993 
-13.125986998360393 
-13.130967768118937 
-13.2621671091664 
-13.229538339880435 
-13.669643522425387 
-13.648312360029745 
-13.597147561548871 
-13.800237734211567 
-13.806315353801727 
-13.803082470941469 
-14.302593181083152 
-14.308283455667361 
-14.176145573639026 
-14.166743686849353 
-14.131986995583079 
-13.933741443005882 
-13.17544287332128 
-13.982264640666969 
-13.945038963269774 
-13.867932514811567 
-14.121534299765045 
-14.08251186010739 
-14.199696645181541 
-14.229408040382056 
-14.151403540474721 
-14.512175481690369 
-14.51095770596178 
-14.513949884472373 
-14.315722961175192 
-14.418657370266876 
-14.489234321259943 
-14.485350861732323 
-14.41250847018462 
-14.464281562087645 
-14.457884318723561 
-14.480690474987467 
-14.59258266846724 
-14.552368028128393 
-14.540925812038578 
-14.538644700482159 
-14.486657863704506 
-14.491047195731923 
-14.50255618015666 
-14.54152948350098 
-14.721759385737519 
-14.734165103016394 
-14.840482616903916 
-14.599016856440443 
-14.83435278007179 
-14.823201661445284 
-14.843612015808032 
-14.596156373579129 
-14.588079056667684 
-14.558526926788469 
-14.660261802121338 
-14.666990354437216 
-15.362104195587042 
-15.362639360033043 
-15.248352626530263 
-15.31938107400944 
-15.195890670159072 
-15.19979550444868 
-15.095492728888974 
-15.10383840922708 
-15.42757221649845 
-15.370898253730388 
-15.435921481599587 
-15.09832018519348 
-15.152167298642606 
-15.265365099648527 
-15.218296232226178 
-15.227527027041285 
-15.06110978461507 
-15.06963322869895 
-15.100536024492259 
-15.356291838073501 
-15.43831762437302 
-15.442642908460032 
-15.411902523325647 
-15.531286166410647 
-15.601509169266567 
-15.895993935648034 
-15.911056046250861 
-15.814792236379924 
-15.2773921396627 
-15.291640013045598 
-15.28879935649572 
-15.330458528772125 
-15.330848068413818 
-15.34095353560944 
-15.511768702611354 
-15.54882884106052 
-15.590880835552305 
-15.590866727631429 
-15.498256358034192 
-15.56799587015529 
-15.34387395905453 
-15.433092543341864 
-15.555747331169407 
-15.762459816406375 
-15.763166565360418 
-15.769291918632558 
-15.806798946253348 
-15.810095664339563 
-15.827392728801229 
-15.89662330768359 
-15.894731860826406 
-15.752163414782792 
-15.844502823082252 
-15.95695977379396 
-16.008068479961373 
-16.000469078839867 
-16.00184010184513 
-16.00460809581781 
-15.97003654465078 
-15.999822629198226 
-16.006457143891716 
-16.040623891405765 
-16.08533746008033 
-16.082751186475782 
-16.14100804703292 
-16.119362009415653 
-16.113138414293005 
-16.13737624458014 
-16.184893591647448 
-16.172458337343528 
-16.162003559230044 
-16.15493212673586 
-16.155820445566945 
-16.159902639738547 
-16.134681802079168 
-16.136856286472092 
-16.141812810751187 
-16.143577336642725 
-16.176212952701626 
-16.223781299831103 
-16.258896443344582 
-16.332954353856234 
-16.31754846046757 
-16.316470317023793 
-16.322124171529687 
-16.333810423892153 
-16.335315299948245 
-16.335882115585246 
-16.3125495552445 
-16.31058699881899 
-16.310730639068897 
-16.352931730117234 
-16.365674022182528 
-16.39455138376828 
-16.405131710238205 
-16.39359048294816 
-16.410254678504305 
-16.4214774331767 
-16.41594744568366 
-16.43790782511391 
-16.431955857669738 
-16.469886220159733 
-16.471535794637422 
-16.476731121975444 
-16.551342806586426 
-16.548136446408687 
-16.545453639913514 
-16.5588319133577 
-16.59084462073462 
-16.59775876255125 
-16.596557019944907 
-16.658270004685278 
-16.655611019351404 
-16.674989327469547 
-16.7065527124532 
-16.69423797620279 
-16.694831373782776 
-16.686762241782958 
-16.700864728596915 
-16.69798789673649 
-16.69538929048217 
-16.694536458285533 
-16.69972655841303 
-16.706822478975848 
-16.70350955623908 
-16.669888475623726 
-16.682611771816436 
-16.678192034437732 
-16.67517271716908 
-16.669628577483387 
-16.66650584406248 
-16.68188473037118 
-16.67584680426457 
-16.676259297020792 
-16.686377934436862 
-16.683493268995388 
-16.69237360422207 
-16.677201302396753 
-16.689025167949616 
-16.71466593145612 
-16.699147483383527 
-16.695692864169366 
-16.69661429968196 
-16.694636459579566 
-16.708284185081936 
-16.706730350857086 
-16.7062826411453 
-16.74978402666225 
-16.751338683221576 
-16.75035193307432 
-16.756051037251538 
-16.759806170956104 
-16.767921677100336 
-16.766307305597635 
-16.767761847242404 
-16.763048000290077 
-16.761497311664613 
-16.762119632890062 
-16.765152596507985 
-16.765237954902418 
-16.765221240371638 
-16.7577534133559 
-16.787763665774378 
-16.78715530355919 
-16.78778247976193 
-16.782437726841117 
-16.787081317586406 
-16.78868890706389 
-16.797900531148677 
-16.79807661497918 
-16.799259966431624 
-16.798873864327287 
-16.800804526617274 
-16.794227836245156 
-16.79400604337993 
-16.79454893176386 
-16.7971780717192 
-16.80390480760983 
-16.809782579018492 
-16.788374084362612 
-16.76711544547434 
-16.76496201202562 
-16.780873501538462 
-16.779575094358986 
-16.779715497420298 
-16.78010116573407 
-16.771836306215196 
-16.771807679567594 
-16.810195637862975 
-16.811378386127274 
-16.812270320462115 
-16.812942597425163 
-16.814610813825194 
-16.81612510857639 
-16.816667624991993 
-16.816806437693188 
-16.81750878657944 
-16.818276674260577 
-16.818460959623337 
-16.818783440947005 
-16.821470848311233 
-16.827808123089557 
-16.8281235942004 
-16.831898763898753 
-16.831181667705835 
-16.83107123341651 
-16.83094320283105 
-16.83089656949383 
-16.829859504562997 
-16.829909708248223 
-16.83043660927273 
-16.829869919577465 
-16.829176199162045 
-16.829054967967526 
-16.82899862354097 
-16.826200004611223 
-16.826216625749495 
-16.830694009036417 
-16.830612979341605 
-16.83053247663856 
-16.83059087457091 
-16.832560580773023 
-16.832570657179726 
-16.832579056765784 
-16.839683040127472 
-16.839882710225744 
-16.842944937864875 
-16.843331330266107 
-16.847867826438943 
-16.849796393056156 
-16.84770551630774 
-16.84774279763259 
-16.84955674669722 
-16.849553487308825 
-16.851648769447742 
-16.851063494696646 
-16.85021656641058 
-16.850229976099918 
-16.849741216426843 
-16.84969169709819 
-16.850031991239884 
-16.84906565917236 
-16.85000557046159 
-16.849831747767425 
-16.849711862788908 
-16.849779187189704 
-16.851185566407835 
-16.85058159923323 
-16.850422324213003 
-16.85120531870617 
-16.84794338795075 
-16.849426544946066 
-16.846838443413272 
-16.847010275107795 
-16.847114156737025 
-16.84935415402184 
-16.85022134717669 
-16.851037959596585 
-16.851052848580004 
-16.85115723873071 
-16.85147323951047 
-16.852278914558408 
-16.852649293700395 
-16.85385499348827 
-16.854003323472718 
-16.855445500466544 
-16.855446879687282 
-16.85533845362914 
-16.855553727469637 
-16.857594250636335 
-16.858342983245265 
-16.85848455383137 
-16.860417492299263 
-16.860738375647955 
-16.86090485191308 
-16.860701926891874 
-16.86066868885919 
-16.8623312365442 
-16.862360099177174 
-16.86246857888074 
-16.862223294858012 
-16.862903048030134 
-16.863882083913197 
-16.86368980027471 
-16.86286538188316 
-16.864236343306963 
-16.86427532315037 
-16.864005495477045 
-16.863994428028697 
-16.864400436434423 
-16.86435958108364 
-16.86438105632519 
-16.864161644130665 
-16.864161402027047 
-16.86422557535279 
-16.86432455030788 
-16.864153170999153 
-16.864155725987903 
-16.864181827720184 
-16.864230570000547 
-16.864247064428902 
-16.86418027904906 
-16.863629923067737 
-16.864023180983732 
-16.865271972019382 
-16.865825763310355 
-16.86586058677803 
-16.865916749491422 
-16.866009746600955 
-16.866207050881826 
-16.866444636862767 
-16.866463354753865 
-16.86640231280008 
-16.866520145701937 
-16.86648162758574 
-16.866579654767474 
-16.866582643031414 
-16.866475107743458 
-16.866441936168346 
-16.866466548702522 
-16.866569364651205 
-16.866522547862864 
-16.866534486129908 
-16.8665415396773 
-16.866676337188565 
-16.866505782140035 
-16.86653270550032 
-16.866671952235095 
-16.86687537878303 
-16.866991199615303 
-16.867055488297115 
-16.867091133767875 
-16.8672190722155 
-16.867226027051306 
-16.86726947430917 
-16.86717885242128 
-16.867165332547465 
-16.866910783595063 
-16.867042808865197 
-16.86712122752394 
-16.867101843148607 
-16.866936571981103 
-16.86695618822344 
-16.866958575385443 
-16.867185645471707 
-16.867168486348753 
-16.867179916637827 
-16.867153960880945 
-16.867377529398368 
-16.86736822724111 
-16.867390598209116 
-16.867426608496718 
-16.867501131035137 
-16.867641637008692 
-16.867659489923604 
-16.867659360145286 
-16.867669492428362 
-16.867688007865425 
-16.867812726614165 
-16.86776162887508 
-16.867663278549863 
-16.86773820356278 
-16.867686156910633 
-16.867810750647187 
-16.867889037204492 
-16.86806511091105 
-16.868107323233318 
-16.868096292046896 
-16.868116974591153 
-16.868010491477484 
-16.868038895502686 
-16.86804573514632 
-16.868056884576287 
-16.868042802895697 

 Time 
39.02003502845764 
