Energy 
 
2.6208494160309734 
2.5826281047139017 
2.579799298454784 
2.1516154998806383 
2.1692797765064475 
-0.16358154318237078 
-0.17496367644187727 
-0.1986671130850306 
-0.13015112001751072 
-0.32876282808452184 
-0.7542805623770581 
-1.108130758261895 
-1.8463213766950812 
-1.9550616712917377 
-3.1580356866145634 
-3.1537560360227666 
-3.243440571679021 
-3.221740408429069 
-4.153656799591352 
-4.125278122127807 
-4.160254701095219 
-4.526193878975143 
-5.162364409454465 
-5.127919269257952 
-5.378774589928061 
-5.149986575369119 
-5.2521462296838966 
-5.263990970990421 
-5.300587409193959 
-5.337547824596804 
-5.285790607409153 
-5.264043208672954 
-5.376866568165878 
-5.350800895331218 
-5.708776663854453 
-5.763511330779298 
-6.156563356580213 
-6.126236328061105 
-6.180613212631818 
-6.277627598328693 
-6.298376236612141 
-6.285323129420982 
-6.371669516116703 
-6.417688898510621 
-6.434533138651284 
-6.439648745104808 
-6.448885217631687 
-6.3592618757152195 
-6.459617681796449 
-6.453000926965959 
-6.473279760736083 
-6.664769331395593 
-6.821997137587868 
-6.831585525198605 
-6.735114658952622 
-6.915088584596516 
-7.105120030225838 
-7.145938640440955 
-7.141663975671129 
-7.256834244257917 
-8.293381726615207 
-8.31036399570908 
-8.609783687320046 
-8.61613114554529 
-8.61496616774095 
-8.910811294448248 
-9.554666680305033 
-9.619595227651121 
-9.614730016497095 
-9.916696499109419 
-9.706145015991162 
-9.73759272457959 
-10.333883468882384 
-10.581874319265657 
-10.646791314881646 
-10.895293014181028 
-11.104278456133386 
-11.147067253330853 
-11.163014459896962 
-11.122670755967585 
-11.120362975457256 
-11.105326181390083 
-11.093257366704883 
-10.130409710632254 
-10.095120970787127 
-9.0996828194838 
-9.29938218047567 
-8.294567972263819 
-6.6392118819375865 
-6.8769917508824605 
-6.887050984379024 
-6.978164770487902 
-7.108637188365866 
-7.30593530954581 
-7.977834887428352 
-7.972485701771653 
-7.951676447534425 
-8.134556848300525 
-8.414124330728734 
-8.308299362957701 
-8.32681459384442 
-8.841879602477187 
-8.352092715695122 
-8.713856929642102 
-8.7155201780916 
-7.227337573078079 
-7.339791674995226 
-8.263230985421693 
-7.082545128725865 
-7.932217925594135 
-7.988522033069074 
-10.394510194913021 
-10.323001111393186 
-10.290383539271524 
-10.292955454160845 
-10.289821120378269 
-10.292050820367761 
-10.362217183758627 
-10.31782298331125 
-10.29694582116205 
-10.181875061493745 
-10.243519731989032 
-10.386083042339896 
-10.377747179032864 
-11.422117472864977 
-10.838727676164527 
-10.542532189942632 
-10.496173792670268 
-10.473315770205588 
-10.48050800855264 
-10.374718542385065 
-10.291815044892415 
-10.063056141821136 
-8.806339495140291 
-8.824950979573998 
-8.937555734967944 
-8.910953368328066 
-8.914806278733941 
-8.250350415554003 
-8.246203704104445 
-8.249638103275249 
-8.304047124960107 
-8.485170434328225 
-8.580280560468776 
-8.432062981579314 
-7.347909872489137 
-7.83662075741606 
-7.8467677346821025 
-7.835066987407706 
-6.909425319734986 
-6.882135919008817 
-7.240097625629468 
-7.245835576079412 
-8.181934712736936 
-8.104727052093518 
-8.306638849368117 
-8.60326416038378 
-8.33643691474477 
-8.46017369742531 
-8.635188139534185 
-8.641518552803443 
-8.712921060842948 
-8.87763854575884 
-9.811459958926893 
-9.807304046473128 
-9.8726851372437 
-9.803845465099682 
-9.851348032960434 
-10.294461396719461 
-10.227403460887576 
-10.246255921684515 
-10.409311832021215 
-10.390297663768072 
-10.395291289030741 
-10.442399425636744 
-9.628101818008494 
-10.065152675356789 
-10.098283582784825 
-10.426877569278888 
-10.388403834351468 
-10.580099729009417 
-10.591226947593245 
-10.724762533629807 
-10.649330452160056 
-10.666388165422704 
-10.963368692853088 
-10.970926207714582 
-10.984927822541605 
-11.48037426388359 
-11.510351608254467 
-11.505595334524077 
-11.409615726152232 
-11.494328079784626 
-11.573916387068326 
-11.408176078718297 
-11.437210202455649 
-11.519901196892016 
-11.525610184859593 
-11.772891345847176 
-11.757157100367907 
-12.145127343938844 
-12.178959486725205 
-12.236650969372285 
-12.540474583524237 
-11.976124165412223 
-11.98974919393189 
-11.788522065882777 
-12.013709160863906 
-12.071595835693 
-12.071993337568845 
-12.111595445580882 
-12.196194850462106 
-12.203960151252247 
-12.22269454440928 
-12.198855660684776 
-12.321448457426476 
-12.36623435595937 
-12.533478172480782 
-12.533201303797144 
-12.546766403675155 
-12.609797573340161 
-12.682483008470879 
-13.049991438325323 
-13.39380433659431 
-13.467875171699204 
-13.467860969434403 
-13.480714464407423 
-13.467631395719401 
-13.476273925222056 
-13.53625241860527 
-13.62907535620337 
-13.548358166131505 
-13.433213377368435 
-13.449113217974134 
-13.45554153381137 
-13.467277063565717 
-13.530963447251919 
-13.514507785326202 
-13.572387753102392 
-13.615600182994774 
-13.553952506240055 
-13.548269703995587 
-13.69941543109576 
-13.698099248349079 
-13.701211738401863 
-13.705438416300542 
-13.713338437563483 
-13.729848121270205 
-13.756244540252775 
-13.640119380316504 
-13.651324911253695 
-13.666718974286205 
-13.701135960268033 
-13.675460500762444 
-13.802381740061165 
-13.797429096067152 
-13.87297544826283 
-13.979741972942076 
-13.966860363569754 
-13.979129255766189 
-13.977059491672101 
-13.968153497037179 
-13.956330814487917 
-13.973343645538199 
-13.974099530804978 
-14.021457880096385 
-13.996479405522788 
-14.002061195548691 
-13.992108748654118 
-13.989630865490946 
-13.98249727985555 
-13.981813374396179 
-13.979364805786977 
-13.990589213447029 
-14.000700122873923 
-14.003906280903207 
-14.047496637495328 
-14.067617693977901 
-14.063297680475781 
-14.062039788723093 
-14.059184356740799 
-14.05583658077183 
-14.056040984526241 
-14.054255034305243 
-14.071264173883351 
-14.069093219521603 
-14.073849389532128 
-14.202587449797615 
-14.20246464930164 
-14.198186553354125 
-14.196425329442748 
-14.146656313484964 
-14.138671131660375 
-14.139033172089947 
-14.144469665241514 
-14.159507202616213 
-14.161412223937532 
-14.161467884533856 
-14.17874512207134 
-14.183665152725649 
-14.176983033031973 
-14.245828056110398 
-14.283905268502014 
-14.288198188103532 
-14.294776661942777 
-14.296660100572835 
-14.359049344511892 
-14.354844797508262 
-14.35993671333106 
-14.363701366105579 
-14.3751270971891 
-14.381647486996169 
-14.415248473380235 
-14.432068505212323 
-14.431929978876038 
-14.438887803697904 
-14.435497139451167 
-14.434499598798983 
-14.451866980661613 
-14.452892136937903 
-14.452501136032362 
-14.453627595499423 
-14.457213687950361 
-14.45715249288413 
-14.45662182800561 
-14.456008510253222 
-14.46272491123044 
-14.463185065267234 
-14.463295930673185 
-14.464557216284156 
-14.466312723966084 
-14.478436769109706 
-14.48074456165376 
-14.48421191001015 
-14.482379360778534 
-14.49573904500926 
-14.495407329167676 
-14.495946689383057 
-14.498750778497858 
-14.497729687422346 
-14.505119302475055 
-14.504324278684633 
-14.500393413863659 
-14.504647211736795 
-14.50556138158135 
-14.503505395337177 
-14.515106553498155 
-14.516635842995758 
-14.522787746737762 
-14.517377819417435 
-14.516717604707459 
-14.516573365368313 
-14.5148624611057 
-14.548860636503758 
-14.547806228431618 
-14.552705537851185 
-14.56625889044304 
-14.571817660358066 
-14.573712360675461 
-14.575685325020206 
-14.59902783318524 
-14.599726033367897 
-14.59925551419214 
-14.606452765720725 
-14.60645161313335 
-14.606673849042451 
-14.606508476818234 
-14.606426719067944 
-14.60860646872997 
-14.60814079961417 
-14.607456188284264 
-14.607423337920897 
-14.607314787558138 
-14.609250819463588 
-14.611924501673478 
-14.611942740387473 
-14.613921747051432 
-14.613020585942907 
-14.61311589159994 
-14.612831305224097 
-14.612029086070732 
-14.612808599121752 
-14.612059507570079 
-14.612641598677035 
-14.613153338616147 
-14.614244152780927 
-14.618015606028798 
-14.619583452879544 
-14.621295217361201 
-14.621816323818905 
-14.621802121606306 
-14.62227815497737 
-14.62189342344137 
-14.621388001569173 
-14.631062716790368 
-14.631125308629798 
-14.631191796456214 
-14.636126384794757 
-14.636521213165722 
-14.637157719436091 
-14.63715493605595 
-14.637030327339922 
-14.636958274180808 
-14.636973376782029 
-14.637339194622438 
-14.637772299705514 
-14.637940462776436 
-14.637835037979588 
-14.637968624097388 
-14.637859302206383 
-14.636980800335962 
-14.637774188775202 
-14.63999699716777 
-14.640003854776275 
-14.640006461077359 
-14.640989753116132 
-14.641083963467821 
-14.64119439185418 
-14.641452523376305 
-14.641396701416777 
-14.641647748475823 
-14.63881688490377 
-14.638689335452694 
-14.638506279729425 
-14.638356791565258 
-14.641287923763882 
-14.642331094797584 
-14.642589603400781 
-14.642859231927329 
-14.642907715766345 
-14.643791995294624 
-14.643757405230765 
-14.643805076729704 
-14.646884084729157 
-14.646717818183408 
-14.64684964309134 
-14.647693546352137 
-14.647924488065893 
-14.650986662239017 
-14.651046364263243 
-14.651567393287396 
-14.651632753771612 
-14.654365857660295 
-14.657057400336937 
-14.65993119889918 
-14.660614814780867 
-14.660131829305943 
-14.660590870150184 
-14.660602030183506 
-14.660987913853328 
-14.661468594359684 
-14.66139640904247 
-14.661842575743197 
-14.662571973130897 
-14.664107256697879 
-14.66728282665453 
-14.66748339281196 
-14.66745593889692 
-14.667434650490282 
-14.667433820529004 
-14.6692886979332 
-14.669141450951829 
-14.669091212836591 
-14.669960192927622 
-14.670591623722864 
-14.670966236097636 
-14.671102396109902 
-14.671008244768153 
-14.671020448015012 
-14.671417642512223 
-14.672148754286226 
-14.672089327489157 
-14.674689553455064 
-14.67448232642293 
-14.676636984560389 
-14.678058046647315 
-14.678054026375282 
-14.678071833465818 
-14.678467965047583 
-14.683229697151592 
-14.683227825988105 
-14.683450880110431 
-14.683569496754993 
-14.684428582710158 
-14.6846668466754 
-14.685144352541112 
-14.685160337319864 
-14.685958802646612 
-14.685743682336401 
-14.685734016972795 
-14.685684895042598 
-14.689128870964174 
-14.689207602022085 
-14.688969139549028 
-14.689244552037575 
-14.68988861461919 
-14.688808693307772 
-14.688794811975997 
-14.689944466541467 
-14.69056450605487 

 Time 
34.05864500999451 
