Energy 
 
2.878301087752058 
-0.0736584737945854 
-0.3846829813097723 
-0.5129041233010039 
-4.227181268047488 
-4.556613107051323 
-4.543498476132058 
-4.490666013483228 
-4.093145497257453 
-4.663436243154564 
-4.480460550226785 
-4.553417944784037 
-4.526361917308519 
-5.149412346081991 
-5.206953986297367 
-5.8827396506075145 
-5.859129300155711 
-6.632053417728283 
-6.726318270567259 
-6.877402152770472 
-6.969791442353836 
-7.2031483148542135 
-7.439669743520383 
-7.556944643057323 
-7.5874849734818355 
-6.838174437937924 
-6.894184340758544 
-7.085713095653958 
-6.807138333682337 
-6.912897592604458 
-7.211281933124663 
-7.429927396645558 
-7.353258149728626 
-7.2685296512525 
-7.187862009508317 
-7.573529211811032 
-7.650119453011412 
-7.749204103895984 
-8.007690918090546 
-8.05008593705707 
-8.027797163414084 
-8.260596362802215 
-8.280159008861144 
-8.293931360064745 
-8.330534367244738 
-8.656168379483436 
-8.838650562876257 
-8.806120699794835 
-8.700720299184809 
-8.729918535111608 
-8.72500465056054 
-8.846247651911382 
-9.245770918140565 
-9.397768291171465 
-9.467772911886197 
-9.440308662301161 
-9.6328596091511 
-10.334927352552 
-10.348042571416629 
-11.267227863526363 
-11.636127767354669 
-12.000243441994067 
-12.002473710141611 
-12.528682577909558 
-12.743548337093781 
-12.618891530759782 
-12.517462138672565 
-12.686818053372503 
-12.743611859463526 
-12.786075201011267 
-12.841718013317196 
-12.898489316285334 
-12.936203614905589 
-12.910083958798594 
-12.913165303718193 
-12.897625164211691 
-12.962420278921812 
-12.95922708962637 
-12.964574853118856 
-12.87823817054422 
-13.037710025866872 
-13.322198246530828 
-13.051683373826927 
-13.463556665718825 
-13.506462787980182 
-13.505982053093147 
-13.416933753643375 
-13.41654755551745 
-13.463308943084092 
-13.491095230085639 
-13.470002567387407 
-13.491658931898524 
-13.569340796308587 
-13.572066954830138 
-13.606562549866338 
-13.567944570522505 
-13.53958321929114 
-13.000548878873635 
-13.157819074451037 
-13.11807633627329 
-13.100474888815098 
-13.498068413856195 
-13.60621290407527 
-13.603147124989386 
-13.587889555610317 
-13.652532927089888 
-13.88922558658472 
-14.011883533485834 
-14.130912007665087 
-14.173318333088362 
-14.099444027964928 
-13.982110381221657 
-13.966345803960854 
-14.122527577953365 
-14.060050909247082 
-14.058900733691472 
-14.148969271649882 
-14.217996618591373 
-14.234170029880353 
-14.120880327909198 
-14.119944721965187 
-14.207219957095607 
-14.116212643784612 
-13.98212607297952 
-14.398420298809313 
-14.84480443551955 
-14.83965710592297 
-14.866530801403234 
-14.700684815340965 
-14.634198645363924 
-14.525433510523273 
-14.439521923095182 
-14.448858180775332 
-14.566521249740031 
-15.08754741897816 
-15.034901810589819 
-14.869735736400663 
-15.19999617322014 
-15.512727242275856 
-15.592238458096642 
-15.56256983658584 
-15.517229635203089 
-15.673101161540117 
-15.611009988384561 
-15.687466980467532 
-15.705495630336271 
-15.656396051284855 
-15.666636279798684 
-15.668160357924998 
-15.499186885450426 
-15.712949088677085 
-15.709573396171354 
-15.704830330478845 
-15.639037353030876 
-15.642626024601684 
-15.642650642086405 
-15.666430956397276 
-15.83591090575774 
-15.855046039349121 
-15.90981046890813 
-15.912019654848432 
-15.92520725288089 
-16.06042095825429 
-16.062502043628214 
-16.07188203977102 
-16.03302861387707 
-16.02319153064232 
-16.02671525584917 
-16.102392335749894 
-16.08848112576568 
-16.10004440323098 
-16.151944743139275 
-16.164462725693237 
-16.23376712162748 
-16.303065964355095 
-16.308279366627648 
-16.32012934710653 
-16.406418773701702 
-16.37165639218477 
-16.37469217430883 
-16.374056264316675 
-16.412898669894567 
-16.41361028244682 
-16.412455450346975 
-16.394910388027558 
-16.531407086863336 
-16.54760250919017 
-16.515210728801065 
-16.51134073909221 
-16.51286981969745 
-16.521380169512643 
-16.51543086793135 
-16.501802273172462 
-16.502396503913786 
-16.547481040666764 
-16.563778507135048 
-16.56168747918936 
-16.61136190015097 
-16.600211766351403 
-16.606070637428694 
-16.604695026271003 
-16.604181650926403 
-16.604112887794695 
-16.602588703086578 
-16.61221195804194 
-16.615957183646447 
-16.614771549292186 
-16.616360447901158 
-16.613856884730023 
-16.65759143005918 
-16.66579928611234 
-16.667100995197604 
-16.64511197808767 
-16.6467579287098 
-16.641846016092032 
-16.64894202969683 
-16.646931424452593 
-16.649458592004056 
-16.649366110079356 
-16.654105355098217 
-16.655101905257087 
-16.66429027301047 
-16.668844273135875 
-16.670366370567827 
-16.670137806132896 
-16.671759196245294 
-16.680655923546112 
-16.681924141651034 
-16.66706465571095 
-16.667871527566074 
-16.661293764278106 
-16.661210207611784 
-16.66632727973797 
-16.69230671855664 
-16.69257662954847 
-16.685256218500356 
-16.68497506320006 
-16.68347327519263 
-16.68186417647806 
-16.682210884964817 
-16.6857483293258 
-16.688724823969576 
-16.687505531384353 
-16.664119804512353 
-16.691059938659407 
-16.69113252357924 
-16.696237530551763 
-16.754341057012155 
-16.758167589742207 
-16.761353584373694 
-16.772442800399258 
-16.778858073866083 
-16.778448184990907 
-16.788031761741696 
-16.78810413293174 
-16.78779846885861 
-16.780521229032754 
-16.789689875904074 
-16.7885496604453 
-16.78575038805714 
-16.78455586456764 
-16.78988593146374 
-16.790492502388975 
-16.789352589453173 
-16.790098389255107 
-16.790134314538548 
-16.78387680802017 
-16.77797607771858 
-16.797334127837647 
-16.79872686641705 
-16.803585000326542 
-16.803499560599658 
-16.802840967234292 
-16.802759011786087 
-16.80330526376895 
-16.804635799666364 
-16.805086776459536 
-16.806976596519963 
-16.804224790710364 
-16.8086133307759 
-16.808305280553924 
-16.8094125267516 
-16.81020723901708 
-16.801884079616492 
-16.802901579908404 
-16.80158243793968 
-16.807860128495033 
-16.808452181962245 
-16.807613509741127 
-16.807637768223852 
-16.817672891608893 
-16.817604037121132 
-16.81787292025261 
-16.817785425359858 
-16.817546920414323 
-16.817216767229514 
-16.818513639585106 
-16.818580366535546 
-16.81918202085815 
-16.8194749954617 
-16.82014206796253 
-16.825546510658626 
-16.824123111371563 
-16.8229769188966 
-16.824551234793933 
-16.824809888603387 
-16.82936300272937 
-16.829365045748013 
-16.83350235574397 
-16.834541026677037 
-16.840962508977384 
-16.841385020480903 
-16.842458962212326 
-16.838175278853367 
-16.837858488362013 
-16.843227564120685 
-16.843093702298187 
-16.84455798771437 
-16.843602269725586 
-16.844889030998825 
-16.847274664795545 
-16.8433220198419 
-16.843320528994965 
-16.842644501296288 
-16.842654129392308 
-16.84139423291373 
-16.842294574793023 
-16.842670447549647 
-16.843236828453733 
-16.84151114305694 
-16.84153669330359 
-16.84334172712816 
-16.84541365389395 
-16.853082474190188 
-16.853450402816478 
-16.854777648499244 
-16.855213567871388 
-16.85521728333309 
-16.854541368347707 
-16.856988327399566 
-16.859215730791895 
-16.857464006563625 
-16.85745326702718 
-16.859136337447264 
-16.861729421223743 
-16.86138360084167 
-16.861734386717966 
-16.861782708600046 
-16.861761200244793 
-16.86165584755599 
-16.861623720929288 
-16.862019380590198 
-16.861813854988625 
-16.861804242811505 
-16.86202788252993 
-16.862180037728002 
-16.862130101877035 
-16.86243393845477 
-16.862872026918588 
-16.863096484053617 
-16.862937850728066 
-16.86325163199186 
-16.86316442864731 
-16.86320582217457 
-16.862283016169233 
-16.861628175601115 
-16.86153683125976 
-16.8615356274595 
-16.861833228550154 
-16.861622064237096 
-16.86163562964433 
-16.861630692189415 
-16.864169286967822 
-16.86417152672137 
-16.86412739284659 
-16.861790533576016 
-16.860869070553896 
-16.861747005888517 
-16.861138029651734 
-16.861146393102025 
-16.86068594050115 
-16.86069313861699 
-16.860706966851385 
-16.860548393536494 
-16.860594119567153 
-16.860606896653074 
-16.860144088688966 
-16.85996069815023 
-16.859952202785884 
-16.860089297388438 
-16.860414724702622 
-16.861183828698145 
-16.859154921101158 
-16.86117103628686 
-16.861257619366473 
-16.861278069545385 
-16.86109508269024 
-16.86220827005676 
-16.86289463579694 
-16.862737522176605 
-16.86273885075007 
-16.86504718653783 
-16.865022411371076 
-16.864964614418724 
-16.865434320414153 
-16.865551038654747 
-16.865628680698034 
-16.865532991131246 
-16.864885547061153 
-16.86485699644379 
-16.864874570946863 
-16.86483238007527 
-16.864842767996937 
-16.864668495953264 
-16.86508641146982 
-16.865095077639793 
-16.86534029154223 
-16.865407584827324 
-16.86540639047465 
-16.86593098833892 
-16.866036725650606 
-16.866257470893604 
-16.8661754444726 
-16.866175462799323 
-16.86649565136394 
-16.866498168988628 
-16.86653865589049 
-16.866455169052646 
-16.866450867037607 
-16.866428749067055 
-16.866671222005532 
-16.86649685323558 
-16.86613471676546 
-16.866233786217318 
-16.866100279352764 
-16.866117329163846 
-16.865764406644686 
-16.86574525461367 
-16.865219685018804 
-16.865116307093224 
-16.865376487400674 
-16.865389524249647 
-16.86544906259388 
-16.865476236247655 
-16.865255214924133 
-16.865274207393984 
-16.864992765073957 
-16.865395843496678 
-16.866455238357634 
-16.86645535431529 
-16.866427757997293 
-16.866354697728006 
-16.865941077372547 
-16.86694788358245 
-16.866922468483693 
-16.867015716284904 
-16.866944871483412 
-16.867186368999096 
-16.867175434804597 
-16.86720587403512 
-16.867106269197834 
-16.867094141981113 
-16.866927184943695 
-16.866892331537397 
-16.866936852394087 
-16.86704523865304 
-16.86728854970514 
-16.86722616967052 
-16.866946390620978 
-16.86745684030253 
-16.867572657364025 
-16.867911275348614 
-16.86740060234004 
-16.867385245689025 
-16.865602146625317 
-16.866081802471808 
-16.86612066060111 
-16.86609350484399 
-16.865871511366002 
-16.865981340833173 
-16.86585793186054 
-16.865686934670585 
-16.865710886822697 
-16.86578225800636 
-16.8659801227276 
-16.866095811516082 
-16.866030830758636 
-16.865158292436533 
-16.8651450062779 
-16.864290459142076 
-16.8647791315497 
-16.86603734143717 
-16.865844734120696 
-16.865822003212486 
-16.8657611279542 
-16.86575865645925 
-16.865769237601928 
-16.865869386025118 
-16.86592970262731 
-16.866423978412726 

 Time 
39.07193088531494 
