Energy 
 
2.878301087752058 
2.7588471662891907 
1.3335757829166348 
-1.5081256878732394 
-1.8963467210545104 
-3.010117924426152 
-3.2244247309736807 
-3.334140049583677 
-3.6879813697377584 
-3.9712829317468 
-4.199607061712267 
-4.169747155609565 
-4.403091341795379 
-4.601721130678619 
-4.752134295272116 
-5.1777859689620005 
-5.2288434494446046 
-5.66159618964207 
-5.63663294140458 
-5.667385081847305 
-6.304662080837693 
-6.2505108950354185 
-6.259122530896521 
-6.204758757036227 
-6.373191982785476 
-6.50175278517642 
-6.966626612948158 
-7.267868035576805 
-7.257461408730714 
-7.358945133027492 
-7.627779125719 
-6.884082475417737 
-8.556638567021585 
-8.54374592191563 
-8.52774678821421 
-8.53771620057559 
-8.153228794909067 
-8.422559814987531 
-8.509905429113562 
-7.719709707194795 
-7.8942342116219395 
-8.148689228180672 
-8.957839491241513 
-8.840284619503343 
-8.653967850060042 
-8.700828961094766 
-9.120286199257317 
-10.349264484851544 
-10.350011923024937 
-10.139948059533124 
-10.102533797303082 
-10.878289194168891 
-10.905981961324057 
-10.956043925672919 
-10.796251598722908 
-10.771278081192905 
-10.827548229774978 
-10.814460121857936 
-10.610575339497796 
-10.731885975624234 
-11.155167422547661 
-11.112187204225087 
-11.145193106161905 
-10.824069771312448 
-11.498543627033506 
-11.297879757459588 
-11.382184445625503 
-11.486677447563919 
-11.490413431398347 
-11.628808661052544 
-11.603157875106216 
-11.634141902186993 
-11.65306997345032 
-11.671009968830157 
-11.514870843612352 
-11.515202658800662 
-11.55426161387392 
-11.707570641815439 
-11.056101625158634 
-11.03403843849069 
-10.7686070799923 
-10.828321762795936 
-10.79934620030579 
-10.825421633608354 
-10.983886444661039 
-10.912748530656796 
-10.921914269330092 
-10.889255456895915 
-10.886859862135337 
-10.840737107348453 
-10.909981479154393 
-10.92244342151234 
-10.93831002809919 
-11.22871045414894 
-11.349454873881497 
-10.999041208684464 
-11.25477464379903 
-11.303845694629725 
-11.362001768374794 
-11.347170946304763 
-11.585082934674716 
-11.641659778429075 
-11.639949293379736 
-11.60423851757848 
-11.861275754347409 
-11.883618654309291 
-11.885882548238857 
-11.87600021874941 
-11.8800373561451 
-11.80814507138654 
-11.343147314741216 
-11.385544328552065 
-11.39291041671954 
-11.457208034841221 
-11.105793213582386 
-11.099541425750543 
-11.31210598882041 
-11.171653318155343 
-11.076805023901477 
-11.102335627981859 
-11.14382619324177 
-11.497637696919165 
-11.96279757636819 
-11.895515210508425 
-12.007719801373005 
-12.027091209703077 
-11.94168099824065 
-11.944676360860086 
-12.041711626647583 
-11.992139546312329 
-11.956039612833834 
-12.011010892406496 
-12.007656234319368 
-12.035722963883389 
-12.041461352120333 
-12.026457978099211 
-12.012534210105692 
-12.145541959755278 
-12.357417865733387 
-12.289497482969773 
-12.301205813825046 
-12.462656525977522 
-12.489168140616703 
-12.742550030210957 
-12.801003379271384 
-12.799670099328305 
-12.855616052127122 
-12.867227151025016 
-12.878013306693648 
-12.90413065816823 
-12.957597295342245 
-13.12570252948035 
-13.147243583283174 
-13.172117827180786 
-13.134885644688316 
-13.166757984661828 
-13.174148823368029 
-13.198352094646294 
-13.199290948244842 
-13.299380020590878 
-13.301360010845205 
-13.369627028776621 
-13.382732755344243 
-13.386484552399658 
-13.3777453453205 
-13.393313573591296 
-13.435574062027538 
-13.441743407608994 
-13.476366426414756 
-13.505862171964347 
-13.500083664804665 
-13.50659044526809 
-13.517506452675752 
-13.525548132941054 
-13.532712414625895 
-13.532257870244091 
-13.523263728282839 
-13.525970498245501 
-13.523265541891764 
-13.523697264654764 
-13.55367596405622 
-13.537132209276944 
-13.53499532964895 
-13.541015519443524 
-13.458376177224512 
-13.517708206014248 
-13.558140056764383 
-13.558318796089708 
-13.567654620510927 
-13.57508289072504 
-13.497555121282097 
-13.49857030295266 
-13.480017059145577 
-13.493804661087133 
-13.495988594681718 
-13.528364001365777 
-13.539586353385195 
-13.539111697909885 
-13.539287792605043 
-13.542532671181629 
-13.542618592561542 
-13.551136393819338 
-13.581009126108771 
-13.586685022696573 
-13.583926732473246 
-13.592501668216563 
-13.586089791820468 
-13.62529012186314 
-13.626917660601674 
-13.647394177376004 
-13.834931239603042 
-13.827340329952516 
-13.868463666888339 
-13.723934004038641 
-13.721183790498454 
-13.709086182525086 
-13.71043180868615 
-13.787254741988868 
-13.489167847594096 
-14.092410632878831 
-14.086943649111813 
-14.152662652061284 
-14.149139827586275 
-13.811575067888764 
-13.793331862358203 
-14.6862691727765 
-14.653370896468767 
-14.65511513868274 
-14.665013513186336 
-14.66336110884554 
-14.676243804163091 
-14.765918263687391 
-14.809038371604931 
-14.833031790720192 
-14.816008054297878 
-14.850682918382105 
-14.8505291252752 
-14.850223296321355 
-14.866674479614302 
-14.884448997613058 
-14.828267807311022 
-14.562184804710755 
-14.543358856326401 
-14.537011734124684 
-14.55243379581348 
-14.490115363404671 
-14.54107206204512 
-14.656803998882987 
-14.769602384394771 
-14.550551035436072 
-14.615041651074517 
-14.688226182365877 
-14.695288587743585 
-15.327001532587659 
-15.294645409809256 
-15.24938787151126 
-15.21922183766616 
-15.262731723711951 
-15.476507709004766 
-15.508230867391838 
-15.601415346976161 
-15.667091387655002 
-15.666241717992742 
-15.671568446472227 
-15.67152754896568 
-15.703987081594931 
-15.593578192592645 
-15.609896377231912 
-15.503776506931263 
-15.454310189539312 
-15.453161076278832 
-15.39212001907279 
-15.419194667256939 
-15.418743140628727 
-15.631220563446224 
-15.702783871302936 
-15.771220928057176 
-15.760126710458714 
-15.686838339481124 
-15.713999549317922 
-15.718839511763768 
-15.68868788573856 
-15.652375542400737 
-15.69763140868619 
-15.73716930755378 
-15.741093746458322 
-15.686111016569395 
-15.669752747662194 
-15.530780664301119 
-15.534970843412289 
-15.598297880246083 
-15.651749770347804 
-15.6291635136806 
-15.62967119113858 
-15.638287469066885 
-15.414236865703913 
-15.44822122744731 
-15.483307517564281 
-15.607906321702005 
-15.611690923925464 
-15.65805688431263 
-15.295464540347734 
-15.441887939093096 
-15.474301398397051 
-15.589776096165131 
-15.631146540473127 
-15.659240234461082 
-15.652757439929095 
-15.591369264545822 
-15.624031250941606 
-15.68453043105937 
-15.659621258409178 
-15.660392085146958 
-15.68334788871413 
-15.700411400446214 
-15.711465492768234 
-15.71847348837081 
-15.717402782760026 
-15.73815676889786 
-15.757779273535895 
-15.756995989663682 
-15.854157402874206 
-15.797021625073427 
-15.822226032636742 
-15.848184472853045 
-15.848274433030756 
-15.782001132537873 
-15.751019557696923 
-15.771371071163978 
-15.770412997427124 
-15.769281498761307 
-15.725228121276077 
-15.757595909062552 
-15.771460720857842 
-15.779712890311963 
-15.820101083541234 
-15.832849869047212 
-15.558254757255643 
-15.55542887506075 
-15.546128263731413 
-14.540434000344233 
-14.620233084482567 
-14.849781626222486 
-14.830465108245964 
-14.911767233055967 
-14.933398851527345 
-14.917348490022935 
-15.036038121554752 
-15.007339205966113 
-15.008878737634635 
-15.009232141672562 
-14.765591764708272 
-14.782111173143814 
-14.80315022622916 
-14.669378229636218 
-14.669042905911232 
-14.728751257568488 
-14.782918508816595 
-14.8479117562141 
-14.850146517324951 
-14.86298825048268 
-14.770427054820416 
-14.831998715380307 
-14.839019213570051 
-14.822286353812924 
-14.548339325657954 
-14.603372946517336 
-14.768083902393931 
-14.573400972145388 
-14.583759914688144 
-14.607861385600167 
-14.568073147167901 
-14.550875215796918 
-14.851647706371919 
-14.857216380561567 
-14.77230182764798 
-14.48390322887606 
-14.49545606759582 
-13.845981988971866 
-13.843332004769383 
-13.829686568426622 
-13.79730274324395 
-13.516279319766555 
-13.741624885652753 
-13.730424970903075 
-10.735591112306691 
-11.278573104354637 
-10.845413289572733 
-11.229724917608559 
-10.620725070780992 
-10.56229661528971 
-11.468440264972822 
-10.329524864622746 
-10.284749295785453 
-10.58782709118983 
-11.074029745219779 
-11.42023746728548 
-11.580590332633582 
-11.850460223086168 
-12.03185107470169 
-11.405763876779934 
-11.38640023544079 
-9.173008424858228 
-9.552696428151153 
-10.068615165765628 
-10.072486083732962 
-10.245329410519215 
-10.153837823598398 
-10.149873778378996 
-10.280329726096294 
-10.34449652872554 
-10.38880733823436 
-10.626813331013302 
-10.654755082295427 
-10.666846911594979 
-9.76207704844501 
-10.456599191887687 
-11.258745962014519 
-11.229416075492685 
-11.231625630691639 
-11.234652001963752 
-11.453419572447476 
-10.979928552317949 
-10.958715594238544 
-11.549691782278604 
-10.43495259519542 
-10.681579547514781 
-10.160113767861828 
-11.151995838246906 
-11.181236857180954 
-10.759868705293488 
-10.79373417802674 
-10.9823704996219 
-11.008008438093352 
-10.531375698856888 
-10.816286599500375 
-10.766831695258963 
-10.430205589997199 
-9.513394238430367 
-7.8490108684878095 
-8.766988538061835 
-8.921499852259641 
-8.915374612609483 
-8.394085837794977 
-8.220699806739686 
-8.595287877373513 
-8.629981808131197 
-7.2374099592385885 
-6.819008210056072 
-7.006163311504225 
-7.225624028141926 
-7.204257386997863 
-7.215605547442388 
-7.18211360384733 
-7.332684830174408 
-8.137047137803645 
-8.197905030658564 
-9.013056873301243 
-8.60756063128167 
-8.795284959102704 
-8.85674341945037 
-8.825909385339074 
-8.846297555916198 
-9.56526475430704 
-8.449657239766305 
-9.024696245644012 
-8.979241805507343 
-9.417196088856889 
-10.47742406226651 
-10.485014017507723 
-9.154517135351764 
-9.68838433584435 
-9.681380129693714 
-6.023183083495939 
-6.8535459800790015 
-6.975597563326945 
-6.834467811854184 
-7.282507722476668 
-7.609129778259769 
-7.604766020799691 
-7.360403784841427 
-6.72897243166704 
-6.584840337175581 
-5.806402740231994 
-5.884563263011538 
-6.3158123106467325 
-6.528051371642612 
-6.855358766769517 
-7.6344057252567215 
-7.747212059680954 
-7.799923103814896 
-8.43082886461736 
-10.257777647518324 
-10.261658401955945 
-10.284687747181463 
-10.317387718897137 
-10.322320821996156 
-11.099299623466068 
-11.154282471358732 
-11.155687895390152 

 Time 
39.44558525085449 
