Energy 
 
2.6208494160309734 
0.7312836273888199 
0.5422313277220441 
-0.08307643523862596 
-1.82639828974404 
-1.9829015784347486 
-2.074639361335124 
-1.9914827511614295 
-2.345489236208023 
-2.873194398799739 
-2.876653392443801 
-3.284430081785073 
-3.5161585124359966 
-3.6750068176212665 
-3.7966357880562063 
-3.8830276360046807 
-3.934441727257518 
-4.225738478464519 
-4.20999886168312 
-4.228281680443069 
-4.262354729126113 
-4.299553500445559 
-4.29613269229343 
-4.576171329490259 
-5.520508399645285 
-5.591649908306104 
-5.597428078871143 
-5.649335656844446 
-6.445801807691339 
-6.939853263328127 
-6.942952809998925 
-7.1499573828147245 
-7.132088745518757 
-7.134905910917453 
-7.177955835682411 
-7.464397825062366 
-7.471947814661496 
-7.475874261745869 
-7.524507234868701 
-7.527914199764012 
-7.531538843626635 
-8.106113023029481 
-8.132280153880671 
-8.141792845305217 
-8.142994808458822 
-8.258372218507521 
-8.258347185305766 
-8.524424690460531 
-8.660557603268115 
-8.673588895971974 
-8.683335540197639 
-8.91620127317662 
-9.053694384513932 
-9.152983217677384 
-9.35106502091949 
-9.384398938525827 
-9.453923494949269 
-9.543182772746563 
-9.443582575477677 
-9.92820009140446 
-10.185325194457068 
-10.227721061966522 
-11.053319866851634 
-11.065501723762843 
-11.569602567332211 
-11.599114642583757 
-11.624739668722766 
-11.59487366495128 
-12.347513618548875 
-12.630853696802898 
-12.592950637259118 
-13.09059228418266 
-12.747540161037433 
-12.671311460749289 
-13.163476169372284 
-13.533704066229603 
-13.490825964377889 
-13.518340186581117 
-13.48193139073514 
-13.171006696937306 
-13.169514511206762 
-13.3870418180774 
-13.274885707714262 
-13.708182868721659 
-13.706466997493674 
-13.734143948366114 
-13.740068435576884 
-13.792552782290194 
-13.802658231208392 
-13.824137573574035 
-13.837521642994908 
-13.840820320483832 
-13.835702322924561 
-13.833769357833459 
-13.913591994280605 
-13.91399894476263 
-13.918840001814281 
-13.924688582534671 
-13.924535956391574 
-13.936552929491661 
-13.937545396720486 
-13.957212811584627 
-13.995635357278685 
-14.031735881827672 
-14.025451549313638 
-14.025210919618187 
-14.134581319426909 
-14.118384350527373 
-14.117177913797104 
-14.095991294213121 
-14.21362689233943 
-14.23638002904167 
-14.237876253414683 
-14.246438606084611 
-14.247687737979078 
-14.234416262834689 
-14.306626337557809 
-14.383903900663267 
-14.41020825357688 
-14.423920885257234 
-14.425753053356965 
-14.424713862660298 
-14.44230298536274 
-14.432777456804198 
-14.439982955648174 
-14.44058323030536 
-14.451133188568086 
-14.444334923387423 
-14.450100937551667 
-14.448144119492733 
-14.458265520434434 
-14.478763008063716 
-14.479384604903997 
-14.478838892026387 
-14.515934573400006 
-14.512261109446307 
-14.513372962931737 
-14.513074034956635 
-14.552750358441097 
-14.553110190924693 
-14.553030498109155 
-14.550954243909393 
-14.562148904999308 
-14.582197441428264 
-14.58156849306164 
-14.582919746356621 
-14.583555672932246 
-14.583879279766368 
-14.584689837948602 
-14.584849100056669 
-14.586620831249896 
-14.584262042679843 
-14.585886024225488 
-14.590869685257625 
-14.606966714708173 
-14.607749156348625 
-14.607887276663917 
-14.61734063719857 
-14.618209080022565 
-14.620026377298405 
-14.620670135110972 
-14.628680090905405 
-14.62871585237872 
-14.628990414932508 
-14.628662357391107 
-14.628378222463246 
-14.62940323970465 
-14.629852775236746 
-14.63870179547464 
-14.638519801399015 
-14.638965626701033 
-14.637979572205023 
-14.63821935116774 
-14.638262479335143 
-14.638264097152973 
-14.643159359961315 
-14.644659560039894 
-14.644450037232533 
-14.644732667600085 
-14.644911902300356 
-14.647775807408918 
-14.647894202203327 
-14.648089837167529 
-14.64809308264526 
-14.651214224642766 
-14.65131755619564 
-14.652518682505153 
-14.654531386127221 
-14.654856526266519 
-14.656390829798326 
-14.655845139631412 
-14.655879480817797 
-14.655934121936406 
-14.65605877169014 
-14.65559845073026 
-14.657340676660759 
-14.658596621964328 
-14.658046361167163 
-14.657936399563972 
-14.660093563636915 
-14.663722108243206 
-14.663896357972584 
-14.663932634133856 
-14.663780879902376 
-14.663415310827759 
-14.665572710277814 
-14.66892418296285 
-14.677206296363916 
-14.677149578805647 
-14.678975570718007 
-14.680701101212021 
-14.681340680271527 
-14.684622627060634 
-14.684836222879575 
-14.686538890221176 
-14.686694276125209 
-14.687772959431829 
-14.686267961821512 
-14.686102903390378 
-14.686747964060944 
-14.687236455026293 
-14.687311197246212 
-14.6873654309849 
-14.688321779722651 
-14.68860539691192 
-14.688379706482163 
-14.688372837053793 
-14.68833111891216 
-14.688261198952372 
-14.688260716170573 
-14.689370676611041 
-14.690339922874625 
-14.690410469930088 
-14.690563532076863 
-14.690627292961173 
-14.698814333447974 
-14.698820565130601 
-14.700549563433574 
-14.700834122557538 
-14.700843126360846 
-14.702319560012302 
-14.702379919299482 
-14.70253781011918 
-14.70437494019259 
-14.704827990283164 
-14.705060730286453 
-14.704637744542888 
-14.704658714607408 
-14.70463370523443 
-14.70463180841404 
-14.705820443161242 
-14.708464997098893 
-14.708442259165633 
-14.70854996878061 
-14.708559362178 
-14.708694252281791 
-14.708700873624773 
-14.71135781030873 
-14.71242167288768 
-14.712461728394167 
-14.712448814098796 
-14.71250026110555 
-14.71332242735543 
-14.713870000084658 
-14.714266343999574 
-14.7145144429078 
-14.71479478866591 
-14.71487256614779 
-14.71491779380987 
-14.715035386398744 
-14.715271312382974 
-14.715167773241735 
-14.71515582271192 
-14.715186939290712 
-14.715185462970188 
-14.71518896978784 
-14.715173585846031 
-14.715335382547522 
-14.715350811197432 
-14.715338641277208 
-14.715351613567117 
-14.715677343908213 
-14.716174671124612 
-14.716962475486387 
-14.717091653481512 
-14.717092752808597 
-14.716981503661511 
-14.717386475948073 
-14.71739805130234 
-14.71742748533153 
-14.7178618464898 
-14.71825636429897 
-14.718281510448103 
-14.718317199642819 
-14.718474524873038 
-14.718473383332896 
-14.718616787730708 
-14.718778619157556 
-14.718924121984259 
-14.719057676051632 
-14.719040175316994 
-14.719034199653711 
-14.719473182799332 
-14.719541689204016 
-14.719627994746446 
-14.72004433056322 
-14.72002156564821 
-14.720478854330254 
-14.720528561711257 
-14.720995236722665 
-14.721790585721557 
-14.721820305838667 
-14.723063420336313 
-14.72316209422774 
-14.723343615586911 
-14.72343186773646 
-14.72328378164322 
-14.72335004850777 
-14.723409113063852 
-14.723454904659087 
-14.724254973121706 
-14.724304740403614 
-14.724644668138726 
-14.72464813580372 
-14.724647717200845 
-14.724735649634175 
-14.72495009366011 
-14.725017243170345 
-14.725189461803492 
-14.725227918778817 
-14.725303346362956 
-14.725218806515398 
-14.725230963815452 
-14.725237947151555 
-14.726039328859748 
-14.726042584814307 
-14.726069790428545 
-14.726206681749431 
-14.726206198116294 
-14.726210547093874 
-14.726208490045051 
-14.726207982942967 
-14.726163072082695 
-14.72657174440988 
-14.726554430491783 
-14.726557282990209 
-14.727112090213492 
-14.727094754184929 
-14.727134987527865 
-14.727118278876853 
-14.726960337617825 
-14.726965735920558 
-14.727003152273342 
-14.727048253175084 
-14.727048928594424 
-14.727051230884854 
-14.727057596846318 
-14.727084279816355 
-14.727072439852236 
-14.727567168376481 
-14.72753138723225 
-14.72790764763541 
-14.727917134016549 
-14.728013037372806 
-14.728073729183842 
-14.728074613655572 
-14.728444783022297 
-14.72844001865052 
-14.728658939998706 
-14.728800525098132 
-14.729019148345097 
-14.729137122609314 
-14.729250261769382 
-14.72937742531382 
-14.729790864055412 
-14.729791303585431 
-14.729971619461281 
-14.730091069786594 
-14.730055178271304 
-14.730587900943123 
-14.73055797444066 
-14.730564454690807 
-14.730661810668911 
-14.730710352886323 
-14.730862781404392 
-14.731015708080726 
-14.73116240541124 
-14.73116185971547 
-14.73117688699396 
-14.731231497366062 
-14.731232707561844 
-14.731461666459111 
-14.731434710474005 
-14.731465180540571 
-14.731426503253505 
-14.731424400779717 
-14.73148452410988 
-14.73155135581676 
-14.731627625651806 
-14.73162765086907 
-14.731851503067423 
-14.732009158966335 
-14.73207933812688 
-14.732360202660384 
-14.732405146984231 
-14.732419199688465 
-14.732791798146199 
-14.732837795500327 
-14.73284767541282 
-14.73286648400143 
-14.732865190574136 
-14.732901420227419 
-14.732900812031936 
-14.732976272486619 
-14.733005332225193 
-14.733062495442969 
-14.733063187393086 
-14.73313331742018 
-14.733216946662509 
-14.733284756331303 
-14.733301750156873 
-14.733337455829881 
-14.733354145733959 
-14.733412171565307 
-14.733418140206673 
-14.733457390576165 
-14.7334670832374 
-14.733683806869047 
-14.733821775867531 
-14.734386528622723 
-14.734564979048052 
-14.734565041498426 
-14.734591228224593 
-14.734535893610168 
-14.73453331977265 
-14.734544354889499 
-14.734844142267306 
-14.73480932280216 
-14.73485908329617 
-14.734930523981545 
-14.734915492896025 
-14.735223840022481 
-14.73522915904632 
-14.735226482171575 
-14.735219359149735 
-14.735209794142797 
-14.735208141448181 
-14.735213885751527 
-14.735403780435886 
-14.735537523534015 
-14.736294044388002 
-14.7363318899602 
-14.73635360671174 
-14.73635471912884 
-14.736352174215241 
-14.736348867960452 
-14.736348650527574 
-14.73636946419972 
-14.736443493450048 
-14.736452213287219 
-14.736526729987094 
-14.736570943349918 
-14.736622649328204 
-14.736574663817088 
-14.736617442191761 
-14.736618711941652 
-14.736664377178535 
-14.736728518336179 
-14.736875443239937 
-14.736872958696868 
-14.737093632031153 
-14.737096062017205 
-14.73710517380911 
-14.737125612898998 
-14.73711630108504 
-14.737100512884671 
-14.737122020666241 
-14.737122778637888 
-14.737165529173161 
-14.737205781003041 
-14.73717252267198 
-14.737175623287467 
-14.73713765736036 
-14.73714319055455 
-14.737153121027328 
-14.73714531477927 
-14.737132561532034 
-14.737189767810252 
-14.737216331042534 
-14.737228226153865 
-14.737260511307422 
-14.737255672481899 
-14.737389034843178 
-14.737394036830098 
-14.737367162054689 
-14.737355242306023 
-14.737471893196144 
-14.737475849207234 
-14.737539253527139 
-14.737553314612853 

 Time 
29.396466970443726 
