Energy 
 
2.390142678989272 
-0.18591483682055282 
-1.117640465910117 
-1.8986661952836288 
-2.095142269290183 
-1.4488619762848876 
-5.96624094335387 
-5.879828109067765 
-5.9083132269698035 
-7.217022932216611 
-7.4088246142314915 
-7.034620813929467 
-6.821341992307365 
-5.00937820683488 
-6.350013682971128 
-6.989561976700857 
-7.284160819418416 
-7.8038237959258 
-6.6701632760441925 
-7.140759110901481 
-6.802332289909325 
-6.632857080372897 
-6.991523390935172 
-6.169493648815693 
-6.311398255082956 
-6.31924070957491 
-6.351620658660868 
-7.637899861549504 
-7.289018068637944 
-7.183659494943341 
-6.92856955728015 
-7.39238884546674 
-7.360941172641417 
-7.930054101183167 
-7.927609150860975 
-7.875621403809487 
-7.788564178501305 
-8.337486206313791 
-8.546579640459436 
-8.587054324785512 
-7.133759936589518 
-5.73357234515416 
-5.994999221428328 
-5.999721178627662 
-8.92097081172356 
-8.525929058561587 
-8.440635477281385 
-7.682506291999263 
-7.640566701665198 
-7.796262798177607 
-7.7353100158027885 
-5.6470683526901 
-8.339816819340424 
-8.339721157800433 
-4.928137953463194 
-5.493935077680661 
-4.642992714694368 
-4.971574908074081 
-8.048795573752857 
-6.381087420683878 
-5.740194624136625 
-5.436731347300725 
-5.675583925888675 
-5.180050406770288 
-4.883265827686719 
-4.877231076349972 
-4.338365940907472 
-4.00480452180911 
-3.979160254423255 
-4.488164072874433 
-5.2588564229315855 
-5.53342879948617 
-6.521079203971491 
-5.7804307993125645 
-6.4336610170659165 
-2.751904289457807 
-3.9739245390592175 
-3.965268035058892 
-4.736148655536134 
-4.793801336304169 
-3.615502110985291 
-4.229442566090371 
-4.337234462516454 
-4.614017653795686 
-5.030539140722283 
-6.020585639861411 
-6.717655098008374 
-7.753038903920682 
-8.919598430158063 
-6.227676730521288 
-6.3898677183403345 
-6.4682198148301415 
-5.3490157572501325 
-5.017311297527237 
-6.926749308873916 
-6.614771562571193 
-6.305568990310667 
-6.164634911427497 
-6.157631386073933 
-6.20656159749173 
-6.200087715797516 
-6.847751969380738 
-7.702427218733766 
-7.279388914204293 
-8.320419264199034 
-5.878626904097624 
-5.611352083621432 
-5.970691646044036 
-7.858600801520096 
-7.933905732525669 
-8.684776514081088 
-7.85542760720685 
-7.997681263354188 
-7.220141490049415 
-8.410609571178291 
-8.450783261614013 
-5.951273623792724 
-8.533301888156512 
-8.528127826244937 
-6.06954359446886 
-6.161630989915505 
-7.362505719955226 
-7.666777666376195 
-7.78265447874956 
-7.140391483531984 
-7.1342039963461605 
-5.871098416209398 
-5.463872827044877 
-7.67713180579516 
-8.394797832568035 
-8.211859144963903 
-7.788961657717316 
-6.6022858064342005 
-6.360038414718194 
-6.5576377458848345 
-6.545438114984941 
-6.280126768755869 
-6.199642076588844 
-6.46231904404769 
-6.242025392240375 
-6.117068131595839 
-7.616319352073701 
-7.195497523357681 
-9.127106805546012 
-9.160631375072285 
-9.253286422200441 
-8.19482397865895 
-7.6060695333559565 
-7.6357424497859725 
-7.54388379459092 
-8.539080373386572 
-8.151661030786345 
-7.9807465918991625 
-8.21301552477304 
-7.039425395175506 
-6.895493359000174 
-7.189811137053834 
-7.487590661638802 
-7.410780971697768 
-7.402446873869163 
-7.918234649564236 
-8.023463445540948 
-8.512493415077092 
-8.390542216338597 
-8.317860258651416 
-8.38201786937871 
-8.568405637442225 
-8.438159597051857 
-9.021492880438029 
-8.131747648469608 
-8.10077214691687 
-8.861765528102003 
-7.975335711624672 
-8.010636538076529 
-7.886800394298832 
-7.5139008637399245 
-7.5109872474118475 
-7.509327940005233 
-7.525292891358428 
-7.3951921371600795 
-7.397863686313124 
-7.430202053674028 
-8.92609410249911 
-8.355218105390724 
-8.526673040927358 
-8.769080886016063 
-10.268766774976257 
-9.245103781582605 
-9.497060321117731 
-8.700534598499768 
-9.772640314682238 
-9.755484332270573 
-6.842377104327646 
-5.9394815726979004 
-5.743813543237636 
-6.455324586149751 
-6.759345323990275 
-6.65939957898072 
-8.919953660303982 
-7.301958876811648 
-2.7658509065942622 
-3.029096861311293 
-3.172325202795264 
-2.5874861679373695 
-2.498080514694297 
-3.0159525601407857 
-3.023419011627839 
-4.718806164949259 
-5.179346407742905 
-5.216410150599472 
-5.623411884311683 
-6.556682833796115 
-5.3668591766427385 
-5.1134834773408375 
-3.991458681266346 
-4.544446504153237 
-5.4344389001460085 
-7.14413333995295 
-7.862132745669757 
-7.786054787896425 
-7.1350956467299165 
-7.5561425923504775 
-7.919816575378723 
-6.058442564180371 
-6.247248589476765 
-6.214269670157601 
-7.003387070812073 
-9.242310012625655 
-9.188373510773879 
-9.208047953866599 
-9.063176484711644 
-7.9672016271028 
-7.646884039860511 
-7.806259368896322 
-8.56079154858496 
-9.215605950482361 
-7.4578395839223965 
-7.552742750711807 
-6.444415814613329 
-5.750272735033232 
-6.179777181839105 
-5.845470639196555 
-6.016910023769352 
-4.654724255832899 
-4.705928432540681 
-6.5700552782354364 
-5.962441213583154 
-5.3277490610358065 
-5.570332304790731 
-4.969443026579667 
-5.683934233389061 
-5.0110392170301274 
-3.792964122941229 
-3.608810601900235 
-4.370062906647179 
-3.6678902238436226 
-3.696801256063832 
-3.9158623687179444 
-4.307080981413232 
-5.6934487253927095 
-5.501746463459774 
-5.116001148193151 
-5.513970948655451 
-5.512959585082327 
-5.480077567914444 
-5.467157575356206 
-4.012869253187091 
-3.76616258561145 
-3.650361766276374 
-4.641214821132603 
-4.43793857948845 
-4.561812844912303 
-4.437635567564671 
-4.340867447781326 
-4.626540983166135 
-4.54860668375094 
-4.934441929545936 
-4.6959732695724705 
-4.2753518202572725 
-5.5186031185960305 
-5.61242561590024 
-6.314021509857251 
-6.103069259647926 
-6.07852785238945 
-6.9685259428160276 
-7.0802328984412455 
-7.177320661266337 
-7.012485332156246 
-8.965804344122787 
-7.527724483584544 
-9.09600535319827 
-9.144548773991085 
-8.290969043760555 
-8.269348655768832 
-9.441804530906523 
-8.661255256780187 
-8.640866077034627 
-7.262566554189905 
-7.919419595100551 
-7.207751774925709 
-7.424030147537983 
-7.871141755803691 
-6.796072188310168 
-7.765222788959841 
-7.235048160415638 
-9.036574530024513 
-12.164534612240804 
-12.670099699074344 
-12.195367550694495 
-11.954806734252301 
-12.559650008295602 
-12.40420158737739 
-11.648805377605195 
-11.848017734111492 
-11.663786162711695 
-11.548503857580059 
-10.410123614555769 
-10.865287580527005 
-10.805713889611964 
-10.410398901794643 
-10.426579638278376 
-7.020950626665556 
-7.209695279206116 
-7.887122839423399 
-6.480723172135634 
-6.46456689756867 
-6.133106112343284 
-6.523693701955796 
-7.932817810060288 
-7.49475154285673 
-6.194984238797412 
-6.729823425129225 
-6.719998252390961 
-2.496184293136128 
-2.528008411236284 
-3.103001186928618 
-3.496767764640647 
-5.061121547617477 
-3.5501142840503745 
-4.0297916137787855 
-5.206537654155301 
-4.547454899698513 
-4.501355053695148 
-4.546877377267571 
-4.1814103485022835 
-4.459489453542483 
-4.664377795811491 
-4.30490474322168 
-4.474484943649987 
-4.29227707848063 
-5.358744063457867 
-4.996814533572441 
-5.654018534740584 
-5.739816719436244 
-5.639102088440404 
-6.125147396476242 
-6.4565620415110105 
-5.507674897245731 
-5.638582235531638 
-5.669073373200541 
-4.643926447895626 
-4.858384600757408 
-4.9142859234600325 
-4.894067163273757 
-4.364383003791771 
-5.092855409095091 
-6.040894089581088 
-7.199348542644232 
-7.47100910047381 
-8.791166524932086 
-7.016960945206451 
-7.277782917830785 
-7.2858883754371035 
-9.910224655910673 
-7.637439715417736 
-7.304261604568957 
-7.100292843571088 
-7.971792452402259 
-8.183304322590244 
-5.6731448848021895 
-7.489675541413907 
-7.646038496797508 
-8.151464066863621 
-7.7425165163127145 
-7.732219831257025 
-5.856774622187105 
-6.676126508579994 
-6.722343871289406 
-6.1305996297217495 
-5.3983003619000245 
-8.743292483537953 
-9.763467560516322 
-9.582430627504703 
-8.591209818224605 
-6.718107390473074 
-7.916053406856287 
-7.957275885816413 
-6.806698710377163 
-6.8184254188186735 
-6.937928859616583 
-7.160000596729608 
-7.08428339503549 
-6.067815890084845 
-7.327557934113345 
-6.908909491380279 
-6.596421069297401 
-5.61266196208273 
-6.242746648751046 
-6.108064244178393 
-6.075829539781495 
-6.138022685015502 
-6.133408725312085 
-6.462086934191905 
-6.541277686928928 
-6.783225017167806 
-6.301012793578422 
-7.696358438231804 
-6.192521182305263 
-2.5096982466940267 
-2.3407511660096345 
-5.568805730193453 
-4.145800712607237 
-5.205266515057804 
-5.9871837021717536 
-6.602212104364069 
-7.092675306138141 
-7.157520328587882 
-7.283695858423512 
-7.281333793228205 
-6.89782795354451 
-7.134867339153684 
-8.53372434944525 
-9.131556488249288 
-9.045162786869348 
-8.389105716171667 
-8.846912305926319 
-8.562164872262064 
-8.833297574461541 
-8.84691738005122 
-9.231734123384076 
-9.141830209535808 
-8.493078696664181 
-7.922616399345907 
-8.07315361947128 
-7.6056944401577224 
-7.6625442503010195 
-8.780291203173915 
-9.224702464898986 
-9.225231528063961 
-9.363946892343703 
-3.7570973695717065 
-4.049274453959417 
-3.9390706198676786 
-6.302784698829198 
-6.629973675790679 
-6.610440860763631 
-6.685209978310919 
-3.8473178678242395 
-5.790250501185848 
-5.958451757995062 
-6.350334560390322 
-6.21282107932309 
-6.231140836441558 
-7.020303784230056 
-7.349570438882938 
-7.363518413665047 
-6.62176961383541 
-6.506694895859387 
-3.350189747209852 
-4.194463470837138 
-4.70309430371562 
-4.895050648318791 
-5.229208142828201 
-5.2015107901346544 
-6.45563059951855 
-6.04461008609039 
-8.043944658294373 
-8.165908614341374 
-8.1345931272801 
-7.837698361971764 
-7.734790120586011 
-9.155827824265238 
-9.171202801735243 
-9.2469725529187 
-6.004210368822732 
-5.929096831014746 
-7.566803037892207 
-6.669508165915265 
-6.370228760468872 
-7.1839016134467615 
-7.550632546509939 
-4.434781107299217 
-5.0748711360214145 
-5.0568846350506975 
-5.546423897036023 
-6.396076334735407 
-7.028636920748073 
-6.691782289498824 
-6.618320529356185 
-6.792181161276892 

 Time 
608.5805351734161 
