Energy 
 
3.132899243227253 
3.1251907185817727 
2.7192374038162272 
2.645923036547627 
0.8914966804904834 
0.8813205259716612 
0.757576578580086 
-0.5251104083902332 
-0.5011129608111761 
-0.4997321199101139 
-2.3567876531675354 
-2.604734509945291 
-3.0780500984568855 
-3.0363149168161687 
-3.103744795253425 
-3.1028394691752195 
-4.989043943142859 
-5.070004870364524 
-5.073544869035561 
-5.081160043023005 
-5.465671893116239 
-5.487716459787949 
-5.243840628037189 
-5.294172933547707 
-5.318793513794901 
-5.256340561793343 
-5.2586576425310705 
-5.787497609862476 
-5.823601423705927 
-5.747654985188897 
-6.948112086420351 
-7.388326105961808 
-9.554743381426638 
-9.637076107676137 
-9.87362742376947 
-10.385587761300624 
-10.395160492237363 
-10.511173300925208 
-10.63340962665868 
-10.494580452999225 
-10.537368179482392 
-10.450578003638757 
-10.459723246268807 
-9.74088484011999 
-9.747817664827656 
-10.411562506200553 
-10.48693575698114 
-10.44964686430267 
-10.531910538495678 
-10.59815380863058 
-10.613783907994211 
-10.610827642265221 
-10.59025993037029 
-10.566711005948182 
-10.91628622966501 
-10.944845026589007 
-10.999656409432623 
-11.094607443756349 
-10.897779178379949 
-11.191454610320969 
-11.422567923262086 
-11.543993679530416 
-11.772749829462082 
-11.932216902687502 
-11.93135215355273 
-12.002638075937567 
-12.135318546556926 
-12.112928053754155 
-11.958459062329961 
-11.939049440470454 
-12.076432444878424 
-12.411842182633757 
-12.403758780358846 
-12.4592335661144 
-12.758873984081683 
-12.912689237686159 
-12.912953043614042 
-12.993880944371732 
-12.995947667268052 
-13.001944463021266 
-12.92875807217728 
-12.956308199991946 
-12.91676840644347 
-12.988295343485083 
-13.051440157742267 
-13.095071561523753 
-13.112780704899146 
-13.162362512464046 
-13.260373044289445 
-13.256349694998347 
-13.350020619108891 
-13.296848031995243 
-12.65236255703657 
-12.64516943807692 
-12.862050054261994 
-12.832870655513288 
-12.828805520906874 
-12.815035410874827 
-14.018848823278738 
-13.75269208518788 
-13.782885334163861 
-13.59285144202781 
-13.537421174128742 
-13.49087244638412 
-13.200301326142856 
-13.928216907452153 
-13.87446488914063 
-14.329306910243488 
-15.099587548651193 
-15.196575258743028 
-14.709196924405587 
-14.655448020399586 
-14.793668277082729 
-14.211491225168817 
-12.986247480552201 
-13.401369619947125 
-12.763418600683089 
-12.904569711558167 
-12.799735520130827 
-10.275973567387458 
-10.282118749148264 
-11.359345534927874 
-12.239913463218388 
-11.564080082266345 
-11.552039657849928 
-11.143618560267457 
-11.313161159139577 
-11.323104344066005 
-11.198945448941416 
-12.198487734035345 
-12.01415983814654 
-12.017011151800308 
-11.962174887286164 
-11.631636293140863 
-12.00826945763183 
-14.116709084422345 
-14.005175311923562 
-14.26521755912325 
-13.667227296057735 
-13.559284018793221 
-13.048111432826007 
-13.10818953087742 
-13.258298682438197 
-15.052592998697856 
-15.012421706491931 
-15.818730801063255 
-15.817615939278452 
-15.825243413642948 
-15.422237896324626 
-14.890026362350925 
-14.896547446989775 
-15.672411533114218 
-15.680380800662089 
-15.653981756995597 
-15.565794685622535 
-15.820044577124433 
-15.749254967873444 
-15.673062693558627 
-15.660106601418805 
-15.575649468121537 
-15.495495674083115 
-15.501021285716824 
-15.51001035373146 
-14.920121753867114 
-15.35384723321782 
-15.291795659958913 
-14.849699439894389 
-13.959898515285474 
-13.918440162621403 
-14.183473687102529 
-14.118818874436696 
-14.065167137537925 
-14.088054639827108 
-14.061858719241716 
-14.011667262076703 
-13.97012566682754 
-13.992264853522816 
-14.016808478047967 
-14.025082883702634 
-12.917532665659571 
-12.857559485068519 
-12.757961632924852 
-11.84792996355405 
-11.996211134702643 
-11.696430263016897 
-11.662460320713784 
-10.823193853006423 
-10.655542279661974 
-11.252372106354699 
-11.06696803878287 
-10.983355153219746 
-11.053099681380802 
-10.543661075884225 
-10.564975756308087 
-10.505880229863275 
-11.106578218409814 
-11.07320578586062 
-11.155228448237311 
-11.76215115012504 
-11.77310848657672 
-11.642272281437556 
-11.824082633105647 
-11.753514186124285 
-11.734363344610511 
-11.725702234184489 
-11.711351157188261 
-11.721118267059818 
-11.883040021063925 
-11.892186689562513 
-11.789195613824631 
-11.38825443674953 
-9.582148064147054 
-11.859293213939308 
-11.858832696384546 
-11.89490840759948 
-11.956007211269162 
-11.037423442609697 
-10.766694854595931 
-10.76138314762746 
-11.11804653865835 
-11.047352789721304 
-12.543393573581563 
-12.480062886680368 
-12.478855057417817 
-12.466930165626946 
-12.363958107873463 
-12.217073239163362 
-12.708680561015301 
-12.749427730688556 
-12.585865534572125 
-13.004842066977684 
-13.01575249890127 
-13.548936848950007 
-13.557410050012686 
-14.018103462286192 
-13.93546201200829 
-13.856924132974937 
-13.855748834095174 
-14.000618298645808 
-13.879183613497162 
-14.093039346176063 
-12.800510907683504 
-13.335479532372878 
-13.121729923402796 
-13.29315646260849 
-12.235199626163569 
-12.43403771092854 
-12.523460385374186 
-12.682829485534619 
-12.661763032439351 
-11.919037741256442 
-12.130099699236132 
-12.130223997309717 
-11.354052651390425 
-12.431163222593392 
-12.49644647975142 
-11.160493716693352 
-11.948622317297048 
-11.255299173976754 
-11.262971679219833 
-11.74798063618854 
-11.85442316793064 
-12.286163027261917 
-11.390827614260395 
-11.052406717741372 
-10.917026819817675 
-10.123532103326863 
-10.15755845718649 
-11.270601510493307 
-8.887247756108032 
-13.21070779394657 
-12.78342691990078 
-12.759400094864096 
-13.259321946818467 
-13.271466216785546 
-13.376052542636268 
-13.366139489814028 
-13.353659648987428 
-13.629046713005009 
-13.695419323470016 
-13.000590133657964 
-13.758184811547832 
-13.567488114652368 
-13.666907202915024 
-13.929813909597218 
-13.669065823987692 
-13.928783123600123 
-14.013679517090543 
-14.040366408256862 
-13.891138258051306 
-14.100172616260316 
-14.049319657130923 
-14.486358867184077 
-14.487312395227368 
-14.560496172697214 
-14.179284039902873 
-14.035374606634843 
-14.05114213373761 
-14.058070974484465 
-14.130155591211176 
-14.090906737124724 
-14.169249257828419 
-13.917778649498123 
-13.995690606649438 
-14.401572067943508 
-14.229586477556165 
-14.203371683502287 
-14.196178324549994 
-14.312380220817953 
-14.280654082903924 
-14.27578841049388 
-14.288688133414842 
-14.423657838918484 
-14.41579777117082 
-14.478990844900071 
-13.516222414566696 
-13.515269527697225 
-12.143163780290987 
-12.361033217908409 
-11.8490865598313 
-14.065138559416305 
-13.849710326329129 
-13.801842600982193 
-15.665814138532099 
-15.797764586059728 
-15.375139522133255 
-16.788173063354765 
-16.523897884673822 
-16.548222758745766 
-16.595219146445615 
-16.002133363050422 
-16.12860432439834 
-16.10727065369595 
-15.980235706007015 
-15.976037008897567 
-15.462104634113166 
-15.348306650335498 
-14.95029652324787 
-14.48823824572129 
-14.152159432376587 
-14.030946479010943 
-13.822455130454738 
-14.040789066367566 
-13.12363757540198 
-14.074361363600836 
-13.97631470823565 
-13.67184469258194 
-14.10908987753388 
-14.156409419287765 
-14.09532895761273 
-15.8068191305192 
-15.97846007931552 
-15.970333389270317 
-16.022606879290844 
-16.037161564617954 
-16.03170011911943 
-16.02253003382581 
-16.053280581684223 
-16.091034124685624 
-16.54558397780018 
-16.379824337225074 
-16.38465648028881 
-16.47986103362561 
-16.765926606346778 
-16.8841594540782 
-16.68744159205564 
-16.754942390934072 
-16.563775691702205 
-16.224685639504745 
-16.665994909374422 
-16.70338289145921 
-14.35025752353778 
-14.184917130348532 
-13.324016685606026 
-13.251004542582228 
-13.989695458296875 
-14.168042186909226 
-14.141754409959841 
-14.772069760776692 
-15.403564638963639 
-15.42325101859711 
-15.508163920983245 
-15.71430333140755 
-15.683386055569272 
-15.304025209079937 
-16.23546142396781 
-16.28927655339247 
-16.17316983192421 
-15.973893339093534 
-15.816858008709115 
-15.96152840833876 
-16.340984857668513 
-16.341672865553647 
-15.839412469154823 
-15.416417389305595 
-14.666566839149732 
-14.416761408703833 
-14.61600287474673 
-14.975163690661304 
-15.357598229479144 
-15.478855963396063 
-14.716983674339959 
-14.933260244740811 
-14.029875813575876 
-14.595567578584042 
-14.367000263509302 
-14.602222444634727 
-14.512332429060182 
-14.899013312484852 
-14.862006678942787 
-14.874058704345737 
-14.934553886726349 
-14.901082117493548 
-14.892386568227547 
-14.751128421223125 
-14.781628825458837 
-14.754101196075391 
-14.061119704253269 
-14.30181957557365 
-14.47110419243541 
-14.429243050651406 
-14.769846809381272 
-14.634722861523247 
-14.597869919001806 
-14.63914151186786 
-14.684217211843674 
-14.704517360931963 
-14.403912052878665 
-14.417210055509338 
-14.45556603599774 
-14.8476196078113 
-14.839695931191475 
-14.848631346095624 
-14.86410564246428 
-14.867816546093064 
-14.875170983207559 
-14.926005098878335 
-14.952007072071524 
-14.977918186188655 
-14.99630582809159 
-14.99341456567891 
-15.075507303083619 
-15.085951069227937 
-15.160816341969536 
-15.113038409129187 
-15.136097883263167 
-15.084168941294262 
-15.082890580407671 
-15.086475755973254 
-15.126721162382374 
-15.133192813904873 
-15.12685664244749 
-15.146396952913994 
-15.199371097725873 
-15.199021662407574 
-15.179677148857195 
-15.208637991755856 
-15.179773139559535 
-15.178329564775854 
-14.902837669307699 
-14.918819126487787 
-14.898693922420424 
-14.280439015001425 
-14.69922013837732 
-14.743598376835362 
-14.692285863265479 
-14.659881064374671 
-14.667630183492845 
-14.378148884547349 
-14.36416720902797 
-14.363778588969444 
-14.382356146294493 
-14.414792511329463 
-14.392420765057246 
-14.367934956016605 
-14.207577253835291 
-14.413838203762541 
-14.42093372867803 
-14.553392430118162 
-14.56880383577715 
-14.464176017156365 
-14.434820096089346 
-14.498693835920811 
-14.46298608711616 
-13.944345074158358 
-13.95936362347045 
-13.614186084533207 
-13.506710150077176 
-13.51161000528608 
-13.493197438512528 
-13.678300518128957 
-13.883705505932147 
-13.983785823577291 
-13.965539313877716 
-13.956957022332816 
-14.153456566090203 
-14.091765121885821 
-14.092390258588258 
-14.464325349233224 
-14.481698495695127 

 Time 
56.81977701187134 
