Energy 
 
3.644175773884647 
2.777402648099276 
0.19316576671888558 
-0.253249136192236 
-2.7645419840775 
-2.809788927374565 
-2.762052840490325 
-3.6433808095663314 
-3.4423145668616812 
-3.3687773772200784 
-5.524807446357523 
-6.307964353934859 
-6.623040892921342 
-3.5272530605577224 
-4.08658420293067 
-4.010255679241118 
-4.006288213329612 
-3.7234446604962823 
-4.222878151969771 
-4.662819307967369 
-3.9100887565647184 
-4.62550147557406 
-4.789723490987017 
-7.352031061656645 
-6.024956627960117 
-6.970144151872687 
-9.060758466834887 
-9.771135423961436 
-10.56806433206132 
-10.979295922720262 
-11.919203855035898 
-11.919658094876526 
-11.657941747909089 
-11.91419029607515 
-10.498050737191443 
-10.240993498007674 
-10.30462866698399 
-9.354244693080835 
-9.93510628955958 
-10.932409001723219 
-12.65285585718802 
-15.176490923839399 
-14.985216693384196 
-14.383869669610917 
-14.051481734246186 
-11.182856525194023 
-11.199746064741763 
-13.337310973429139 
-12.940910783493319 
-12.743068997311001 
-12.995978113701575 
-13.579121311254811 
-15.966337476544034 
-15.943774569118009 
-16.10227026431624 
-15.942697431961964 
-15.713515048279804 
-16.214799043751412 
-16.21037871867659 
-16.26972545190941 
-16.00554528108953 
-15.938672663963079 
-15.952793346155774 
-16.06622928882561 
-15.741299666244768 
-16.09335883905833 
-16.111947153947625 
-16.179796224448026 
-15.375602080899343 
-14.955705266257757 
-14.892794767694388 
-14.927457347094574 
-14.135517047506927 
-14.16481180514643 
-14.18144319263859 
-14.209467198271383 
-14.29125198313276 
-13.886035073159297 
-13.92110727418298 
-13.944664737980895 
-13.578681826291925 
-14.151830716518035 
-12.634592666468526 
-12.762260898041562 
-12.676716557177508 
-14.488585524645911 
-13.48654630995579 
-12.793765040223937 
-12.584483924591112 
-9.84332318222229 
-8.444955854792244 
-8.401019384107185 
-8.428611603630554 
-8.37316260113088 
-8.740125605741861 
-8.83152448013458 
-8.67537311289234 
-8.767769300786046 
-9.017752119375627 
-10.465187423964414 
-10.332892302415106 
-10.262624621321386 
-11.699913631499214 
-11.730813527329689 
-11.731462588358118 
-12.240351071797818 
-12.087616539431036 
-12.268505124214824 
-14.192933149629123 
-13.659274866352911 
-14.060865522655844 
-14.537259871996836 
-14.544229687944428 
-14.511566526040113 
-14.667651995680071 
-14.807314384520978 
-15.496124558055635 
-15.630908754458915 
-13.171838397518552 
-13.138082174889387 
-12.916208293068225 
-11.429910295871764 
-10.46323883290318 
-10.896948218202414 
-11.408485341621464 
-13.032041131102456 
-13.650960256744858 
-13.57911429550517 
-13.262288874614853 
-13.651901282477038 
-10.736483353640704 
-10.812288173762502 
-10.020479225830679 
-9.664336892281982 
-9.694673303710049 
-10.518343243463324 
-13.375041490398155 
-13.879614625283626 
-13.853755173823414 
-12.077855405829707 
-12.284911303788034 
-12.144649211078868 
-11.914648261302073 
-11.975281747785813 
-11.403290758696066 
-12.42940599598321 
-12.707721044458847 
-11.722128779118142 
-9.978286771425022 
-9.848213295065039 
-7.592103450127461 
-6.7449747736179475 
-7.138042345752202 
-7.1632589708560825 
-5.61492287310944 
-10.03116524957827 
-9.780815417941241 
-9.782954312714535 
-9.949034768301253 
-12.696159377783992 
-11.467293785962772 
-11.29278536444182 
-12.489597904812092 
-12.583449696195027 
-13.616894912741984 
-13.852769965880986 
-13.12383779245578 
-12.359513032682997 
-10.435717105069504 
-10.342975508689829 
-12.886057533388268 
-12.939873743892367 
-13.337865163856016 
-13.463342842035967 
-14.046349095727836 
-14.424145761808191 
-14.443224622009996 
-14.192522833564501 
-14.164177373130686 
-12.39549626478823 
-11.981039279746929 
-13.328674501596673 
-14.016896913762158 
-13.627023553069034 
-13.84700228675675 
-13.88594819974304 
-13.801734582445496 
-14.149596333849663 
-13.587716287705641 
-12.296834016051722 
-12.164804070218187 
-12.582342807074193 
-12.999382225521723 
-12.642756854185528 
-15.23905791381432 
-14.54928512885484 
-14.293777218189497 
-14.266569578065527 
-13.934520499769906 
-14.32365124633704 
-15.206258285783615 
-15.034011975414675 
-14.658135285699274 
-14.446574351068682 
-14.726691604750323 
-14.482626481517814 
-13.972601078136474 
-14.203538773915337 
-14.579973532224205 
-10.914761152364386 
-12.695657209251564 
-13.128784260254802 
-12.08886807895161 
-15.683833113371742 
-15.40467506048742 
-13.938308261513985 
-14.598178394032725 
-14.88468695129116 
-14.857627325206803 
-11.957071210531542 
-12.299902094819757 
-13.011994750114415 
-15.675712722532309 
-15.693211494301227 
-15.798961741434091 
-15.959439663945533 
-15.55289667096394 
-15.546185015595215 
-15.487672216319707 
-15.462542729078306 
-15.294078126651701 
-15.291678324853628 
-15.288289804457337 
-13.903975628602664 
-15.802388579611543 
-15.801211468175893 
-15.833389680951505 
-15.394643785390562 
-15.433720150334361 
-14.648270351261901 
-13.508837001343386 
-13.71441038259793 
-11.750251300570527 
-6.3882099962987695 
-6.843335677246344 
-6.921763211235659 
-6.876888960106728 
-7.028374367343767 
-8.319153550362088 
-8.541420671067986 
-8.82399770151892 
-8.701072066404482 
-10.822906847139064 
-11.064163399440828 
-10.91659488609608 
-10.727410825043634 
-10.659545131230567 
-9.66703181297963 
-9.852262062456667 
-9.645819638216002 
-9.586093550092201 
-9.515942923561534 
-12.254218224549325 
-12.241529209759412 
-12.416082438880672 
-13.012971863294789 
-13.095763686279202 
-13.09642844508058 
-13.475583526860603 
-13.227693375805433 
-11.957337281497963 
-11.9358480106664 
-11.709980820373097 
-11.14784314495824 
-11.155838205017684 
-10.987027991979636 
-11.598716734076886 
-12.216954769695235 
-11.606082771829332 
-11.752590348845661 
-11.215496934382381 
-11.624214736274954 
-11.232821681750051 
-12.306903746760039 
-12.197978511705177 
-11.515912751859096 
-11.436685530030333 
-11.393213694135666 
-10.122176192367181 
-10.957288874602687 
-10.95727315838424 
-10.965117711402565 
-11.548329969556791 
-10.089213909585991 
-9.798244554395183 
-9.440735643263862 
-12.067904767839751 
-8.527642072255091 
-8.724026206597449 
-9.047187186853861 
-9.59034169092983 
-9.786654681931605 
-10.135473670859364 
-10.131978166647018 
-10.390008697783527 
-10.48755372768219 
-9.755144745757036 
-9.894050092228978 
-9.950596188420548 
-10.235587606371269 
-10.403479587007348 
-10.611811301197273 
-10.90276842622725 
-12.245819774343438 
-12.371052848008006 
-12.624463335833687 
-12.653906114550823 
-12.650662992545154 
-12.746231864452103 
-12.77950366996475 
-13.205847697625856 
-13.321606642500793 
-13.632056245308219 
-12.887217683616706 
-13.329868395207619 
-13.330422801664625 
-13.229153399344554 
-13.19559303597092 
-12.993473395008138 
-12.992946060112642 
-13.499853498539759 
-13.466948674410332 
-13.4886591622601 
-13.696438508529804 
-13.548929275980624 
-14.42075847830977 
-14.56281551170308 
-14.579286755807559 
-14.488924113978095 
-13.848673111195332 
-12.26267063142522 
-12.413733996708611 
-13.206106525630606 
-13.688919506805352 
-13.535995142962438 
-13.648434671066962 
-13.46369339282679 
-13.405676998866664 
-13.77938291764544 
-13.77938432062098 
-12.084014929167578 
-12.658542476946502 
-10.700927183834203 
-10.685081388861306 
-10.68797380044759 
-10.861630151545711 
-11.555229649755846 
-11.614988710225731 
-11.622072763159075 
-12.270339787155482 
-12.076419115717602 
-12.101628330925536 
-12.349469983275634 
-11.547231919174738 
-11.454592244505319 
-12.382031912222871 
-12.569191984952202 
-12.047228098921936 
-12.255174201495473 
-10.929101819143964 
-10.99088860855174 
-10.907056271513067 
-10.827556969155697 
-11.413071797127106 
-11.449771937500108 
-11.285573492707016 
-10.955472485358326 
-11.907853261305128 
-12.201784920169471 
-12.195504360156185 
-12.74112908256718 
-12.745369604024395 
-12.79728323851767 
-12.549304204218542 
-13.020885946969868 
-13.057597801859222 
-12.869466952772846 
-12.68860675282807 
-12.648615952512227 
-11.868647434486665 
-12.28520535334233 
-12.200946553647011 
-12.21266564308316 
-12.543794781865172 
-12.557278832321053 
-12.575702567663562 
-12.594709089612353 
-12.559309657311116 
-12.174069183519087 
-12.367564224204417 
-10.216574962138798 
-10.135973123468542 
-11.467216192332513 
-10.914920802365188 
-10.737346800833437 
-10.149407475028985 
-10.00791810257226 
-9.883843225327022 
-9.66732875135432 
-9.901309173604766 
-10.421980031224887 
-12.970133177224278 
-10.311333902905504 
-9.496534525019298 
-9.276574669098071 
-7.105641493470119 
-7.212423697485422 
-7.209570072380851 
-8.447113434461775 
-8.854442281508984 
-8.865076032282454 
-9.423237059238824 
-9.501811428274026 
-10.695509949301576 
-11.3999961333261 
-11.518468158937454 
-11.63844765584146 
-11.592436157433964 
-11.750927035224695 
-11.34799334573426 
-10.829587100305897 
-10.812545688507637 
-10.681869495956473 
-10.224348793066103 
-10.201751501832486 
-9.916887265451425 
-10.02389778249322 
-10.467685225702803 
-10.742063021098831 
-9.95384686960644 
-9.934787119465945 
-10.685053066709738 
-10.629689262997395 
-10.660838113297988 
-9.755217661120795 
-10.429662673467014 
-10.749709181598847 
-10.512736930446975 
-10.809796540184768 
-11.509388427017626 
-11.329977697409225 
-11.330756634063393 
-11.066187478189411 
-7.995513030202952 
-8.217978071051826 
-9.005184236532937 
-9.17811111684213 
-9.794841120246993 
-9.831733586682418 
-10.323457229177995 
-10.342416225550753 
-10.105015554617387 
-10.111821485754838 
-10.5914144640601 
-12.861540160267491 
-12.850261860249416 
-12.875513047565262 
-12.828111362197916 
-12.75087543640263 
-12.743588267257845 
-12.641367943356505 
-12.555566883726772 
-11.545821247193873 
-12.110008946538013 
-11.76531689479096 
-11.719321281583136 
-12.796111808496763 
-8.738400056547768 
-9.669359898070242 
-6.19501091698183 
-6.695453725533456 
-6.687664388054492 
-6.70774739466114 
-8.335340459517433 
-6.918364152139475 
-5.832617365945556 
-6.338652548385479 
-9.71006093949238 
-9.693259365141005 
-9.643636579934597 
-10.37976257781816 
-10.647321464060713 
-10.658844341095127 
-11.270081188126808 
-11.473129309378828 
-11.656554289765086 
-11.706063924847227 
-11.562607924665388 
-11.61263179633313 
-12.07877440245188 

 Time 
98.13111877441406 
