Energy 
 
-0.3013136220446028 
-2.14764921999597 
-2.2386471018763334 
-3.8176631918979704 
-3.819281930482129 
-3.6885968943001974 
-3.6728903653741662 
-3.629631759730637 
-4.243446583108937 
-4.033139476943932 
-4.030382734894157 
-4.152592642233272 
-4.146674707819571 
-4.093146738885202 
-5.25316099074494 
-5.469608194322927 
-5.910954756196051 
-5.750880531415063 
-5.75673298941448 
-5.791414696054914 
-6.056171371444684 
-6.033246970324783 
-6.208341168967846 
-6.338819845984917 
-6.24971769959148 
-6.045464261888011 
-6.166657578344546 
-6.346858561651737 
-6.410551973789099 
-6.34197357931 
-6.589916031582391 
-6.511405549066355 
-6.677826524490284 
-6.727541407356998 
-6.608451923578608 
-6.569520818478154 
-6.553913492342762 
-6.6611518803154635 
-6.89948086136039 
-6.8010255151253425 
-6.6443658213487 
-6.59195814619611 
-6.588430058875112 
-6.429602129798414 
-6.426829320807588 
-6.509390829185148 
-6.607790195990852 
-6.922612821424287 
-6.89636155017482 
-6.546392395639975 
-6.648937449394031 
-6.95324602143988 
-6.940457227665123 
-6.913970748072046 
-6.693872638196298 
-6.695956557689342 
-6.971333336029624 
-6.8635932610850885 
-7.182086184368997 
-7.1659373687747285 
-7.169127749660797 
-7.187949817563262 
-7.4210566601140195 
-7.288813402672179 
-7.268305421623859 
-7.453241724160329 
-7.995361887729091 
-7.996319371974475 
-7.992301101534764 
-7.852232483183679 
-7.4932101656062695 
-7.209505369860667 
-6.808258823733185 
-6.2614383432091065 
-6.547578584168901 
-7.450589964995298 
-6.903320689465932 
-6.645110564240226 
-6.005713841762212 
-6.217568066885748 
-6.252644343452341 
-6.111915519615834 
-6.153989636134267 
-6.435580366734236 
-6.412920450962221 
-6.9743558423341305 
-6.9776225768642455 
-6.965538240280917 
-6.9504650846714675 
-7.084851806425035 
-7.008904791009465 
-7.151056361285346 
-7.195073005207984 
-7.058265515997593 
-6.970935620238557 
-6.974515383549344 
-6.820494702517406 
-7.593505928563614 
-7.701778408103569 
-7.704271355974993 
-7.716209414646183 
-7.435248129868558 
-7.4452655866892234 
-7.39957758226941 
-7.435210427829682 
-7.652606590344104 
-7.622568294704858 
-7.627787156077079 
-7.591066306398203 
-7.752836024588469 
-7.679538854985573 
-7.581599622071696 
-7.6487355341423395 
-7.8694913203058015 
-7.702441014693146 
-8.02822131906237 
-7.988139076674577 
-7.772126229351309 
-7.783456859556416 
-7.76029694753806 
-7.686424719875803 
-7.744314344352013 
-7.869114607023813 
-7.975322172615951 
-7.838284691138145 
-7.84191991074687 
-8.102179010728134 
-8.134654717333868 
-8.133869809896039 
-7.856821311389979 
-7.626728058756599 
-7.705229104519556 
-7.610671968888296 
-8.421948548068777 
-8.403150352007025 
-8.421853604791506 
-8.351233992509975 
-8.335501937318249 
-8.352290947218906 
-8.391906647054576 
-8.391605692679272 
-8.397029927857444 
-8.464910465628646 
-8.46709162773632 
-8.491169336242294 
-8.49005594620372 
-8.492548325556132 
-8.487934725813522 
-8.506533251951172 
-8.512557628107743 
-8.516838330280192 
-8.591634510634782 
-8.54183899518264 
-8.573491249755177 
-8.577571999738666 
-8.571028489204705 
-8.570290257021885 
-8.572908307639377 
-8.590006602022537 
-8.591218525216304 
-8.593759420729299 
-8.59099535031227 
-8.592230791933334 
-8.62242673451523 
-8.610767038607763 
-8.627174031497901 
-8.615682330782104 
-8.602956129874643 
-8.630582149221041 
-8.627418485808901 
-8.633271623660912 
-8.63835099921592 
-8.69287449924995 
-8.698548290879069 
-8.702401189056676 
-8.697809440536274 
-8.689297209602962 
-8.700428410029444 
-8.700424039524059 
-8.694273594742468 
-8.692855278768343 
-8.694309051898921 
-8.714785242909027 
-8.715343393492818 
-8.781353413299112 
-8.778214827203323 
-8.778911564845602 
-8.776783843950776 
-8.79135154957137 
-8.799799783632258 
-8.80302537492425 
-8.802555360757912 
-8.804039748130489 
-8.804055026696732 
-8.805118869710714 
-8.805011021888124 
-8.805004420977575 
-8.80516286029604 
-8.806109512575219 
-8.808153915911797 
-8.807735174728704 
-8.807274396425393 
-8.806429133928248 
-8.80655021680585 
-8.806878863376333 
-8.808545043432053 
-8.815240149736567 
-8.815144237641011 
-8.816146243566823 
-8.821148252074472 
-8.82235929237298 
-8.82028891845896 
-8.827772462060626 
-8.827691658318088 
-8.828180676213226 
-8.827478588742574 
-8.827361108222957 
-8.828624432504729 
-8.828595884152802 
-8.828710439733277 
-8.828740096312412 
-8.831486801272387 
-8.831488233847839 
-8.830312984885564 
-8.831689843015907 
-8.831646256787131 
-8.831963186677719 
-8.832033221228357 
-8.832883293354776 
-8.83710536871932 
-8.83708350713376 
-8.837159631724226 
-8.838401060613219 
-8.83852252506973 
-8.838493501736538 
-8.839135013293937 
-8.83913693545177 
-8.839679593567883 
-8.839773311295339 
-8.839757875524091 
-8.839871039621762 
-8.839974925417584 
-8.840013407003973 
-8.840170915781354 
-8.840346997838774 
-8.84036587527689 
-8.840368029780828 
-8.840377960001575 
-8.840664388354908 
-8.84077588826977 
-8.840911252627066 
-8.840930518518293 
-8.840975610175231 
-8.84115925179314 
-8.84117846343141 
-8.841468251115668 
-8.841474685801932 
-8.841543180574474 
-8.841542571383417 
-8.841542305455892 
-8.841811320325373 
-8.841991861628939 
-8.842335964493188 
-8.842471229126957 
-8.842438409913115 
-8.842539170183954 
-8.84259044427457 
-8.842584164690233 
-8.842664311483263 
-8.842662974728817 
-8.842707821364279 
-8.842794357450266 
-8.842781650034825 
-8.842803428201963 
-8.842723269852392 
-8.842847047263461 
-8.842923093497502 
-8.842935343803063 
-8.84303610223354 
-8.84316297572931 
-8.843147526494851 
-8.843147339985293 
-8.843143112242576 
-8.84338021253793 
-8.843395973749777 
-8.843432831567078 
-8.843434390564601 
-8.84343385172375 
-8.84343357578757 
-8.84342948468472 
-8.843521413580634 
-8.84352343916336 
-8.84351238936643 
-8.84351304291683 
-8.843505702019419 
-8.843616537423603 
-8.843650333080253 
-8.843662358511391 
-8.843662955540708 
-8.843669334244234 
-8.843673900342031 
-8.843686807530402 
-8.843711451619221 
-8.84375107681767 
-8.843766912205531 
-8.84377045721709 
-8.843796155760991 
-8.843827755948631 
-8.843839506799265 
-8.843855500009864 
-8.843858344606131 
-8.843945000455959 
-8.843955175232004 
-8.843964731368981 
-8.843965391507773 
-8.843972649786132 
-8.84397443455043 
-8.843973355562678 
-8.843993172493736 
-8.844001366954322 
-8.843997794959014 
-8.844000216394894 
-8.84404162319152 
-8.844041707274757 
-8.844047116432067 
-8.844047644575118 
-8.844050407489506 
-8.844058397028407 
-8.844057923676099 
-8.844057131346556 
-8.844059105946261 
-8.844061758268221 
-8.84406545894669 
-8.844065178984026 
-8.844068907869017 
-8.844068363300524 
-8.844068604532453 
-8.844071479073499 
-8.844076872508218 
-8.844076916626006 
-8.844083052976064 
-8.844083264497295 
-8.84408406246495 
-8.844088298947486 
-8.844087920463133 
-8.844107068987823 
-8.844108473955073 
-8.84411286084555 
-8.844112744804654 
-8.844119392793932 
-8.844120266726515 
-8.844121061377058 
-8.844120818218634 
-8.844123251244467 
-8.844129097328842 
-8.844129796505204 
-8.84413361080888 
-8.844134035965364 
-8.844133446482193 
-8.844133998136497 
-8.8441350580625 
-8.844139186079751 
-8.844140838457923 
-8.844141115540799 
-8.844141053856077 
-8.844142526566419 
-8.844146502579026 
-8.844146635558106 
-8.844146636668565 
-8.844146841080216 
-8.844148213998443 
-8.844148274394303 
-8.844150856843026 
-8.84415150953563 
-8.844152839937461 
-8.844155148705122 
-8.844159400046097 
-8.8441596034917 
-8.84415967612607 
-8.84415966791816 
-8.844161356164205 
-8.844163951037006 
-8.844163873280566 
-8.84416465368468 
-8.844164883965268 
-8.844164572018686 
-8.844165660480787 
-8.844165606136707 
-8.844165538473305 
-8.844167720692559 
-8.844168023507075 
-8.844168316080987 
-8.844168454385787 
-8.844168512657435 
-8.844168484941287 
-8.844170174443963 
-8.844171027763545 
-8.844171142288033 
-8.844171190038958 
-8.844171281703103 
-8.844171675181194 
-8.844172212819412 
-8.844172214078782 
-8.844172697155757 
-8.844172711844857 
-8.84417306710703 
-8.844173254376358 
-8.844173472796639 
-8.844173466368733 
-8.844173463440963 
-8.844173473760911 
-8.844173682852754 
-8.844173707454384 
-8.844175216311465 
-8.844175217719947 
-8.844175228778907 
-8.844175822817034 
-8.844175889262965 
-8.844175879040352 
-8.84417588414207 
-8.844175999753185 
-8.844176128271531 
-8.844176466146395 
-8.844176620006634 
-8.844176623895226 
-8.844176610114705 
-8.844176707684127 
-8.844177101391612 
-8.84417744917084 
-8.844177469200428 
-8.84417766995261 
-8.844177748497994 
-8.844178037491528 
-8.844178074983484 
-8.844178173460557 
-8.844178241650559 
-8.844178248600787 
-8.844178269948141 
-8.844178268176565 
-8.844178646249713 
-8.844178646729103 
-8.844178846842864 
-8.844179025106415 
-8.844179055150553 
-8.844179054049606 
-8.844179052846618 
-8.844179058265663 
-8.84417907231408 
-8.844179128742692 
-8.844179128732064 
-8.844179125923473 
-8.844179216777327 
-8.844179262275063 
-8.844179284001616 
-8.844179325521116 
-8.844179346211602 
-8.844179376368828 
-8.84417941544769 
-8.844179415029632 
-8.844179407289127 
-8.844179558433794 
-8.844179562655711 
-8.844179567980264 
-8.844179568055429 
-8.844179681803634 
-8.844179767010916 
-8.844179778752851 
-8.844179788217227 
-8.84417980625942 
-8.844179801827746 
-8.844179819059393 
-8.844179839820812 
-8.844179840372544 
-8.844179855313119 
-8.844179899471365 
-8.844179903529556 
-8.844179956273578 
-8.844179954773256 
-8.844179966674394 
-8.844180012969172 
-8.844180025509427 
-8.844180097148968 
-8.844180168702438 
-8.844180172715411 
-8.8441801856208 
-8.844180193626977 
-8.844180341360008 
-8.844180337211345 
-8.844180327488846 
-8.844180326011603 
-8.844180325988368 
-8.844180319784353 
-8.84418032816668 
-8.844180339569835 
-8.844180339396326 
-8.8441803999782 
-8.844180401667911 
-8.844180411866146 
-8.844180415032868 
-8.8441804256193 

 Time 
12.644024133682251 
