Energy 
 
3.644175773884647 
2.6126944819371234 
-0.0027363704452553206 
-0.25580174715858095 
-0.4663934262804035 
-3.249507618695933 
-3.9717629152533718 
-3.9723014936118832 
-3.9091201052360125 
-4.038133817987606 
-5.258256735112861 
-6.18045879198937 
-6.582354872189933 
-6.400861366363821 
-6.450546315534555 
-7.094124057010294 
-8.367628066537039 
-8.916941459584423 
-8.850510427635019 
-8.944065176432696 
-8.650990983929226 
-8.937377332447637 
-9.18228699584817 
-7.608965131660907 
-7.596150506832417 
-7.770913528499225 
-7.297322480270387 
-7.313777342939101 
-7.273592947160659 
-9.404767761496029 
-9.724660913676672 
-9.422607282379275 
-10.629065360735927 
-10.630824770929628 
-10.588947166656416 
-11.198740922291485 
-11.27680425766086 
-11.27800591479664 
-11.218932873333431 
-11.128210759826754 
-10.854602733826349 
-11.968996096227093 
-11.19753850724122 
-11.952863878702988 
-11.88344622335947 
-11.935232037567285 
-12.462469259528337 
-3.501767905058718 
-4.182783680580901 
-4.194987782221949 
-4.5947376927698205 
-4.667694187244304 
-4.856233081264995 
-4.860621489154338 
-4.878748513512953 
-7.070099967608865 
-7.247944467116583 
-9.27014389016908 
-9.23070053250055 
-10.325426974670407 
-10.163930973556504 
-10.81199581820741 
-8.405219974075061 
-8.566902170937121 
-9.28061315132134 
-9.538922660114876 
-9.542226216212889 
-9.688868863377818 
-9.703970080560856 
-10.01971239183117 
-11.689826098376852 
-12.29466379266205 
-12.3709063238117 
-12.114070880066746 
-12.102998052131813 
-12.086308553917947 
-12.144987683681236 
-10.163856416472179 
-9.72641532461977 
-12.767746271269926 
-13.809125137234084 
-13.511133173957626 
-13.193271623085241 
-13.92297117003178 
-14.059536666121867 
-14.305830377675427 
-14.216470459943665 
-14.046826344706862 
-13.14979803556486 
-13.080987886289366 
-13.386350444445707 
-13.701125513547863 
-14.00227869916943 
-14.00286350631466 
-14.296022623695379 
-13.416418578809242 
-12.179191859119717 
-11.835374362142389 
-11.719481148031948 
-11.346021708446704 
-13.366179374115962 
-13.29651650711656 
-13.3305233152966 
-15.138205785421382 
-15.113069561400245 
-15.206946580527033 
-15.326958496848269 
-15.58646797350121 
-15.649233860347133 
-15.64350901630576 
-15.66196398578063 
-15.339272400327442 
-15.360536638150633 
-15.776704878243695 
-15.778052770623056 
-14.979669399317808 
-14.667414984492165 
-14.639867273020139 
-15.038118406437281 
-16.317674569182458 
-14.751838072380268 
-15.701375758133835 
-14.764878221110052 
-14.616590423382004 
-14.631208301832896 
-14.474175083427863 
-14.442778478556862 
-14.31607792856414 
-14.050317162160248 
-14.110565260338026 
-13.737819559085105 
-12.977731179557498 
-12.983499928102674 
-13.808654569157998 
-13.779129767520676 
-12.84244350222933 
-13.149947685824316 
-13.257656097460924 
-13.290541732202893 
-13.059457516449283 
-13.057552181184455 
-13.181096130563313 
-13.536816057352794 
-13.700722890360426 
-13.858253962450306 
-14.25607189658538 
-13.10824963678938 
-13.168130350689145 
-12.211441809086876 
-14.569433166556477 
-14.712537214270135 
-11.431389171909206 
-11.681898041171207 
-12.269577165004103 
-12.762743630017875 
-11.807605932584945 
-12.044311824739996 
-11.571434701593166 
-11.57467893107643 
-12.99511707075336 
-12.977250721086552 
-12.978112142860041 
-12.470416987973733 
-13.60312515533218 
-14.206888286936827 
-13.977509184008667 
-14.240536167574655 
-14.241936371290912 
-14.267019684440747 
-14.26058753622845 
-13.97985332722112 
-13.849979781362697 
-13.854001355698282 
-13.730762614485881 
-13.875043216545167 
-14.50389202620812 
-14.675498740565457 
-14.855259042914502 
-14.252128944317992 
-14.257976179541387 
-14.117358956035265 
-13.861261981432015 
-13.773787604691126 
-13.572274155927758 
-13.77932916158405 
-12.651374120366842 
-12.657299822709964 
-12.24576302946014 
-12.283368777972603 
-12.10085205145641 
-12.487334869848553 
-12.45898045630804 
-12.309117462441971 
-12.383231896130125 
-9.44411554827262 
-8.121913264764752 
-6.366883726841317 
-8.131765997920338 
-8.075095377002215 
-9.237536309642465 
-9.237601054407065 
-9.242254055604759 
-9.302956865882305 
-9.288572938891145 
-11.92588281088687 
-12.169233140029707 
-12.255458381630119 
-9.575536922389924 
-9.407353468622112 
-9.21325662232078 
-9.711164052042811 
-10.177901620486871 
-8.997561564814736 
-8.966947771093311 
-9.371363465019195 
-9.775031792530998 
-9.78098061908642 
-12.110371669700086 
-12.367437711296212 
-12.05783089040838 
-12.086794228092995 
-11.967248557433406 
-12.893452136492716 
-13.518966415893459 
-13.661943553356858 
-13.008180353121212 
-13.886472982637885 
-13.656866210492685 
-11.752017497686193 
-11.493558680940623 
-12.001064461264445 
-11.920455558843042 
-11.919843023019505 
-12.867612584060264 
-13.055186208791477 
-13.302535689702275 
-13.815852920764936 
-14.801895666001036 
-13.910928389838267 
-13.795043079896587 
-14.15681897947891 
-8.828869360742683 
-9.768817116888966 
-9.767615213231501 
-6.625603657345453 
-8.003686279492165 
-10.931712637074268 
-10.841475650637644 
-9.392480118941322 
-11.873525937243592 
-11.742218701855723 
-12.775241017731155 
-12.772725164552691 
-12.104450194302535 
-12.51338357954966 
-13.137855990092934 
-12.230063508058375 
-12.416017842516244 
-13.265146343311505 
-12.854922943958695 
-12.90449600549147 
-12.814679474639032 
-12.897169768667847 
-12.612571880623738 
-12.61070955060655 
-12.45687769348672 
-12.435819883470309 
-12.313447116599132 
-11.940742479144406 
-12.320475661483052 
-12.31696445986641 
-10.95224886730999 
-10.980386480776515 
-11.341296187846119 
-12.138185638899431 
-11.274752001721447 
-11.466459329186426 
-12.16172952457572 
-12.212089233918688 
-12.02271385062984 
-12.482349590487642 
-12.442541033457422 
-12.437843995944906 
-12.169464759459467 
-11.959012517873504 
-11.309196645158908 
-11.320074652574284 
-11.349436876231346 
-11.311279603681905 
-11.229647353240095 
-11.382669509771235 
-11.507122857296158 
-11.680337292229456 
-11.765225519475745 
-11.725640246266291 
-11.705084536694063 
-9.86043128678888 
-10.87556856980025 
-10.53604083585182 
-10.52567507489739 
-11.795295440048179 
-11.713615025352253 
-11.501961698053748 
-11.505626305469324 
-11.057612813633034 
-11.283758283275025 
-11.602792495039363 
-11.78417495113427 
-11.70270392748735 
-11.05252075586085 
-11.662035468712492 
-12.11276201992111 
-12.081413827027577 
-13.20133220414834 
-12.710007945249538 
-12.706794200934558 
-11.593400616942903 
-12.052146287772107 
-12.475121924148754 
-14.57495398579152 
-14.556040411247976 
-14.342417922410142 
-14.460587680275319 
-14.572277357196487 
-14.38342370297037 
-14.456600995957599 
-14.447267571982312 
-14.443552911958413 
-14.15119845844475 
-14.390429827222803 
-5.437012504641322 
-5.438569367079535 
-5.866538268634639 
-7.473308292833963 
-7.342591890156172 
-6.873344396877851 
-6.767519372828546 
-8.952985805869618 
-9.06832652101506 
-9.321881717456412 
-9.25714511949589 
-9.191285393257774 
-9.189133189180446 
-9.39815976029094 
-9.630778402344404 
-11.955416286162292 
-11.32170682405446 
-11.111907872198623 
-11.102174825246133 
-11.130266039985184 
-11.14362381546106 
-11.055955701169825 
-11.465583966035403 
-10.824814996458393 
-10.932419955981224 
-10.430958800934768 
-10.637819171611941 
-10.084562256054314 
-7.88519204021155 
-7.602698587201322 
-9.275124499944226 
-9.683190703707709 
-9.4881540355008 
-10.270318386602757 
-11.175566666494975 
-11.233780534773796 
-11.347001674772175 
-11.010356205508781 
-9.378275999833807 
-9.248983830808701 
-9.207409263392423 
-11.3788823645516 
-10.386941881933597 
-10.52338421752866 
-10.67655195953045 
-10.786483256656563 
-10.874226324707873 
-10.995940590178058 
-10.888591393968605 
-10.87878014358603 
-11.366471304448272 
-10.861977017609899 
-10.883168930396442 
-10.569638181367878 
-10.838775240069785 
-10.356641205913025 
-10.496334766710687 
-10.099737687454391 
-10.25638164174772 
-10.10572999155663 
-9.998592079721698 
-13.758821491161367 
-13.776653411403633 
-14.217997443471626 
-14.131110096314211 
-14.139831693641558 
-13.911324202377756 
-14.221068486300648 
-13.57995236931879 
-13.499111501284789 
-13.700742298807164 
-13.799176887887006 
-13.975947689551594 
-14.827243243000574 
-12.061563973615781 
-10.754849647419803 
-11.795050007561164 
-6.7046809454274126 
-6.6818895931809505 
-7.440225937789207 
-7.261583800144849 
-8.652182899590402 
-8.502241692615844 
-13.596526044883266 
-13.06005164007828 
-13.140670371546106 
-13.036797189073217 
-14.649332618196869 
-14.526270433076649 
-14.602104522499047 
-14.873230639492633 
-14.968649683133965 
-15.186576094756086 
-15.341344445231309 
-15.285757022776874 
-15.30340274545139 
-14.434157271459107 
-14.5188340528053 
-14.553855197384259 
-14.475135621411582 
-13.935561252990649 
-14.563402832709416 
-14.22662243594543 
-13.95937669287029 
-7.459461096265539 
-4.349868180486948 
-7.51379988216326 
-7.700873803445091 
-8.815961671689415 
-10.316325889063254 
-11.512474766432412 
-11.590794316336085 
-9.809960658463213 
-11.192894575873977 
-11.24562957457456 
-10.983894980718446 
-9.750781026780231 
-9.683015091437746 
-9.740538021425284 
-10.018370015704932 
-8.74623259739508 
-11.288122964324623 
-9.229263001109917 
-7.5195404595108295 
-11.354925196660572 
-11.897633409068508 
-11.25777178157789 
-11.10121627141842 
-10.66162820432154 
-10.973171280753293 
-11.714534640914422 
-12.040997991139436 
-10.346111466972214 
-11.31271049171653 
-12.696697503782362 
-12.771996756090877 
-12.846055865057508 
-12.823257437672371 
-12.646082493006949 
-13.180674864831479 
-12.781689312184247 
-12.216576357615569 
-12.437401922318138 
-10.486419281823476 
-10.28625541003733 
-10.300674466419927 
-9.967706709796918 
-11.514269294087729 
-10.980878335797291 
-10.838328172096778 
-10.909649150513358 
-11.693653213277802 
-11.681447334880056 
-11.161834054478819 
-11.97466157444752 
-13.507492443310577 
-10.005820079191697 
-12.23005926387491 
-12.206663359143992 
-12.25528315764223 
-12.361220856932128 
-13.167158542370327 
-13.015992218546188 
-10.941253353418615 
-10.937746680604453 
-10.653511608869547 
-11.039649690940548 
-11.02271655920141 
-12.044768230964586 
-11.364575776603202 

 Time 
106.64251208305359 
