Energy 
 
2.3693496930821554 
2.362449678962797 
2.2034578596564653 
1.4134632512279919 
0.21635592872569864 
0.19688469881837967 
0.1395483603462646 
-0.9600652083765394 
-0.9143216476712431 
-0.9106473315466257 
-2.290227080778336 
-2.5223616593720384 
-2.9999443916510997 
-3.0636693641782706 
-3.0383846283913036 
-4.180993781738008 
-6.08117074085048 
-6.12055313652281 
-6.2085949426588085 
-6.200275886642395 
-6.629542259855759 
-6.636141413239313 
-6.936353102480572 
-6.544775358734724 
-6.798012636494145 
-8.347190650686471 
-8.466414439565877 
-7.898923624334492 
-8.09840651564378 
-7.992154026035841 
-8.214315173476667 
-8.650592545805312 
-8.885090596143403 
-9.192636855142005 
-9.241725394397204 
-9.223914661810008 
-9.368433911443427 
-10.583970889334712 
-10.59459457948721 
-10.430390474293969 
-10.203097517318545 
-10.654032500334859 
-11.105214983433607 
-11.14202851420913 
-11.503660131773469 
-11.52478233416492 
-11.552467619390965 
-11.565148877086564 
-11.567050987408399 
-11.579572149276014 
-11.688295878406196 
-11.713677481802437 
-11.73765885123271 
-11.819792063260397 
-12.012222405052006 
-12.011107173072581 
-12.01326425323251 
-12.04469213351019 
-12.045601772413296 
-12.046226556043974 
-12.063850673315935 
-12.090255046260861 
-12.097229590955635 
-12.111151126470522 
-12.113301723330288 
-12.113257337653426 
-12.119114473987812 
-12.118772002435243 
-12.11909398497058 
-12.119121282579677 
-12.11886695824624 
-12.118357283988686 
-12.12536574611551 
-12.179939357476215 
-12.18820595644749 
-12.18830419190514 
-12.261123562091523 
-12.260889338076458 
-12.284464329044548 
-12.287466183492096 
-12.295030534409925 
-12.293022440695696 
-12.30739195533596 
-12.308396791752939 
-12.332756563880336 
-12.341991780897676 
-12.379132510823428 
-12.47566963714735 
-12.474982996095676 
-12.474336303197274 
-12.4883060973293 
-12.488412812319705 
-12.519124789518155 
-12.515992456806316 
-12.516008726546838 
-12.516705230019195 
-12.549130652908865 
-12.549444036792742 
-12.549358453744212 
-12.552976263701321 
-12.560908314891899 
-12.566373267829013 
-12.56652840829126 
-12.569060550879813 
-12.56949671756497 
-12.59037629948153 
-12.590423357264173 
-12.590453325762276 
-12.591318825761789 
-12.594968966817374 
-12.59556606621342 
-12.59606189257499 
-12.59957954281812 
-12.60188843514279 
-12.603521459318888 
-12.603589926633266 
-12.60366005345788 
-12.604088210252158 
-12.60464084205029 
-12.610051857568735 
-12.611481550825992 
-12.613682073726489 
-12.614047675584454 
-12.614337099634378 
-12.614316330043264 
-12.614491288771777 
-12.614435317473163 
-12.615011025678548 
-12.61544789959526 
-12.615865730498456 
-12.615964936459122 
-12.616163443077513 
-12.616164394708788 
-12.616230030904216 
-12.616848804520254 
-12.617309838039144 
-12.618082467333073 
-12.61826855889561 
-12.618291391432477 
-12.619002459756066 
-12.61905997505225 
-12.619256517861814 
-12.619343903831991 
-12.619586134014554 
-12.619554480062455 
-12.619690491864628 
-12.619763336229735 
-12.619769450570518 
-12.619798013524893 
-12.619785285247948 
-12.619952628407916 
-12.619979143342844 
-12.619973986930509 
-12.619972712014727 
-12.62017145693656 
-12.620166294166616 
-12.620204064634635 
-12.62023363301005 
-12.620265358206996 
-12.620436835130844 
-12.62043238309534 
-12.620538933051249 
-12.620565535933027 
-12.62069969872555 
-12.620813077193768 
-12.620913538191273 
-12.620921465515284 
-12.620932668605061 
-12.620935708427766 
-12.621105619741225 
-12.621136184320012 
-12.621138743543336 
-12.621237550205326 
-12.621245180643802 
-12.621245845290657 
-12.621330486907977 
-12.62142631671761 
-12.621442355856667 
-12.621438858879667 
-12.62152311954624 
-12.621559965736706 
-12.621565746635005 
-12.621593457290476 
-12.62185439349134 
-12.62185705830854 
-12.621866545114656 
-12.621880113359131 
-12.621878235786605 
-12.621875310465878 
-12.621901540776737 
-12.621905954303967 
-12.621935065966419 
-12.621988162610673 
-12.62200410659738 
-12.622006394775074 
-12.62204077781696 
-12.62204792498647 
-12.622094147096147 
-12.622095736145642 
-12.622096187847518 
-12.622107938853109 
-12.622109999492762 
-12.622110102761027 
-12.622115871549806 
-12.62211594012891 
-12.622136423012195 
-12.622136064166025 
-12.622143560758225 
-12.622146445721706 
-12.622163417114779 
-12.62216396452947 
-12.622174545060014 
-12.622174646743765 
-12.622204407045034 
-12.62220428590231 
-12.622210409040822 
-12.622213213208518 
-12.622213086703312 
-12.622226895626037 
-12.62222795515692 
-12.622230027267499 
-12.622229663971119 
-12.622229282987613 
-12.622231925569107 
-12.62223316712321 
-12.622243142408283 
-12.622243803368635 
-12.622246085582475 
-12.622247987888475 
-12.62224724651341 
-12.622250561945664 
-12.622251028377008 
-12.622251016908098 
-12.62225157435448 
-12.622251518867209 
-12.622251034773655 
-12.622251294522286 
-12.622251208557007 
-12.622260791328245 
-12.622262202319801 
-12.622266362905403 
-12.622266220266905 
-12.622266521070076 
-12.622267192541706 
-12.622269454343055 
-12.622272163479531 
-12.622272549236822 
-12.622272975790608 
-12.622272920802917 
-12.622282450293074 
-12.622289723154216 
-12.62229013597568 
-12.622290932376458 
-12.62229125865743 
-12.62229344728142 
-12.622293866912937 
-12.622296810590068 
-12.62229726609575 
-12.62229727441993 
-12.622297910366688 
-12.622297907612165 
-12.622299778533465 
-12.622300323314452 
-12.622300959711694 
-12.622301124810955 
-12.622301123278547 
-12.622301322196707 
-12.622302371748633 
-12.622305367969043 
-12.62230699145271 
-12.622308618376552 
-12.62231478077227 
-12.622315649655164 
-12.622315717534883 
-12.622316407795156 
-12.622316708468244 
-12.622316703629412 
-12.622318338747359 
-12.622318824432089 
-12.6223189300146 
-12.622320617639215 
-12.622323681639239 
-12.622324545313447 
-12.622325328408914 
-12.622326543547004 
-12.622331889585865 
-12.62233187663509 
-12.622332738717626 
-12.622332685478074 
-12.622334084694314 
-12.622334296281462 
-12.62233459125916 
-12.622335970010656 
-12.622335920921984 
-12.622336170385971 
-12.622337679638477 
-12.622337636148199 
-12.622338125831025 
-12.622338456855871 
-12.622338730743634 
-12.622338723826987 
-12.622339568349698 
-12.622339521381752 
-12.622339620080998 
-12.622339523027527 
-12.622340802712266 
-12.62234078332203 
-12.622340981037658 
-12.622340930911054 
-12.622340930906432 
-12.622343365482266 
-12.622344952662186 
-12.622346584571146 
-12.62234658201203 
-12.62234666013444 
-12.62234763123697 
-12.622350040149104 
-12.622349969796092 
-12.6223510725239 
-12.62235109906783 
-12.622353024915949 
-12.622353111863088 
-12.62235307543754 
-12.6223533429903 
-12.622353809326958 
-12.622354586444253 
-12.622354876435159 
-12.62235483960947 
-12.622356136601908 
-12.622357100614028 
-12.622357890392376 
-12.622361413213927 
-12.622361746044954 
-12.622361771266188 
-12.622362439536932 
-12.622362683318535 
-12.622362763871365 
-12.62236536618224 
-12.622369562915873 
-12.62236945103485 
-12.622371330003041 
-12.622372115180816 
-12.622372629440207 
-12.622372769663189 
-12.622373078108772 
-12.622374181068194 
-12.622374461428732 
-12.622374662409092 
-12.622379608502708 
-12.622381972967423 
-12.62238281768693 
-12.622385895499654 
-12.622386449760622 
-12.622386165768216 
-12.622386405848637 
-12.622386411625863 
-12.622386503317573 
-12.622386479244215 
-12.622392660469139 
-12.622392905725413 
-12.622392999898924 
-12.622393388239507 
-12.622393388585785 
-12.622394106167915 
-12.622394064875223 
-12.622394476854698 
-12.622395454897427 
-12.622397557046442 
-12.622403482465172 
-12.622403475062114 
-12.62240344866062 
-12.622404336739441 
-12.622406931697054 
-12.622408095054869 
-12.622408643411143 
-12.622409889988031 
-12.62241183376819 
-12.622412752640331 
-12.62241279232352 
-12.622413224770952 
-12.622413724436566 
-12.622413741167227 
-12.622413737436073 
-12.62241540695781 
-12.622415580627607 
-12.62241863689777 
-12.62241872794347 
-12.622419186717735 
-12.62241958783513 
-12.622423149256562 
-12.622423179635604 
-12.622423259051923 
-12.622423478951054 
-12.622424011260364 
-12.6224241152587 
-12.622426877367488 
-12.622426959606607 
-12.622429811854298 
-12.622429865401894 
-12.622429965999494 
-12.622433579861726 
-12.622433617300631 
-12.622434475157053 
-12.622434611932475 
-12.622436397323437 
-12.622436396140102 
-12.622438434159132 
-12.622438219009407 
-12.62243836489032 
-12.622439694692096 
-12.622439920944647 
-12.62244103531389 
-12.62244195672699 
-12.622441988650067 
-12.622442408097152 
-12.622443798358564 
-12.622443800375391 
-12.622445284425917 
-12.622445812720898 
-12.622445893628964 
-12.622449078438116 
-12.622449333106621 
-12.622449343902565 
-12.622449715752676 
-12.622453604851566 
-12.622453512076873 
-12.6224544253342 
-12.622454253100205 
-12.622458677550329 
-12.622459163359029 
-12.622459710682477 
-12.622459867390605 
-12.622459804850706 
-12.622460555972427 
-12.622461050548225 
-12.622462420288052 
-12.622462662449777 
-12.622462557861272 
-12.622463567224484 
-12.62246341597055 
-12.6224632757264 
-12.62246385891002 
-12.622463892961992 
-12.622464626382767 
-12.622464597602045 
-12.6224648610398 
-12.622464845242778 
-12.622466974919044 
-12.62246689364556 
-12.622467861910042 
-12.622468066746642 
-12.622467799092103 
-12.622467842707902 
-12.62246781437123 
-12.622467840298782 
-12.62246777750948 
-12.622468012645237 
-12.622468001732216 
-12.622468910872097 
-12.622468824873934 
-12.622468784381361 
-12.62246902410604 
-12.622469200519705 
-12.622469358610738 
-12.622469335446535 
-12.622469335453388 
-12.622468827888143 
-12.622468840224123 
-12.622469827811962 
-12.622469741066789 
-12.62246960090205 
-12.622470037978493 
-12.622475020258644 
-12.622475007491637 
-12.622474888792915 
-12.622474653722593 
-12.622476290768303 
-12.622475990799725 
-12.622475991859545 
-12.62247787285942 
-12.622477884162791 
-12.622477808399632 
-12.622477689744905 
-12.622477621663908 
-12.622480917747868 
-12.622480967199273 
-12.62248069747304 
-12.622480739579235 
-12.622480788532242 
-12.622481006493496 
-12.622480944222053 
-12.62248100526001 
-12.622482125797626 
-12.622482411371902 
-12.622483403131733 
-12.622483766222132 
-12.62248395824805 
-12.622484707723887 
-12.622484706787255 
-12.622486315861993 

 Time 
30.881964921951294 
