Energy 
 
-0.3013136220446028 
-0.9383641470058188 
-1.5711139715420832 
-2.188420615137339 
-2.7802478562540625 
-3.3389541745717994 
-3.8598961747535125 
-4.341255567236034 
-4.783348428962941 
-5.187795909505196 
-5.556833828193162 
-5.892864939055432 
-6.198231615859322 
-6.47513683413971 
-6.725642769452722 
-6.95169767570491 
-7.155163929803046 
-7.337836179997184 
-7.501447846570454 
-7.647668515039059 
-7.778095993183861 
-7.894246476298106 
-7.997545337167727 
-8.089320054929408 
-8.17079596072996 
-8.243094881547451 
-8.307236394864782 
-8.36414121950595 
-8.414636208227119 
-8.45946042817304 
-8.49927187951018 
-8.534654484954414 
-8.566125067359293 
-8.594140109866238 
-8.619102159019764 
-8.641365784479492 
-8.661243050064838 
-8.67900848129901 
-8.694903536169086 
-8.709140600288514 
-8.721906536672119 
-8.733365825303915 
-8.74366332972883 
-8.752926727925754 
-8.761268643401495 
-8.768788510295062 
-8.775574203665188 
-8.781703463313526 
-8.787245136647922 
-8.792260263331988 
-8.796803021869122 
-8.80092155587272 
-8.804658695595645 
-8.808052588335169 
-8.811137249587143 
-8.813943045282658 
-8.816497114086316 
-8.818823737549769 
-8.820944664880127 
-8.822879398183789 
-8.82464544326508 
-8.826258530383196 
-8.827732808784658 
-8.829081018322613 
-8.830314641036065 
-8.831444035183948 
-8.832478553902176 
-8.833426650368608 
-8.834295971117399 
-8.835093438931994 
-8.835825326563912 
-8.83649732236545 
-8.837114588787616 
-8.837681814575282 
-8.838203261388363 
-8.838682805487787 
-8.839123975047158 
-8.839529983582898 
-8.839903759936156 
-8.840247975188506 
-8.84056506684784 
-8.840857260601584 
-8.841126589899847 
-8.841374913600518 
-8.841603931882132 
-8.84181520060666 
-8.842010144294196 
-8.842190067852888 
-8.84235616719229 
-8.842509538833689 
-8.842651188618735 
-8.842782039606984 
-8.842902939242826 
-8.843014665864095 
-8.84311793461683 
-8.843213402833962 
-8.843301674929645 
-8.843383306855744 
-8.843458810162087 
-8.84352865569794 
-8.843593276988372 
-8.84365307331588 
-8.843708412534472 
-8.843759633640875 
-8.843807049124973 
-8.84385094711974 
-8.843891593368419 
-8.843929233025609 
-8.843964092306988 
-8.843996380001018 
-8.844026288854844 
-8.844053996845325 
-8.844079668345382 
-8.844103455194517 
-8.844125497681771 
-8.844145925448867 
-8.84416485831997 
-8.844182407064633 
-8.84419867409925 
-8.844213754132456 
-8.844227734758963 
-8.844240697006216 
-8.844252715837683 
-8.84426386061652 
-8.84427419553264 
-8.844283779996355 
-8.844292669001199 
-8.84430091345855 
-8.844308560506114 
-8.844315653792643 
-8.844322233740574 
-8.84432833778843 
-8.844334000614646 
-8.844339254344153 
-8.844344128739245 
-8.844348651375812 
-8.84435284780624 
-8.84435674170986 
-8.844360355032059 
-8.844363708112814 
-8.844366819805604 
-8.844369707587296 
-8.844372387659776 
-8.844374875044034 
-8.84437718366708 
-8.844379326442484 
-8.844381315344824 
-8.844383161478591 
-8.844384875142044 
-8.844386465886211 
-8.844387942569579 
-8.844389313408753 
-8.844390586025293 
-8.844391767489173 
-8.844392864358996 
-8.844393882719189 
-8.844394828214607 
-8.84439570608243 
-8.844396521181832 
-8.8443972780214 
-8.84439798078464 
-8.844398633353466 
-8.844399239330135 
-8.84439980205746 
-8.844400324637634 
-8.844400809949553 
-8.844401260665064 
-8.84440167926388 
-8.844402068047437 
-8.844402429151796 
-8.84440276455957 
-8.844403076110984 
-8.844403365514163 
-8.844403634354597 
-8.844403884104045 
-8.844404116128667 
-8.844404331696666 
-8.844404531985287 
-8.844404718087427 
-8.84440489101761 
-8.844405051717708 
-8.844405201062122 
-8.844405339862599 
-8.844405468872788 
-8.84440558879238 
-8.844405700270961 
-8.844405803911657 
-8.844405900274412 
-8.844405989879144 
-8.844406073208544 
-8.844406150710796 
-8.84440622280204 
-8.844406289868655 
-8.844406352269406 
-8.844406410337397 
-8.844406464381949 
-8.844406514690258 
-8.844406561528999 
-8.844406605145814 
-8.844406645770626 
-8.844406683616961 
-8.844406718883079 
-8.844406751753073 
-8.844406782397918 
-8.844406810976356 
-8.844406837635793 
-8.844406862513148 
-8.844406885735523 
-8.844406907420955 
-8.844406927679067 
-8.844406946611679 
-8.844406964313302 
-8.844406980871735 
-8.844406996368491 
-8.844407010879289 
-8.844407024474407 
-8.844407037219163 
-8.844407049174185 
-8.844407060395769 
-8.844407070936201 
-8.844407080844055 
-8.84440709016443 
-8.84440709893919 
-8.844407107207234 
-8.844407115004696 
-8.844407122365102 
-8.844407129319618 
-8.844407135897173 
-8.844407142124634 
-8.844407148026947 
-8.844407153627287 
-8.84440715894719 
-8.844407164006624 
-8.844407168824171 
-8.84440717341705 
-8.844407177801283 
-8.84440718199174 
-8.844407186002217 
-8.844407189845555 
-8.844407193533652 
-8.844407197077585 
-8.844407200487606 
-8.84440720377327 
-8.844407206943433 
-8.844407210006327 
-8.844407212969598 
-8.844407215840334 
-8.844407218625143 
-8.844407221330126 
-8.844407223961001 
-8.844407226523014 
-8.844407229021087 
-8.844407231459776 
-8.844407233843311 
-8.844407236175613 
-8.844407238460342 
-8.84440724070088 
-8.844407242900385 
-8.844407245061765 
-8.84440724718775 
-8.844407249280852 
-8.844407251343403 
-8.844407253377602 
-8.844407255385452 
-8.84440725736884 
-8.844407259329497 
-8.84440726126905 
-8.844407263188998 
-8.844407265090734 
-8.844407266975573 
-8.84440726884469 
-8.844407270699229 
-8.84440727254021 
-8.844407274368606 
-8.844407276185317 
-8.844407277991168 
-8.844407279786928 
-8.84440728157333 
-8.844407283351027 
-8.844407285120646 
-8.84440728688276 
-8.8444072886379 
-8.844407290386563 
-8.844407292129217 
-8.844407293866274 
-8.844407295598142 
-8.844407297325194 
-8.84440729904776 
-8.844407300766171 
-8.844407302480711 
-8.844407304191673 
-8.8444073058993 
-8.844407307603825 
-8.844407309305478 
-8.844407311004446 
-8.84440731270093 
-8.844407314395118 
-8.844407316087153 
-8.8444073177772 
-8.844407319465402 
-8.844407321151875 
-8.844407322836755 
-8.844407324520153 
-8.844407326202171 
-8.844407327882907 
-8.84440732956245 
-8.844407331240891 
-8.8444073329183 
-8.844407334594749 
-8.84440733627032 
-8.844407337945055 
-8.844407339619023 
-8.844407341292282 
-8.84440734296488 
-8.84440734463686 
-8.844407346308259 
-8.84440734797913 
-8.844407349649504 
-8.84440735131942 
-8.8444073529889 
-8.844407354657983 
-8.844407356326691 
-8.844407357995063 
-8.844407359663105 
-8.844407361330854 
-8.844407362998323 
-8.844407364665534 
-8.84440736633249 
-8.84440736799924 
-8.844407369665767 
-8.844407371332101 
-8.844407372998253 
-8.844407374664243 
-8.844407376330064 
-8.844407377995744 
-8.844407379661288 
-8.844407381326693 
-8.844407382991985 
-8.844407384657154 
-8.84440738632224 
-8.844407387987214 
-8.844407389652087 
-8.844407391316892 
-8.844407392981607 
-8.844407394646245 
-8.84440739631082 
-8.84440739797532 
-8.844407399639763 
-8.84440740130415 
-8.844407402968484 
-8.844407404632754 
-8.844407406296982 
-8.844407407961171 
-8.844407409625308 
-8.84440741128941 
-8.844407412953467 
-8.84440741461749 
-8.844407416281477 
-8.844407417945437 
-8.844407419609361 
-8.844407421273264 
-8.84440742293713 
-8.844407424600968 
-8.84440742626478 
-8.844407427928575 
-8.844407429592348 
-8.844407431256089 
-8.844407432919818 
-8.844407434583523 
-8.844407436247206 
-8.844407437910876 
-8.84440743957452 
-8.844407441238154 
-8.844407442901769 
-8.844407444565368 
-8.844407446228942 
-8.844407447892515 
-8.84440744955606 
-8.844407451219595 
-8.844407452883122 
-8.844407454546626 
-8.844407456210128 
-8.8444074578736 
-8.844407459537079 
-8.844407461200536 
-8.844407462863979 
-8.844407464527409 
-8.844407466190832 
-8.844407467854237 
-8.844407469517632 
-8.844407471181022 
-8.844407472844397 
-8.844407474507756 
-8.844407476171108 
-8.844407477834453 
-8.844407479497782 
-8.844407481161106 
-8.844407482824415 
-8.844407484487713 
-8.844407486151008 
-8.844407487814282 
-8.844407489477554 
-8.844407491140808 
-8.844407492804063 
-8.844407494467296 
-8.844407496130527 
-8.844407497793746 
-8.844407499456954 
-8.844407501120159 
-8.844407502783342 
-8.844407504446528 
-8.844407506109702 
-8.844407507772862 
-8.844407509436012 
-8.844407511099154 
-8.844407512762286 
-8.844407514425408 
-8.844407516088522 
-8.844407517751632 
-8.844407519414718 
-8.84440752107781 
-8.844407522740887 
-8.844407524403955 
-8.84440752606701 
-8.844407527730057 
-8.844407529393093 
-8.84440753105612 
-8.84440753271914 
-8.84440753438216 
-8.844407536045164 
-8.844407537708154 
-8.844407539371131 
-8.844407541034109 
-8.844407542697077 
-8.844407544360028 
-8.844407546022982 
-8.844407547685911 
-8.84440754934884 
-8.844407551011752 
-8.844407552674667 
-8.844407554337572 
-8.84440755600046 
-8.844407557663343 
-8.844407559326216 
-8.84440756098908 
-8.844407562651934 
-8.844407564314775 
-8.844407565977614 
-8.844407567640443 
-8.844407569303257 
-8.844407570966066 
-8.844407572628862 
-8.844407574291651 
-8.844407575954436 
-8.844407577617208 
-8.844407579279972 
-8.84440758094272 
-8.844407582605475 
-8.844407584268208 
-8.844407585930936 
-8.844407587593647 
-8.84440758925636 
-8.844407590919053 
-8.844407592581748 
-8.844407594244426 
-8.844407595907095 
-8.844407597569761 
-8.844407599232415 
-8.844407600895062 
-8.844407602557698 
-8.844407604220319 
-8.844407605882937 
-8.844407607545536 
-8.844407609208137 
-8.844407610870729 
-8.84440761253331 
-8.844407614195882 
-8.844407615858437 
-8.844407617520998 
-8.844407619183537 
-8.844407620846068 
-8.844407622508598 
-8.844407624171106 
-8.844407625833623 
-8.844407627496118 
-8.84440762915861 
-8.844407630821092 
-8.844407632483556 
-8.844407634146021 
-8.844407635808471 
-8.844407637470919 
-8.84440763913335 
-8.844407640795783 
-8.84440764245819 
-8.844407644120599 
-8.844407645782994 
-8.844407647445383 
-8.844407649107756 
-8.844407650770131 
-8.844407652432498 

 Time 
700.5766930580139 
