Energy 
 
2.878301087752058 
2.7443807160609763 
2.7213469031731274 
2.407761978186038 
2.2175625985190224 
1.9580475221913394 
1.8654284740307703 
1.4388127836254085 
1.3242882502616553 
1.360372503444419 
-1.0515287463589953 
-1.0515047014469197 
-1.2530161375982738 
-1.2286985121733536 
-1.4698243472893782 
-1.4295660521677906 
-1.3982815955763561 
-2.537535129343707 
-2.638078638743069 
-2.8311058133347973 
-3.8095225465624685 
-3.699327605073206 
-3.961075886303182 
-3.985939762559249 
-4.585275441639908 
-5.106947303700474 
-6.243055263707772 
-6.346699909101104 
-6.342759698481965 
-6.788654692275616 
-7.193975597675166 
-7.275420535430317 
-7.326224590146812 
-7.889310475976455 
-8.76309420676702 
-8.947206419677604 
-8.942180227416191 
-8.963000430229128 
-9.01871551434195 
-9.001157696542052 
-8.993227438205327 
-9.009564506797364 
-9.004106038691253 
-9.003084336475972 
-9.219045958798656 
-9.25089632372374 
-9.264106927347136 
-9.283039063264392 
-9.504799630206584 
-9.555260907871988 
-9.620417898205432 
-9.579111677721201 
-9.652580393851029 
-9.703675114302959 
-9.798044538907817 
-9.792514556718078 
-9.794411386170141 
-9.794452825305987 
-9.989537614891583 
-9.857907295587065 
-9.870324252204089 
-9.83300418133372 
-9.773316698008676 
-9.757139664724242 
-9.718980105615989 
-9.802116948518407 
-9.792830550408292 
-9.556798994230439 
-9.59312764062675 
-9.576058340351619 
-9.607469342075403 
-9.62689107732338 
-9.639383647563577 
-9.689030881227103 
-9.990880627084733 
-10.078891536980652 
-10.051227237306774 
-10.07160117673815 
-10.092209756722344 
-10.15412231229568 
-10.211395644356294 
-10.18128671548039 
-10.18111460797304 
-9.963408348676506 
-10.283021182197583 
-10.283161160668396 
-10.304210350778103 
-10.159514867086905 
-10.194251420161924 
-10.42630385853923 
-10.416468069661313 
-10.280446858730643 
-10.200168183589387 
-10.20909671128804 
-10.242327887545756 
-10.492444746298395 
-10.497867435608178 
-10.372112128636878 
-10.486574834300269 
-10.47277217024314 
-10.215335369825087 
-10.04182322598039 
-9.984173829894777 
-9.934588026791706 
-9.911744041185088 
-9.86248091124388 
-10.024529671097072 
-10.154028725038934 
-9.67847585262302 
-10.015393452723998 
-10.238063729837299 
-10.149380324363518 
-10.316853334593828 
-10.132726186166199 
-10.13011753606551 
-10.204109390575953 
-9.858520619404118 
-9.85620270084671 
-10.15811738182265 
-10.724848412703947 
-10.720555358845287 
-10.73428644213151 
-10.112174342049375 
-10.089662970607026 
-10.088832986338183 
-10.040811108904462 
-10.412822291803089 
-10.397796537382483 
-10.296615537533118 
-10.886201257863927 
-10.857830678772295 
-10.838158459047104 
-10.8985740491554 
-10.950417998981235 
-10.950155832843244 
-10.945341217958461 
-11.42173477501638 
-11.41994516962024 
-11.651245921378838 
-11.690778515486086 
-11.929264804678068 
-11.933634100590915 
-11.100094138860813 
-11.997594014059688 
-12.255862068961633 
-12.009203847193682 
-12.193592547115648 
-11.69163580830213 
-11.762930937172968 
-11.7794896134042 
-11.779352279380214 
-11.864966041350982 
-12.020803671745435 
-12.539726412970015 
-12.5979770981148 
-12.476755957408487 
-12.420541049327785 
-11.876716040485942 
-11.864856810789156 
-12.278292884582024 
-12.109686963344744 
-11.152009489147174 
-11.700924500957063 
-11.765391069541002 
-11.853547767077119 
-11.768599729610532 
-12.241845556161437 
-11.992761661666117 
-12.299695342024407 
-12.43031924648526 
-12.371625226934194 
-12.289771998938253 
-12.53998080615062 
-12.55054675798522 
-12.5506639273718 
-12.615577923723851 
-12.678077099845707 
-12.883137213522202 
-12.923956629850398 
-12.812951080704321 
-12.79356716375397 
-12.840861620005985 
-12.898848811209906 
-13.033616619794133 
-13.075635036289938 
-13.225889647197567 
-13.226148258435641 
-13.291965681911282 
-13.3898911127039 
-13.16575532422444 
-13.220339332020599 
-13.535993019022365 
-13.518332220784236 
-13.544195893051311 
-13.552480222001877 
-13.748694545123278 
-13.551584999790482 
-14.066413194658043 
-14.086230578539915 
-13.675101140805765 
-13.636971819550418 
-14.078545417008085 
-14.048530746597741 
-14.04461357081031 
-13.953631244316465 
-13.94608042916747 
-14.039587366855729 
-14.229024823780051 
-14.317198614902413 
-14.316528518251998 
-14.312675185885471 
-14.150628407468698 
-14.233851737448683 
-14.23853617052515 
-14.40664263095189 
-14.357951447039095 
-14.32504723797685 
-14.250387905355199 
-14.317256385343459 
-14.295500223790686 
-14.29257587977176 
-15.04971563220472 
-14.980580118020073 
-14.975802336068396 
-14.679223041541446 
-14.766087773881686 
-14.59124540658229 
-14.513421159600849 
-14.309569042670628 
-14.893983853285564 
-14.013516274043711 
-14.124949211219302 
-14.165079252144302 
-14.282546873496676 
-14.17973042265158 
-14.28915300140985 
-14.73188372854602 
-14.724921891770734 
-14.73217515640399 
-14.751255314177337 
-14.750186416450259 
-14.63185611980209 
-14.709141692404655 
-14.770383014961677 
-14.635180881396957 
-14.614473094195715 
-15.085712847791887 
-15.110825214028235 
-14.874458422849136 
-14.933699399052657 
-14.943284512814143 
-14.998827216087752 
-15.063850800269794 
-15.180192444703684 
-15.165080782146628 
-15.192886865914868 
-15.322933104181445 
-15.290546712234882 
-15.252629334578712 
-15.259980372964389 
-15.512588433063325 
-15.509760818535014 
-15.515517830432922 
-15.561595259618455 
-15.571439970548363 
-15.575257160452452 
-15.576859079910314 
-15.575524657702458 
-15.633712670217692 
-15.807117414970248 
-15.80776145198953 
-15.801319288885582 
-15.970351917977954 
-16.013537542255435 
-16.07375610953418 
-16.073214179109396 
-16.105240533705118 
-16.10255781392899 
-16.236662734793402 
-16.2265896518272 
-16.227538796933118 
-16.20594552317123 
-16.201906246217987 
-16.300310799556534 
-16.305359442106873 
-16.241505346480483 
-16.23845994961974 
-16.245075110586225 
-16.31387626889848 
-16.302650576492773 
-16.300364876407745 
-16.285130780514613 
-16.225486478700173 
-16.223259714364936 
-16.231277730298814 
-16.246255706862595 
-16.27871716944224 
-16.280926136675912 
-16.244494922018447 
-16.241905893885487 
-16.25540715473848 
-16.29472377527447 
-16.2857011421597 
-16.284039280771502 
-16.358768012455858 
-16.35634121084829 
-16.35351962402092 
-16.35695411103596 
-16.368278117638738 
-16.374193124077287 
-16.371154183986597 
-16.403369227226747 
-16.48938528171898 
-16.490911308715063 
-16.497313630622983 
-16.465149500307632 
-16.490220877475778 
-16.488786641045497 
-16.465056862366872 
-16.487349444344922 
-16.459665759952063 
-16.449488276194256 
-16.45892527997171 
-16.460361561328185 
-16.46014912192485 
-16.460138499188258 
-16.47099311888168 
-16.471690940724102 
-16.468851866996214 
-16.46595088968921 
-16.481841331001963 
-16.396558823449435 
-16.39101020815464 
-16.391294199400154 
-16.42628150779703 
-16.41116174233186 
-16.428396776998486 
-16.455952112032026 
-16.457037880037227 
-16.464912125967274 
-16.459237998469295 
-16.46276190620083 
-16.443833272432464 
-16.443998715691485 
-16.445298910307372 
-16.4488109460709 
-16.36250469757211 
-16.337892686342744 
-16.3409768487658 
-16.31058603130142 
-16.30551762625936 
-16.29277071004529 
-16.308494141159063 
-16.3176311551826 
-16.27821355890098 
-16.288525479214357 
-16.287513064711284 
-16.28719907994539 
-16.363403125723735 
-16.40754047914916 
-16.420357952088366 
-16.422932942873253 
-16.42845346572042 
-16.45102765063256 
-16.451048830689277 
-16.425868097519153 
-16.462178474811424 
-16.462074858877134 
-16.465359805897116 
-16.469568291043217 
-16.464485112663624 
-16.461090712660724 
-16.471569476767513 
-16.437562058083387 
-16.433359505022604 
-16.398701389781046 
-16.402674575054096 
-16.494375785363427 
-16.441492961508413 
-16.50624095477623 
-16.514267692478768 
-16.519033432583825 
-16.520929129347618 
-16.524008322996654 
-16.53577682127018 
-16.57165921320716 
-16.572010209242123 
-16.5473658622896 
-16.57648207725106 
-16.560734205880298 
-16.44786662465475 
-16.44282502551279 
-16.43934466336877 
-16.4298156304188 
-16.424547720914397 
-16.39654942254601 
-16.378124514374694 
-16.379759092664756 
-16.408676162540413 
-16.411287550286556 
-16.368248941314317 
-16.36821289430697 
-16.368001502997974 
-16.367872567577727 
-16.37953502581454 
-16.38099724057222 
-16.379315166061986 
-16.393239118914245 
-16.395323168814585 
-16.451041975246387 
-16.470247465544155 
-16.461175515812716 
-16.491526415406064 
-16.49296006421427 
-16.486512675741924 
-16.520472972646672 
-16.52016815225737 
-16.571444744384298 
-16.589683468646463 
-16.591346065081268 
-16.596716675382222 
-16.60066443056621 
-16.596548084516208 
-16.596724569411773 
-16.610175207897196 
-16.603057468236447 
-16.613596220379364 
-16.606111700412132 
-16.634385575940453 
-16.634337896454483 
-16.635412990180154 
-16.636882117946893 
-16.636436929999523 
-16.63198672304376 
-16.63291914059484 
-16.637494024413066 
-16.647904574548775 
-16.645380311504056 
-16.645060515067684 
-16.646168721261567 
-16.644518542184194 
-16.65111617400797 
-16.64112022211814 
-16.642906989100716 
-16.637645463387894 
-16.64711265464418 
-16.65254228215524 
-16.651594810818246 
-16.652547304649328 
-16.663515514349093 
-16.65918868596679 
-16.68742952385895 
-16.694720255537884 
-16.701945072743417 
-16.708299465752326 
-16.70936634786481 
-16.708780134998108 
-16.70761731436711 
-16.70853643658052 
-16.70969899400154 
-16.71544447091317 
-16.720862314841888 
-16.715530547699252 
-16.715063672949647 
-16.71786684727853 
-16.7261252523357 
-16.715542273057824 
-16.728075782821815 
-16.731980726074575 
-16.731731378481605 
-16.731674233604373 
-16.735178187300892 
-16.73273922711984 
-16.73203034012502 
-16.732034852362332 
-16.73643459516763 
-16.743020579662474 
-16.737014506538973 
-16.737005815767386 
-16.736461408656297 
-16.73894065485426 
-16.734315438913598 
-16.734912538028816 
-16.737661738663032 
-16.740378482810986 
-16.740050146930326 
-16.737843202933746 
-16.74277118014566 
-16.737984479161895 
-16.74292823786796 
-16.74224768861405 
-16.731379510487255 
-16.783998491941247 
-16.783897758715742 
-16.784573605997217 
-16.789858116414486 
-16.784685627833852 
-16.79141394440705 
-16.792739860767927 
-16.78176647462454 

 Time 
41.468600273132324 
