Energy 
 
-0.3013136220446028 
-0.5104104171719341 
-0.6644084234565156 
-0.663281246845494 
-2.303485734004892 
-2.8798816483844814 
-2.3774676686690714 
-2.8933720182146727 
-2.845724326803413 
-2.9249648814104696 
-3.70243033542926 
-3.6849229930515635 
-3.675810999066693 
-3.650980669253892 
-3.7900921599934345 
-4.0157465086023905 
-3.841531117324546 
-3.8723950121920887 
-3.9314844427758837 
-5.011591183641786 
-4.849864234107022 
-4.693510495400941 
-5.752332275826155 
-4.895557498062199 
-4.7256340578886595 
-4.83528215475323 
-5.003697680998928 
-4.637812456023072 
-4.982874559319059 
-4.962118006773424 
-4.835452820362139 
-5.285158571395633 
-5.528436314438106 
-5.481990911216949 
-5.4746062523795205 
-5.888261419264287 
-5.974420628890785 
-5.975651468960956 
-6.010743686662603 
-6.062417583970662 
-6.067117500393497 
-6.119469454322894 
-6.295073079127132 
-6.268993060650547 
-6.357415151631521 
-6.4237279307443025 
-6.481352267143852 
-6.502085597371131 
-6.4623260508021945 
-6.468910761724419 
-6.5174440259106365 
-6.500302343632242 
-6.5179281210622495 
-6.481719709451669 
-6.483624511255568 
-6.487022173789185 
-6.4879500806374155 
-6.531319880004375 
-6.539171767961346 
-6.521046307337085 
-6.55782723197234 
-6.529760639414075 
-6.644326544287697 
-6.685311259980995 
-6.703092152256168 
-6.6531862909281 
-6.648138758193179 
-6.656210776216689 
-6.636557050642373 
-6.676195699963283 
-6.668154226649142 
-6.778814302006437 
-6.7459689538270045 
-6.711901872980491 
-6.782196906290923 
-6.722489597988213 
-6.876812643476445 
-6.775146837993727 
-6.741071379688813 
-7.017611837835946 
-6.874154671002723 
-7.076147074562617 
-6.855018321649365 
-6.848767923731901 
-7.2043926306207435 
-7.189280909968922 
-6.960638251622175 
-7.142953866174134 
-7.164720547532075 
-7.005941121954884 
-7.100397479628295 
-7.006275343856326 
-7.373550576131191 
-7.383839872855061 
-7.096244810999757 
-7.319020903399715 
-7.361660150099468 
-7.386498961245872 
-7.382868246176023 
-7.371752850182573 
-7.37137751402901 
-7.378626506908042 
-7.379543373727343 
-7.3815834756612055 
-7.546808933714035 
-7.55640291363722 
-7.436696619158829 
-7.425075872139148 
-7.547507038811539 
-7.567881350812657 
-7.983053993892651 
-7.991311634151797 
-7.9840914996750865 
-7.869294957447587 
-8.019765848272186 
-8.0451722117327 
-8.14602241783862 
-8.114187979412678 
-8.236302180523388 
-8.308853955421771 
-8.323138557601707 
-8.283342588789855 
-8.283634380960688 
-8.331152236497198 
-8.357221481838494 
-8.461406546008806 
-8.465238986877914 
-8.503087761880513 
-8.45545026886595 
-8.471944120848127 
-8.498783666653312 
-8.503353667514908 
-8.495532243185144 
-8.47265336587911 
-8.461066852478888 
-8.452195253742353 
-8.420402501643851 
-8.470432956330534 
-8.468375005443578 
-8.487653177280686 
-8.494477902870848 
-8.446752637852228 
-8.499039625321009 
-8.500847622209001 
-8.503991699147894 
-8.645158593164311 
-8.636665885358353 
-8.602236280846686 
-8.596844865531304 
-8.52786647226875 
-8.49763523106286 
-8.657758808843825 
-8.579691412037892 
-8.649639513515728 
-8.641429727950563 
-8.628854819407264 
-8.627333113197063 
-8.609656627602302 
-8.636874734701612 
-8.637178023438349 
-8.634319065604979 
-8.637233666024596 
-8.681256236649608 
-8.69694886336554 
-8.707139533698165 
-8.709493954078669 
-8.713493861088956 
-8.697682506823913 
-8.696401091634039 
-8.697307565697525 
-8.727965525607551 
-8.7092949530864 
-8.708850642856556 
-8.695539104323844 
-8.679203774230261 
-8.679187355134303 
-8.688467027506013 
-8.699752956242133 
-8.689858894169861 
-8.747838717241473 
-8.779355605851782 
-8.775868392615466 
-8.784756675356421 
-8.788654664892947 
-8.793254753080442 
-8.78801200705395 
-8.784068059490936 
-8.779612041483226 
-8.799403110404716 
-8.801291017470438 
-8.788884394726637 
-8.786888564058236 
-8.79724850135259 
-8.800556767890296 
-8.798119414256366 
-8.795522837794646 
-8.794037439180821 
-8.793801982872054 
-8.803420678583596 
-8.803624004559087 
-8.803911643858179 
-8.804230054108695 
-8.804878021599011 
-8.804820420185475 
-8.804788504371826 
-8.805628320511957 
-8.805395465521096 
-8.80509789031584 
-8.806669988655335 
-8.806702733301258 
-8.806711277253163 
-8.807118087558539 
-8.809883115708113 
-8.810295988002881 
-8.810821847447183 
-8.81040676318134 
-8.81053738273558 
-8.810539624938402 
-8.811579552865403 
-8.814422220860234 
-8.813847982206726 
-8.81478609791815 
-8.814787505327978 
-8.814745615971608 
-8.815915491391547 
-8.8158931078319 
-8.815835757765804 
-8.816073021721936 
-8.816076394936202 
-8.816030923728626 
-8.816095511213895 
-8.816298479373163 
-8.816357833087794 
-8.816410323532414 
-8.81695388845155 
-8.817441016607704 
-8.817234828834252 
-8.81821179238666 
-8.818275707326858 
-8.817968613972212 
-8.818364174547241 
-8.818145891161505 
-8.818098137272145 
-8.818110111646645 
-8.817859606929503 
-8.817901705283228 
-8.81830834602117 
-8.819076777219625 
-8.81917910048458 
-8.81904028127664 
-8.819043740750477 
-8.819061806239375 
-8.819054611411827 
-8.819210224992053 
-8.81920535630969 
-8.819353246958268 
-8.81936761876573 
-8.81939214482059 
-8.819386197334014 
-8.819379938100704 
-8.81940262168351 
-8.819548500151285 
-8.819630736883814 
-8.81966580157532 
-8.819712261284936 
-8.819693345199864 
-8.819715196636432 
-8.820011627731619 
-8.820055180772016 
-8.819923325071237 
-8.820220838324714 
-8.820226143865268 
-8.820181917698216 
-8.820177023409627 
-8.82018041018336 
-8.82017337907709 
-8.820223353331366 
-8.82031750013126 
-8.820619086100582 
-8.820622597166594 
-8.820628724037112 
-8.82088232740537 
-8.820985540740917 
-8.820998008102867 
-8.820992793549337 
-8.820995500731856 
-8.821031522593719 
-8.821033117475091 
-8.821055334050302 
-8.821057470805965 
-8.821035610598287 
-8.821091551517494 
-8.821136970515006 
-8.821130715390797 
-8.821126060330489 
-8.821163843078697 
-8.82122509245416 
-8.821221349775618 
-8.821290892989406 
-8.821372075543273 
-8.821377691411803 
-8.821490116356424 
-8.82144335998968 
-8.821481041179439 
-8.821480638297214 
-8.821480282965277 
-8.821489256188931 
-8.821586809344613 
-8.821610823248026 
-8.821607106918293 
-8.821615286360892 
-8.821604686175316 
-8.821632113944892 
-8.821635283241969 
-8.821624315749247 
-8.821623671199683 
-8.821629665058312 
-8.82169170337191 
-8.821701005154987 
-8.821702386477366 
-8.82170322935269 
-8.82177161945759 
-8.821767646156282 
-8.821792449677694 
-8.821794757970407 
-8.821810116702826 
-8.82188946132011 
-8.821891320750952 
-8.821895581470063 
-8.821922652936907 
-8.821973649321448 
-8.821969098984784 
-8.822043705341397 
-8.822043419287043 
-8.82205919918903 
-8.82206034398415 
-8.822060318885018 
-8.822064341750334 
-8.822067034059192 
-8.822070645658181 
-8.82207058186186 
-8.822069619618995 
-8.822069880959875 
-8.82206988485273 
-8.822079133766206 
-8.822109278489453 
-8.82211011477307 
-8.822128777561408 
-8.822141174728124 
-8.822206185462482 
-8.82223804763277 
-8.822237315952638 
-8.822248524798738 
-8.822275604892923 
-8.822281576676938 
-8.822281378804082 
-8.82228674951826 
-8.82228700721052 
-8.822292935152335 
-8.822293322623935 
-8.822292134065426 
-8.822321827053361 
-8.822325439818778 
-8.822340584022115 
-8.82234070167002 
-8.822342796867229 
-8.822359240454738 
-8.822364622005257 
-8.822370334669777 
-8.822375582667439 
-8.822375024977509 
-8.822374963621701 
-8.822376227316578 
-8.822378546043105 
-8.822380499156205 
-8.822384909707326 
-8.822385965963079 
-8.822384218118168 
-8.8223841407324 
-8.822386662219046 
-8.822391178437929 
-8.822396897803433 
-8.822394846826766 
-8.822393631083875 
-8.822397633785293 
-8.822397402992088 
-8.822394532659406 
-8.822402834188699 
-8.82240972639542 
-8.822424254355639 
-8.822423396261215 
-8.822424055824788 
-8.822426149518966 
-8.82242747494835 
-8.822430767880414 
-8.822431915177406 
-8.822431344371342 
-8.822439922357072 
-8.822439879290823 
-8.822437354914308 
-8.822448616576706 
-8.822448700045005 
-8.822448743580704 
-8.822463143070085 
-8.822464070234226 
-8.822468086931778 
-8.822485706804116 
-8.822489107280054 
-8.822522537992798 
-8.822523767936847 
-8.822522244305214 
-8.822521294796736 
-8.822521073958878 
-8.822523772343933 
-8.822539200620916 
-8.822541028513285 
-8.822541293575952 
-8.822544095835132 
-8.82254416008682 
-8.822557996141276 
-8.822565538830402 
-8.822565556717477 
-8.822566592861497 
-8.822588501668898 
-8.822590644780648 
-8.822610140439881 
-8.822616894032661 
-8.822618116875766 
-8.82261861769877 
-8.822619908943686 
-8.822620071236877 
-8.822630459942701 
-8.822630300262364 
-8.822631395880729 
-8.822632528476374 
-8.822643233455272 
-8.822650326664423 
-8.822659171891681 
-8.822660802398952 
-8.82266193391479 
-8.822668488110828 
-8.822668466458197 
-8.822708253586486 
-8.822708715626 
-8.822711538246038 
-8.822728976386186 
-8.82273642927682 
-8.822740335048817 
-8.822751633545034 
-8.822751305854364 
-8.822764306715518 
-8.822776310708058 
-8.822784070902278 
-8.822807771732087 
-8.822820548421529 
-8.822820333295967 
-8.82282039525008 
-8.822820394527145 
-8.82282466140678 
-8.822824357572532 
-8.822824243312953 
-8.822825000094763 
-8.822832886955581 
-8.822832810328652 
-8.822832937770151 
-8.822833758716621 
-8.822837757805525 
-8.822837616310284 
-8.82284898573095 
-8.822864245547954 
-8.822867096130695 
-8.822876475855145 
-8.822875913436931 
-8.822888221723094 
-8.822896695846957 
-8.822900321903868 
-8.822900873609036 
-8.822903911245936 
-8.82290386780156 
-8.822903770660725 
-8.822910664364436 
-8.822926781100927 
-8.82292913536465 
-8.8229425231304 
-8.82294494154587 
-8.822950690624252 
-8.822962538678308 
-8.822969020261791 
-8.82296905583563 
-8.822970795490486 
-8.822975705564902 
-8.82297603612807 
-8.822980340194865 
-8.822980181746404 
-8.822983194647131 
-8.822986980062275 
-8.822988355372551 
-8.82299822254242 
-8.822998144837635 
-8.82299717246328 

 Time 
14.53719711303711 
