Energy 
 
-0.3013136220446028 
-0.5045999396367681 
-1.6554916799811714 
-1.6937002499690483 
-1.9087962289013372 
-1.92342122154158 
-2.1707413572655043 
-3.7135473077773162 
-4.308143452337197 
-4.254178260976386 
-4.2670426677470195 
-4.352544965255498 
-4.3118292371090226 
-4.831435978737694 
-5.21265191489445 
-5.095440684691233 
-5.372931978303173 
-5.575975938020812 
-5.527688934502205 
-5.492887291575811 
-5.815738392633565 
-5.889103416067298 
-6.122496883265708 
-6.048446206643528 
-6.048639762093069 
-6.062040462477733 
-6.183939326531879 
-6.2966055359209 
-6.310037050089754 
-6.30766725323195 
-6.330786699943802 
-6.336526090279706 
-6.242451950488314 
-6.435516086315385 
-6.441455969035602 
-6.441812217519848 
-6.505773891721383 
-6.824061469409991 
-6.838606134314271 
-6.846892531620337 
-6.849702472730485 
-6.850874753400628 
-6.913347872628657 
-7.005631232191404 
-7.090204416086606 
-7.134068669095531 
-7.137336006130045 
-7.14922432258893 
-7.150848818300872 
-7.130965479586647 
-7.150424191243807 
-7.184815135943344 
-7.179525643575896 
-7.199102767114285 
-7.202027862186311 
-7.215823545352109 
-7.21665077846053 
-7.216479375763383 
-7.245041377957602 
-7.256983849211631 
-7.26355245810178 
-7.274177447515713 
-7.276291157801175 
-7.278788003775067 
-7.2805175267066256 
-7.281812885891743 
-7.281918582332674 
-7.283189192084594 
-7.283436191562028 
-7.28343740118022 
-7.295010718098069 
-7.299456016449992 
-7.299413337885454 
-7.297758505135151 
-7.306312179523642 
-7.3147621098123095 
-7.314518043658341 
-7.3177792459254905 
-7.317975636555633 
-7.319526221885731 
-7.320689493043303 
-7.32324711179674 
-7.323445167590732 
-7.3234259884813815 
-7.328637151660979 
-7.330111798590534 
-7.331639758610054 
-7.336085365164421 
-7.33576989829637 
-7.337332031777546 
-7.338583522143969 
-7.34202992112182 
-7.342008088965933 
-7.342345703057004 
-7.344394154902223 
-7.344349071492501 
-7.346290403969579 
-7.346775643759771 
-7.34694518466696 
-7.347809166832666 
-7.349485325362321 
-7.3506955010472 
-7.350797712066741 
-7.350607682678723 
-7.351072843792321 
-7.351513393567224 
-7.35255336313905 
-7.352631827886438 
-7.35411348639057 
-7.354210258467719 
-7.354259651238212 
-7.354879102514458 
-7.3578955299882765 
-7.358444490574406 
-7.358503616089673 
-7.3594559063713145 
-7.359466255668773 
-7.363349273957526 
-7.366080490912523 
-7.3664424772274355 
-7.3692556682183055 
-7.370754660956731 
-7.370905956127023 
-7.372287884789087 
-7.372190785543402 
-7.372189299770186 
-7.374944584131006 
-7.374967390409049 
-7.374552662769255 
-7.374310890731899 
-7.3744098819894965 
-7.37454977434442 
-7.374546527212599 
-7.373854864592173 
-7.374215589876205 
-7.374552734504899 
-7.375414706380031 
-7.375166436865241 
-7.3747359202959775 
-7.378961290024528 
-7.384338827788275 
-7.384465992422595 
-7.386191876423739 
-7.388135726939045 
-7.387656696256989 
-7.391452358387449 
-7.391774092580749 
-7.391721384968542 
-7.392621221359148 
-7.392903945254538 
-7.394106104858288 
-7.3967824880715325 
-7.398953890871964 
-7.39909207736833 
-7.400596721439351 
-7.400604061217205 
-7.400628462749189 
-7.400868678166258 
-7.401385736819417 
-7.403395871028283 
-7.407635860696093 
-7.40761519127217 
-7.4088941608358825 
-7.408951219530146 
-7.411117945108638 
-7.411097147763075 
-7.411322383528168 
-7.411461578037186 
-7.411859995303135 
-7.412190373466218 
-7.423123288262425 
-7.423655683987442 
-7.424328903168844 
-7.42684120185854 
-7.429341941444582 
-7.429087786231049 
-7.429291729478023 
-7.4319599591364245 
-7.431412608641114 
-7.436182676113326 
-7.4360095004013615 
-7.435391382036544 
-7.4387519123693355 
-7.439973521635747 
-7.43995755542936 
-7.440529669102027 
-7.441073254918459 
-7.440552202460881 
-7.441658624596826 
-7.444575473720128 
-7.445902870932273 
-7.448135524616346 
-7.448250226474244 
-7.4508670040339435 
-7.450919153309828 
-7.451900659771464 
-7.454264996818827 
-7.454265664477224 
-7.454558522607891 
-7.454563995213105 
-7.456870741562428 
-7.456999224250316 
-7.457252131450827 
-7.456822647742289 
-7.457013436832521 
-7.457839765926328 
-7.45997608174471 
-7.460620413229974 
-7.460747069706352 
-7.4608809790629 
-7.461087784657652 
-7.461212050524086 
-7.462831420556 
-7.464402770708213 
-7.464337586082491 
-7.472666359418872 
-7.472679833806911 
-7.473462695742345 
-7.475352934480267 
-7.475723665675746 
-7.47603665436435 
-7.476488431488537 
-7.4765053214382196 
-7.478512312912376 
-7.484334987897561 
-7.483914994298125 
-7.484446245783787 
-7.486502695005503 
-7.489911431500774 
-7.489585853858692 
-7.4896503480675385 
-7.4937252783893635 
-7.500182819303658 
-7.502113269414442 
-7.506249694705813 
-7.506685720247544 
-7.506918735630669 
-7.507754184268724 
-7.507728191108143 
-7.509291772955789 
-7.511318774813031 
-7.511627085790936 
-7.511984452517666 
-7.516211435450613 
-7.517326787806493 
-7.517566718086821 
-7.519303877422864 
-7.52025807410381 
-7.530179596343547 
-7.530515954103866 
-7.534551623505966 
-7.536058008560213 
-7.538251909863703 
-7.538799739267945 
-7.539611831545422 
-7.541948351950037 
-7.542380573000871 
-7.54788488365441 
-7.549050520840698 
-7.552275073934442 
-7.552567902202477 
-7.5514429037105355 
-7.551797533102455 
-7.552024775169876 
-7.552500426359597 
-7.55663868895587 
-7.556991221252049 
-7.557926887633748 
-7.560959175230666 
-7.561899770885244 
-7.562464692826652 
-7.562657439641084 
-7.563985334287132 
-7.563886043899808 
-7.575250077235912 
-7.57538175289596 
-7.574949046946071 
-7.580306057561802 
-7.580587506144164 
-7.580736308607147 
-7.585209875921278 
-7.587817334427557 
-7.588989571610041 
-7.589383049084574 
-7.590918560063127 
-7.593349152416188 
-7.596863773309632 
-7.596922290099134 
-7.59960662956091 
-7.604342327085806 
-7.6088049989509425 
-7.608540587632535 
-7.608532980923031 
-7.60911894969893 
-7.609077841501803 
-7.6189252019729095 
-7.6273899725810566 
-7.629277946173702 
-7.628230597101468 
-7.6287446461358694 
-7.63302451633011 
-7.636620270855464 
-7.6374143744260135 
-7.637227298577228 
-7.637009485478345 
-7.637382979767355 
-7.63672089788391 
-7.649164029881262 
-7.652328835234528 
-7.652538339336012 
-7.653597975966995 
-7.652970430078215 
-7.654541801276682 
-7.654442337061359 
-7.655755151585703 
-7.654787391365898 
-7.6585291800792445 
-7.6582350413582745 
-7.666637114631245 
-7.666850060407137 
-7.671688926098329 
-7.673209352551851 
-7.673428964928284 
-7.673443897100666 
-7.6725944534618025 
-7.674051015963417 
-7.675174905377315 
-7.681967465913694 
-7.681861511630224 
-7.681780919638027 
-7.682504092085954 
-7.68303996478429 
-7.687952570015988 
-7.690590002889326 
-7.690261497854712 
-7.6915559339527295 
-7.701484303599602 
-7.701709974691257 
-7.70596698072387 
-7.718763279649153 
-7.720807380581811 
-7.720898865805822 
-7.720953817160088 
-7.721099734843277 
-7.72124055730401 
-7.722320777517485 
-7.722184574108036 
-7.725552937477518 
-7.725864987046999 
-7.725414988335547 
-7.728070234398728 
-7.72792821003737 
-7.731068157390595 
-7.732048311249651 
-7.73337479969688 
-7.732270605151619 
-7.731775988072938 
-7.731223030094481 
-7.731388941100933 
-7.734605972606654 
-7.742815958474184 
-7.743819216430022 
-7.753605737109622 
-7.754268876511176 
-7.7580622396235785 
-7.760861482700505 
-7.767781546922358 
-7.7704039437972865 
-7.770491590269243 
-7.7719104665859815 
-7.772021605908846 
-7.776599440320034 
-7.777214811105295 
-7.777475309620614 
-7.7781424635707 
-7.779319558180779 
-7.779563492004263 
-7.781065846098123 
-7.781225249053678 
-7.794459520028655 
-7.794876738975934 
-7.795599625772962 
-7.801608070847312 
-7.80136573092922 
-7.802220978098817 
-7.802477897574574 
-7.802606537084418 
-7.804292311096235 
-7.804711649715964 
-7.80496378991033 
-7.805153815423422 
-7.805137349267755 
-7.81681580354802 
-7.832529965456263 
-7.832653024133306 
-7.83764745862311 
-7.837688282311301 
-7.839026205110905 
-7.843726115847077 
-7.846099472929781 
-7.846592956398631 
-7.852376700985572 
-7.856830383182193 
-7.860407852266277 
-7.861542986701896 
-7.8684517562264915 
-7.880799653020848 
-7.889489806783399 
-7.928494981945231 
-7.929932659305539 
-7.93370902876683 
-7.939051648673634 
-7.943182515834078 
-7.948515855415815 
-7.9576369789874315 
-8.003381959575409 
-8.003224216729432 
-8.006259556254387 
-8.019863584341223 
-8.050958455277419 
-8.094665133529563 
-8.095088712348208 
-8.097899470770088 
-8.109287415257514 
-8.141601426023556 
-8.143786351131146 
-8.144769507228013 
-8.166314915987382 
-8.176389216013886 
-8.176130244295258 
-8.185158143967554 
-8.229609223913508 
-8.2337358736654 
-8.250986203809877 
-8.319670941114401 
-8.323833596236247 
-8.324092184612171 
-8.330470059069826 
-8.332103344975927 
-8.333534280052243 
-8.35964480575525 
-8.367291522410426 
-8.37168007973213 
-8.398823105765908 
-8.435455138322602 
-8.436503228071087 
-8.477181763861523 
-8.487863498600936 
-8.488000567214804 
-8.495303297662998 
-8.54831738769472 
-8.560131722442561 
-8.56173357570409 
-8.596253532566429 
-8.600019553973597 
-8.609498554587205 
-8.610162498064344 
-8.615374816287558 
-8.621928249046302 
-8.63270981382971 
-8.650081537872495 
-8.650119633630602 
-8.650523832849958 
-8.651026835108695 
-8.66205673458602 
-8.668971116603212 
-8.672688415859007 
-8.674508813778695 
-8.678010630479662 
-8.678100512978274 
-8.678243831338007 
-8.71924866921695 
-8.721884503365708 
-8.723771342779163 
-8.723781589263604 
-8.724373141728325 
-8.732820457258253 
-8.733729942101732 
-8.734043654273865 
-8.734381819956733 
-8.734479201165737 
-8.740924909218366 
-8.742601490735266 
-8.742646906470442 
-8.743351215054346 
-8.7438519793342 
-8.744387586667997 
-8.744686778902384 
-8.745318490960615 
-8.745942660990867 
-8.753682239260803 
-8.75412063748918 
-8.754852929027022 
-8.755146575826245 
-8.761881119987473 
-8.76403347690426 
-8.764288420540947 
-8.764721425729455 
-8.764800385238997 
-8.765417338116384 

 Time 
43.594321966171265 
