Energy 
 
-0.3013136220446028 
-0.721246743116654 
-1.289435555657371 
-1.923402602625017 
-2.47967850942485 
-2.935083630528545 
-3.406848751655309 
-3.879936063332979 
-4.314601177386523 
-4.6502984298454715 
-4.937711717076286 
-5.223050914521011 
-5.353279310347755 
-5.479053226441067 
-5.601153377013802 
-5.7113309042368225 
-5.8209039393464295 
-5.926438435354963 
-6.032920481156845 
-6.140793196939786 
-6.252394571476048 
-6.371782482441359 
-6.494978472739206 
-6.593722482393348 
-6.757964842910776 
-6.90089818753189 
-7.0465384123538675 
-7.154255054407024 
-7.252552871077402 
-7.345748248820935 
-7.429441998028473 
-7.509018762242912 
-7.582073048105448 
-7.649764602372277 
-7.712730014435474 
-7.772610716012561 
-7.829178217740272 
-7.8817978134130975 
-7.9301260638637165 
-7.97933510566013 
-8.026145634289753 
-8.070619966763067 
-8.114248901119211 
-8.155526307203042 
-8.19380330726612 
-8.229501321988938 
-8.263388399442883 
-8.292688433313296 
-8.33427466255235 
-8.371091900589295 
-8.399267999410565 
-8.424315911464488 
-8.44793712390052 
-8.469804607154432 
-8.490461246720251 
-8.509406685945065 
-8.527794111269928 
-8.544265579347307 
-8.55864846996987 
-8.573666442049346 
-8.587002774025315 
-8.59277031023722 
-8.613368361899312 
-8.605918565091166 
-8.614159738063554 
-8.627533488894427 
-8.65794895729071 
-8.666699133590411 
-8.675083243686561 
-8.682995098723799 
-8.690576671098095 
-8.697773075358135 
-8.704610201843286 
-8.71110065512489 
-8.718061806098438 
-8.72465758787783 
-8.730548598636572 
-8.735942675637332 
-8.740893508317695 
-8.745566100819717 
-8.749923348127387 
-8.753727126426835 
-8.747715436568026 
-8.747324096022945 
-8.76308690937214 
-8.767086461058323 
-8.773106237449802 
-8.777632489690614 
-8.780761754648552 
-8.775365938749028 
-8.776810255648746 
-8.782838919278023 
-8.786985691724297 
-8.793613380502444 
-8.797083103389078 
-8.799879562535583 
-8.802145101133702 
-8.804178417716445 
-8.80608669827338 
-8.8078912595873 
-8.809582294734152 
-8.811180056752729 
-8.812689212867554 
-8.814123554739135 
-8.815498014451688 
-8.816821555207888 
-8.818083185991467 
-8.81654302399487 
-8.814141148906685 
-8.820412098849811 
-8.821869596352261 
-8.822849550241594 
-8.823762637317815 
-8.824587155346533 
-8.825373793394917 
-8.826127296810357 
-8.82682459878585 
-8.827491515400872 
-8.82812947142589 
-8.828740857249844 
-8.8293303363686 
-8.829892749497914 
-8.830432740231853 
-8.830958299617159 
-8.831466350680373 
-8.831956283108457 
-8.83242529316582 
-8.832875988043464 
-8.833309741692558 
-8.833728458866963 
-8.834164668964673 
-8.834578423105791 
-8.834954621048572 
-8.835313234357006 
-8.835656842931652 
-8.835985839994025 
-8.836297188257278 
-8.836587590665491 
-8.836866825159673 
-8.837131915425635 
-8.837386296665803 
-8.837630549202773 
-8.837865753679967 
-8.838092151105222 
-8.83831050919892 
-8.838512530512453 
-8.83871648029414 
-8.838909180001696 
-8.839094992755934 
-8.839271692675785 
-8.839441606958907 
-8.839603223143074 
-8.839760730289472 
-8.839912876734505 
-8.840056199471903 
-8.840191256867604 
-8.840321135372289 
-8.840445324700548 
-8.840566077226844 
-8.840681021266263 
-8.840793451015095 
-8.840900053519153 
-8.841002939275326 
-8.84110323787202 
-8.84113799156706 
-8.841283197935772 
-8.841391037231114 
-8.841482263622659 
-8.841569059981463 
-8.841652954524326 
-8.841732055705414 
-8.841808470143416 
-8.84188279284038 
-8.841955194658869 
-8.842025486441864 
-8.842095336356152 
-8.84216205276404 
-8.842226397001978 
-8.84228867016876 
-8.842348250048401 
-8.84240584215831 
-8.842460820539316 
-8.842513937203963 
-8.842566041290059 
-8.842616406942506 
-8.842664999609116 
-8.842711607026683 
-8.84275663050772 
-8.842800162424268 
-8.842842369598547 
-8.84288314411322 
-8.842922612029206 
-8.84296111747973 
-8.842997976534338 
-8.843033846059413 
-8.843067950414758 
-8.84310050838426 
-8.843131807825603 
-8.843162004342549 
-8.843190845650716 
-8.843218705671566 
-8.843245723055901 
-8.843271839612113 
-8.843298227961789 
-8.843323558019442 
-8.843348067440957 
-8.84337185255127 
-8.843394909689811 
-8.843417140415934 
-8.843438501805387 
-8.843459061674722 
-8.843478884308725 
-8.843498132251172 
-8.843516679935485 
-8.84353430893421 
-8.843551348567805 
-8.843567812782126 
-8.84358375995715 
-8.84359900680031 
-8.843613822119368 
-8.843628310740202 
-8.843642277504149 
-8.843655995058326 
-8.843669233407978 
-8.843682118612596 
-8.843694690926318 
-8.843706805883288 
-8.843718453473901 
-8.843729730876632 
-8.843740602766951 
-8.843751083705998 
-8.843761190235458 
-8.843770879831306 
-8.843780224819627 
-8.843789221268663 
-8.843798000885549 
-8.843806463104679 
-8.843814660262579 
-8.843822357527296 
-8.8438297898248 
-8.843836953637725 
-8.84384386536591 
-8.843850417699812 
-8.843856748684347 
-8.843862885415612 
-8.8438688009868 
-8.843874535576159 
-8.843880106928378 
-8.843885479136038 
-8.843890656227956 
-8.843895592741582 
-8.843900367795342 
-8.843904968609834 
-8.843909398502705 
-8.843913694882739 
-8.84391784216228 
-8.843921773139604 
-8.843925563383042 
-8.843929218343323 
-8.843932751443381 
-8.843936196373674 
-8.843939479023337 
-8.843942639115724 
-8.843945683810514 
-8.843948671862393 
-8.843951551655678 
-8.84395433070118 
-8.843957010907445 
-8.843959594431334 
-8.843962049436469 
-8.843964418854176 
-8.843966705049478 
-8.843968884004138 
-8.843970990906898 
-8.843973022987957 
-8.843974961089417 
-8.843976833456937 
-8.843978640974637 
-8.843980388992886 
-8.843982052207215 
-8.843983658747343 
-8.843985210471402 
-8.843986704434673 
-8.843988145531627 
-8.843989526447297 
-8.843990866701615 
-8.843992162674255 
-8.843993421608879 
-8.843994627277565 
-8.843995786301324 
-8.8439969093652 
-8.843997990636185 
-8.843999041523508 
-8.844000062757289 
-8.844001047231126 
-8.844001995846224 
-8.844002914269849 
-8.844003800446336 
-8.844004658420248 
-8.84400548736533 
-8.844006289445721 
-8.844007066358357 
-8.844007822951264 
-8.844008546793972 
-8.844009237887285 
-8.844009900076715 
-8.844010539021268 
-8.84401114964053 
-8.844011739280107 
-8.844012305668008 
-8.844012853213167 
-8.844013384602087 
-8.844013894475445 
-8.844014386962273 
-8.844014859682899 
-8.844015315642473 
-8.844015752072542 
-8.844016179158853 
-8.844016592894087 
-8.844016994253655 
-8.844017381688367 
-8.84401775389738 
-8.844018114651591 
-8.844018465466123 
-8.84401880566311 
-8.844019136450974 
-8.844019457145754 
-8.844019767961514 
-8.844020068640603 
-8.844020362412643 
-8.844020646599278 
-8.84402092224451 
-8.844021189814118 
-8.84402144982738 
-8.844021702990423 
-8.844021948363189 
-8.844022182042783 
-8.844022399720844 
-8.844022611749246 
-8.844022817518873 
-8.844023018492338 
-8.84402321261285 
-8.844023401367345 
-8.844023584416654 
-8.844023761785161 
-8.844023934099045 
-8.844024102121361 
-8.844024264520668 
-8.844024422098824 
-8.844024576067522 
-8.844024725595114 
-8.844024868783398 
-8.844025009296983 
-8.844025146084364 
-8.844025281244779 
-8.844025412511558 
-8.84402553949468 
-8.844025662572946 
-8.844025780884868 
-8.84402589582763 
-8.844026007035378 
-8.84402611539282 
-8.844026220782514 
-8.844026323918053 
-8.844026424321125 
-8.844026522147633 
-8.844026617229964 
-8.844026710177271 
-8.844026800479574 
-8.84402688840443 
-8.844026974069525 
-8.844027057578954 
-8.844027136527718 
-8.844027214627348 
-8.844027290898607 
-8.844027365288419 
-8.844027437916191 
-8.844027508667427 
-8.844027577894266 
-8.844027645609303 
-8.844027711598203 
-8.84402777614543 
-8.844027839170082 
-8.844027900947232 
-8.844027961456566 
-8.84402802124064 
-8.844028079710737 
-8.844028138998564 
-8.844028196670347 
-8.844028252974114 
-8.844028308696005 
-8.844028363206007 
-8.84402841693886 
-8.844028469611603 
-8.844028521213891 
-8.844028571787888 
-8.844028621340339 
-8.84402866993061 
-8.844028716915377 
-8.844028762187483 
-8.844028806331202 
-8.844028849557267 
-8.844028892171352 
-8.844028933982653 
-8.844028974973826 
-8.84402901523012 
-8.844029054600265 
-8.844029093304588 
-8.844029131550679 
-8.844029169476334 
-8.844029206775007 
-8.844029243131299 
-8.84402927890582 
-8.84402931400811 
-8.844029348855525 
-8.844029383111291 
-8.844029416513905 
-8.844029449416002 
-8.844029482001492 
-8.844029514083283 
-8.844029545695145 
-8.844029576763273 
-8.84402960736519 
-8.844029637350271 
-8.844029666912 
-8.844029696104055 
-8.844029725206118 
-8.844029753277972 
-8.844029780790585 
-8.844029807730694 
-8.844029834294966 
-8.844029860506126 
-8.844029886368277 
-8.844029911728713 
-8.844029936770738 
-8.844029961286767 
-8.84402998550575 
-8.844030009345278 
-8.844030033103166 
-8.844030056631816 
-8.844030079899909 
-8.84403010241906 
-8.844030124698119 
-8.844030146770775 
-8.84403016865266 
-8.844030190285938 
-8.84403021172158 
-8.844030232892027 
-8.84403025391106 
-8.844030274193216 
-8.844030294159863 
-8.844030313964744 
-8.844030333625915 
-8.844030353247675 
-8.844030371727865 
-8.844030390056172 
-8.84403040814166 
-8.8440304260728 
-8.844030443883838 
-8.844030461571496 
-8.844030479152723 
-8.844030496420123 
-8.84403051357277 
-8.844030530629464 
-8.844030547568101 
-8.844030564405005 
-8.844030581156531 
-8.84403059785923 
-8.844030614467425 
-8.844030630722086 
-8.844030646882977 
-8.84403066295883 
-8.844030678949188 
-8.844030694864056 
-8.8440307107227 
-8.844030726485329 
-8.84403074218931 
-8.844030757808675 
-8.844030773357849 
-8.844030789021119 
-8.844030804610497 
-8.84403082014109 
-8.844030835588434 
-8.844030851063618 
-8.84403086648485 
-8.844030881841515 
-8.844030897131681 
-8.844030912357153 
-8.844030927512225 
-8.84403094261826 
-8.844030957663385 
-8.844030972694455 
-8.8440309876665 
-8.84403100257282 
-8.844031017363582 
-8.844031032091518 
-8.844031046753411 
-8.84403106139095 
-8.84403107598041 
-8.844031090587505 

 Time 
810.0760190486908 
