Energy 
 
3.132899243227253 
-2.8234089291926496 
-4.0982690890771645 
-4.092157536907103 
-4.054324996145738 
-4.16613433927968 
-4.862394844468457 
-6.01578691493376 
-6.104480586675203 
-6.253433808932453 
-6.1816073912124 
-6.19305881377223 
-6.168012990189743 
-6.076859074705198 
-6.973748178137212 
-7.2255337374694015 
-7.253842243925418 
-7.344747506993033 
-7.4231114192774665 
-7.423366333973393 
-7.406329817164038 
-7.367079348710355 
-7.414727916244299 
-7.4195981259488395 
-7.421835672177117 
-7.53968338330813 
-7.565229345989418 
-7.983429864089979 
-8.298926586384543 
-8.264087500575773 
-8.278659178653308 
-8.27861221834996 
-8.498476620534646 
-8.632828765727124 
-8.401052832252635 
-8.40828644249899 
-8.79875913295978 
-9.088627538363792 
-8.880839784356066 
-8.998002783568081 
-9.188380059488193 
-9.298289000915592 
-9.26062542320242 
-9.609217696117828 
-9.595745593485486 
-9.885929841876877 
-10.194852606301264 
-10.532647835253892 
-11.02448562914247 
-10.993230470476728 
-11.507083282828672 
-11.507391551350144 
-12.028040567152463 
-12.117844925119837 
-11.784124467535284 
-12.255276479292407 
-12.365452030889573 
-12.321108770539064 
-12.489855279670296 
-12.504899451136655 
-12.853910474556574 
-12.854178518888503 
-12.970192135489983 
-13.06797303811516 
-13.05025773589574 
-13.030237887973403 
-13.021305340848476 
-12.84346108011845 
-13.466248379771521 
-13.535330344306573 
-13.852895225206565 
-14.127483919030304 
-14.171016317992295 
-14.179571909564151 
-14.35207250681717 
-14.3440535769704 
-14.441890545336626 
-14.445434188823729 
-14.480358583769467 
-14.769948760873419 
-14.829212928052463 
-14.964539033853713 
-15.057437926766417 
-14.968730631961218 
-15.323098494368978 
-15.501536134367571 
-15.498103186803913 
-15.502675811116301 
-15.501979996137926 
-15.504318823417945 
-15.534979784638647 
-15.547470706425582 
-15.643530930045724 
-15.389906328110982 
-15.387637780421194 
-15.357206451903902 
-15.400670606959912 
-15.336878528448093 
-15.416108643455832 
-15.46900246480169 
-15.555359883371166 
-15.630503033750337 
-15.619015189691279 
-15.619137601718553 
-15.640683178434623 
-15.656607766117231 
-15.630043414927968 
-15.713583467205032 
-15.686973205511045 
-15.70058493574015 
-15.677696520992697 
-15.67990238221078 
-15.686709323249456 
-15.680016155729074 
-15.675195554250642 
-15.674506222982064 
-15.683321397043025 
-15.679789265288793 
-15.6378476452922 
-15.625408040482132 
-15.648713152152919 
-15.743570314035138 
-15.71927474536387 
-15.719741126556443 
-15.742797396928328 
-15.779216795280332 
-15.782772033854531 
-15.813917214887205 
-15.812654923564448 
-15.823474766489065 
-15.672201663434617 
-15.677038398749804 
-15.676000693994187 
-15.593173841856867 
-15.559353000812909 
-15.647284799297113 
-15.692619317552738 
-15.651294321355476 
-15.651721707382649 
-15.753676875338083 
-15.796495252693042 
-15.792862819831285 
-15.71588057899972 
-15.616929116677735 
-15.52955357796141 
-15.311822506927374 
-15.565456371187432 
-15.717955567713915 
-15.580072558554289 
-15.595953689697449 
-15.416900925713861 
-15.416144261135551 
-15.43466460206682 
-15.377467360169936 
-15.301268447382995 
-15.365028629813944 
-15.559842700108732 
-15.468157727904416 
-15.472230913578269 
-15.54233288194801 
-15.176290323078717 
-15.35697827435692 
-15.486815782293695 
-15.518102546021208 
-15.529568488442123 
-15.529311974342404 
-15.539130708801233 
-15.591369434163626 
-15.582179423346892 
-15.46669586310851 
-15.454891275348153 
-15.420616884011531 
-15.339621779582892 
-15.365544245599612 
-14.843093804805559 
-14.846993906901602 
-14.812974620588724 
-14.745839202431997 
-14.74839167705957 
-14.839462758233186 
-14.757755437728456 
-14.844260951939662 
-14.322236772420837 
-14.359907424494354 
-14.361788259080875 
-14.352166653952619 
-14.488982696728625 
-14.634843879817161 
-14.287251314470572 
-14.975808264607767 
-15.12272066231552 
-15.126132111257073 
-14.607850512878287 
-14.607254352327624 
-14.586945724435113 
-14.62056788999172 
-14.529228949758329 
-14.541658886439171 
-14.140135596170849 
-14.702232539802935 
-14.687895462825328 
-14.32366145842436 
-14.346081799134648 
-14.407549630701613 
-14.388741029109132 
-14.426544374787758 
-14.420771530908333 
-14.744218443369409 
-14.88477358609309 
-14.900992640658323 
-15.045961163165524 
-14.780163428818874 
-14.409337413960333 
-14.658308031879338 
-14.660665761196373 
-14.563557868533554 
-14.56804960513703 
-14.860549644288986 
-15.00780104936554 
-14.989925645487784 
-15.026657380073448 
-15.078493085334268 
-14.109603318787368 
-13.68407274537332 
-14.020428832970941 
-14.075034336570734 
-14.50001966442215 
-15.057882078719794 
-14.93822825826636 
-14.725202697986282 
-14.329703695131212 
-14.237010749034827 
-14.241887078599738 
-14.350608444656697 
-14.535865225678638 
-14.62571013313592 
-14.526497264187402 
-14.774052096258034 
-14.688320857099047 
-14.459014003538028 
-14.456243165010884 
-14.08134388926543 
-13.834269794758363 
-14.0771210692143 
-15.451844472406345 
-15.575701338707331 
-15.593679196125136 
-15.624747860660328 
-15.937063815472117 
-15.87344159728434 
-15.875945878513857 
-15.889739327756184 
-15.922821905414162 
-15.550389024988474 
-15.520044370610123 
-15.570348989379736 
-15.516091997487157 
-15.793708592762263 
-15.430368907101851 
-15.82500549693776 
-10.616420470779145 
-10.220422368370265 
-10.226559807514011 
-10.711437753494575 
-10.900868622411542 
-11.049339522042569 
-10.976917740185497 
-11.083902293852272 
-10.580275094780738 
-10.630266064797853 
-10.718132286558728 
-11.8898367051632 
-12.082012382587616 
-12.225468750105232 
-11.170177451419445 
-11.200909692377403 
-11.641054748670763 
-11.744504856851458 
-12.355544827139884 
-12.376108852186727 
-12.763269838595262 
-10.14074233657593 
-10.24596953593664 
-9.97942293900266 
-10.413423169394248 
-10.534820555481538 
-10.574057805113323 
-10.594449828488903 
-10.906611480737087 
-10.927353767397651 
-11.561841858706682 
-11.154566442745482 
-11.279083075049433 
-11.37604244701022 
-11.3762574508277 
-11.541429251299014 
-11.542981724097867 
-8.734899104430362 
-8.500720236700658 
-8.972695657727936 
-8.939905433267654 
-8.949926979433735 
-9.02320007610215 
-8.989653117193177 
-9.325262980439925 
-9.506334509242194 
-9.565586354063283 
-9.657420112524335 
-9.678889361510844 
-9.693376523306773 
-9.897104465601942 
-9.898380068259144 
-10.060026415015212 
-11.044756999579171 
-10.862074977718658 
-10.89896675530986 
-10.925206199473754 
-11.026613202419796 
-10.783464106718604 
-11.04158551168133 
-11.060053864438125 
-11.063409204999237 
-11.107891106508355 
-11.118408089055164 
-10.807711520778403 
-10.8023653033997 
-10.973004475823767 
-10.167292524330751 
-10.190382660832803 
-10.29785940552145 
-10.755395164924863 
-10.652564731609768 
-10.989800327145272 
-9.185072716411813 
-9.673585196302795 
-9.766013671171079 
-10.02690611177001 
-10.525390915562298 
-10.583632745692325 
-10.592546315700178 
-11.54249931507088 
-11.276389104554227 
-11.32881555655962 
-11.199320191548821 
-11.235688042083174 
-11.52225727280983 
-11.066640366401689 
-11.177497937340165 
-11.377506449932495 
-11.486420699207937 
-10.921268643212384 
-9.713000863045243 
-8.478219936288438 
-8.516483982478722 
-10.717078191221091 
-10.829536052018211 
-10.913886536988489 
-11.004698999049022 
-11.509102607941145 
-9.884058191288332 
-9.97252123075704 
-10.98421317787218 
-10.172882052571467 
-10.612205651666534 
-10.443368552189025 
-10.871805522379525 
-10.869238643435164 
-11.509384271196943 
-11.928357786930237 
-12.378812748498731 
-12.51119458489322 
-12.544797962212748 
-13.2705388846608 
-11.645046390030807 
-11.647357819286682 
-13.338256335169698 
-13.367158729263274 
-13.049465679232386 
-13.327862132843016 
-12.865583563066439 
-11.938194228201727 
-12.631840784916156 
-12.40494442207887 
-12.446270203302582 
-12.761057490517741 
-12.824108015133168 
-12.854651734307074 
-12.823021293928182 
-12.824130778991933 
-12.857240497051745 
-12.863025500751577 
-13.042435152084776 
-13.122740107908218 
-13.05288278694639 
-13.10864648780857 
-13.217164879610728 
-13.256089992056983 
-13.376750448547412 
-13.285187791400638 
-13.254463798244277 
-12.884695005919067 
-12.601392106258062 
-13.286536974218794 
-13.272115502554103 
-13.361777025908761 
-13.234202973748003 
-13.321319882709382 
-13.420957776375992 
-13.393976693228417 
-13.412285940183112 
-13.37034521878154 
-13.579158862265448 
-13.552690302574415 
-13.622456336338555 
-13.626347186942454 
-13.608705761747675 
-13.63607390722477 
-13.569086669636004 
-14.229347570500972 
-14.224665995434142 
-14.276443499706183 
-14.278319389045997 
-14.198134113718206 
-13.986126577694089 
-14.229024469355446 
-14.425392232904704 
-14.381338556345533 
-14.686082663072185 
-14.65902132469299 
-14.689096470476336 
-14.541551359912576 
-14.455017875378894 
-14.358590807573394 
-13.973142869742347 
-12.576058391366473 
-13.541746046356321 
-13.971536653661746 
-13.847225748912285 
-13.216841302554494 
-13.690575789539457 
-13.634374557537653 
-13.991799363757579 
-14.306628928724567 
-13.60439775254678 
-13.868727067281247 
-13.865840217513146 
-13.869712468379669 
-13.839186289041823 
-13.789530127840933 
-13.850338228126631 
-13.83120752298316 
-14.138372173060764 
-14.113037445461831 
-14.111798226149354 
-14.108825389365286 
-14.382422599715454 
-15.410054794113933 
-15.205574153848803 
-15.284594541360429 
-15.251993626021221 
-15.099395464871838 
-14.5671427079679 
-14.455282778668087 
-14.328940268971524 
-13.79717512000337 
-13.853011386958434 
-13.97095406168859 
-13.984852848143849 
-14.127263057838732 
-14.29476912019407 
-14.547527516915087 
-14.503510762498692 
-12.994455863162669 
-12.496593550105342 
-12.486408054351307 
-12.474437253063382 
-12.36469266851723 
-12.272024070670318 
-12.507709590000632 
-11.259367596557173 
-11.481771670853902 
-14.59420951407598 
-9.363387747579079 
-9.547896959364417 
-9.59151697440167 
-9.369368677493757 
-8.26603117946607 
-8.41803952075315 
-8.762338407855484 
-9.014460300279364 
-11.644128422021387 
-11.616732641015009 
-11.644299487051065 
-11.767078525805406 
-11.751086375563036 
-12.202509248487473 
-12.462939155706454 
-13.044302482212135 
-13.055145040424971 
-12.565860187856702 

 Time 
58.25284004211426 
