Energy 
 
3.8998005448887016 
-1.6164346524702924 
-1.7821180918192425 
-2.3207967067563473 
-3.2585381963317728 
-3.026124007084104 
-3.20576397312308 
-3.215931522225702 
-4.33342451952433 
-4.697138352745486 
-4.637882215275644 
-5.798951875964697 
-5.813485709096583 
-5.963022858082916 
-6.116724627003412 
-7.266252517109868 
-7.549141230526866 
-7.39243334212564 
-7.434325942244453 
-7.874409245636969 
-8.929173229934014 
-9.098435369462548 
-9.95819580059807 
-9.725747713796883 
-9.78005572030779 
-11.956314044350703 
-12.189289306334334 
-12.015836347523084 
-12.009183655933807 
-12.078042261372824 
-11.924079079910518 
-11.943592713947796 
-11.718149239925735 
-11.751159803470891 
-12.253297798420403 
-14.007496266055131 
-14.009390810768362 
-14.19124668272794 
-13.5500627084766 
-13.939223647207122 
-13.30193655354391 
-8.847374108853106 
-9.070967942962655 
-9.66303920736123 
-10.290043939383748 
-10.155278475602248 
-10.393929420394272 
-9.314944883149819 
-9.142355347496544 
-9.260160014125436 
-9.40019017940681 
-11.582430242209517 
-9.705764451861166 
-11.702606730777932 
-11.368063570692392 
-12.096060006937766 
-11.58004644327746 
-10.827647402331229 
-10.917757491252303 
-11.18910815314701 
-11.180196586300378 
-11.278847777709732 
-11.336596886804728 
-11.225587784526184 
-11.540043740700307 
-11.667888351635712 
-11.64003557003539 
-11.664645246692704 
-11.607576560978824 
-11.919737584718474 
-11.977138936028354 
-12.691286439977437 
-12.643937261589647 
-12.381183636626869 
-12.43350940707574 
-12.94378664060669 
-13.548792920575504 
-13.652313423965145 
-13.63290156822915 
-13.582880283108578 
-13.19333138569788 
-13.200120496712973 
-13.1608907630956 
-13.184821774905684 
-13.205827074177746 
-13.086211875588287 
-12.966063651083353 
-12.957610505987844 
-13.420314361458011 
-12.448344267272821 
-11.990517547230917 
-11.756673169621752 
-11.582166872920274 
-9.338252590363268 
-10.004527362637155 
-10.089753980107817 
-10.283068585451236 
-10.191687574555651 
-10.233692288752508 
-12.171862664976326 
-12.192700202079518 
-12.358085445577629 
-12.504249020414312 
-12.461281041406036 
-13.164232154977348 
-13.789019562407827 
-13.860317657045897 
-13.209818093876383 
-13.399076402654126 
-13.43906618957382 
-13.197248565304191 
-13.201937961369199 
-13.257777339854623 
-12.867349284709947 
-13.201463554796497 
-13.279527152417812 
-13.818072249385526 
-13.829562222449358 
-13.400722833110521 
-13.832212274366755 
-13.532530550245056 
-12.266832199292969 
-9.019165016890168 
-14.185336915117762 
-14.764046217664859 
-13.957225263409192 
-13.887517823892647 
-14.085539269110004 
-13.887475017626837 
-13.9743888785501 
-12.920496430112292 
-9.264769391678492 
-9.03392931518046 
-9.248389136531365 
-9.449658306398396 
-9.813518346259766 
-10.667570024935147 
-10.651612750327502 
-11.296712911811884 
-9.71861882567535 
-10.96348394495343 
-4.780802298615114 
-7.669969595463131 
-7.656892425044798 
-7.722615790204864 
-7.789960195674336 
-7.564165613789536 
-8.085188153843273 
-7.933031092871704 
-8.963078909884015 
-8.902301732679902 
-9.63517556035001 
-9.781469287531928 
-9.766958598039228 
-9.54057023085052 
-9.978414497987984 
-9.859830181495266 
-11.387509331696231 
-10.85463282667779 
-10.953197506749992 
-9.287477124534746 
-9.39425911044572 
-9.301456914119536 
-9.685071445035543 
-10.233974459414124 
-9.905973912429763 
-8.779769904052081 
-10.798981858839095 
-10.700581424921689 
-8.787956592803083 
-8.39560878442009 
-8.923989068322323 
-8.928218226318162 
-7.666463467621307 
-8.927554740286277 
-10.192453464919286 
-9.104579876018542 
-9.02708653953184 
-9.64537284588543 
-9.526574857958439 
-9.613672764124493 
-11.029853979802818 
-11.046589920053329 
-11.093661721976853 
-11.055010137625061 
-11.864665596608885 
-11.81267167683265 
-11.407632159604342 
-11.409122121620186 
-11.91589603127927 
-14.808576703638156 
-13.249159466196646 
-13.170236176152956 
-13.335753932356804 
-12.483741256462398 
-12.82013253807686 
-12.679867424177662 
-13.167890967231966 
-12.795325302872229 
-13.518864687446527 
-13.417353411423388 
-13.646105516870021 
-13.298940726350851 
-13.345950866067716 
-13.278590912619546 
-13.398110324283504 
-12.613677982528623 
-12.883360720672803 
-10.923393289274621 
-10.85356463570026 
-11.259259973843296 
-12.2070423508745 
-12.355134879073033 
-12.756226265820464 
-13.170798874314679 
-13.475899730659505 
-13.604478043396272 
-13.31098422747692 
-13.544238432206463 
-12.790651318779947 
-12.02628103801795 
-12.051096281542016 
-12.205498746745224 
-12.252529145268339 
-12.364456250080028 
-12.194122234671392 
-12.021823711026286 
-11.961030159191033 
-12.768957583572545 
-13.476015082291541 
-13.565741993148217 
-15.070965740576726 
-15.18670030783867 
-15.17051888000082 
-14.445927326552866 
-14.527627164744882 
-16.79999963587336 
-16.64266464499434 
-16.621430860818478 
-6.926085886864781 
-6.9563421468832765 
-6.804225129097016 
-8.673427196604537 
-8.785252336347407 
-8.566763305709824 
-9.409894386592219 
-9.184957448040736 
-9.265379887848377 
-2.646009048441379 
-3.0707865249733572 
-3.5152103847936322 
-4.078582135118265 
-4.880107487087099 
-9.950307841796446 
-9.93142324482544 
-8.488284660249894 
-8.482647592466286 
-8.51613461096555 
-9.09703914901351 
-9.62497962241819 
-9.559412872878482 
-9.98645951735122 
-11.079363902641537 
-11.415536581092054 
-11.996150055413551 
-12.031546306631245 
-11.67357146776251 
-12.103804177225479 
-11.627417426496315 
-12.470884101144632 
-12.3634569010937 
-12.617892333751643 
-12.616332295304531 
-12.261834421042202 
-9.097993546631715 
-9.467755214112568 
-9.527910290078973 
-12.09880014856837 
-12.16492021215195 
-12.226768396346117 
-11.634170455648981 
-11.77584205931365 
-11.682765357804689 
-11.652411217399763 
-11.286192818871777 
-11.51353601050426 
-11.50090638137324 
-11.946347205487637 
-10.954449290565694 
-10.924301770091203 
-10.940275407655808 
-10.949826559191216 
-9.41878506617697 
-10.180656166149033 
-10.387405916653332 
-10.60086880693695 
-10.82765638878467 
-11.954893185378697 
-12.006073330886824 
-12.002943081437692 
-11.690705663574397 
-11.651044687612623 
-11.966371104728152 
-11.903524433126352 
-4.542521245918395 
-4.5492848440699145 
-8.062546688271373 
-8.390828637329358 
-9.691499004690243 
-9.683269617244369 
-9.695821580149184 
-9.784827545878306 
-9.401198524606116 
-9.367602658180713 
-9.388357276792028 
-9.678234218320034 
-9.709538538874721 
-10.03238583462164 
-10.98227417926436 
-10.964488166689616 
-11.679994374902272 
-11.642772444795447 
-11.765247599816231 
-12.432434999117193 
-12.602480532843876 
-10.57478928890351 
-11.493257547773576 
-11.98753581896129 
-11.302599728742003 
-12.214773685996523 
-13.272744508304562 
-13.174816048459878 
-11.900854797354281 
-11.853096011662235 
-12.070370818319578 
-8.940757162642036 
-8.947770044460317 
-10.526579107118819 
-12.364688905314225 
-13.14193762919401 
-13.220474660613826 
-13.231531605741216 
-13.211460287364968 
-13.784980975655076 
-13.984353444593113 
-14.007453700593432 
-15.473876897762896 
-15.284011097969888 
-14.954224547372478 
-15.16669897105438 
-15.271686246576317 
-14.897282122916383 
-14.351244742567804 
-14.371256090392428 
-14.388171383151967 
-14.736905369714442 
-15.034577607536221 
-16.01845635419834 
-16.042081320989773 
-15.839864231528487 
-15.825651097126093 
-15.701131044568722 
-15.109962435715321 
-14.907494067750621 
-14.955379732867442 
-14.761871432821804 
-14.707725176655464 
-14.606260811442354 
-14.60450504571208 
-14.772909423287818 
-14.743789086013244 
-14.808423905447922 
-14.862870226858904 
-15.032364574737946 
-14.842466292981396 
-14.610661701574099 
-14.61342546798811 
-12.565872840825717 
-12.701412300569055 
-13.296835681557425 
-13.9699816938085 
-14.095345464940888 
-14.101134503183735 
-14.124776497496413 
-14.123734721815328 
-13.496348848447493 
-12.828893322223136 
-12.369376407517045 
-12.022542930126553 
-10.800696184057886 
-12.934188001095453 
-13.434571559813323 
-13.132194258608745 
-12.499410792279315 
-12.520992226059848 
-13.249211259751432 
-13.673671483041023 
-13.582197420037417 
-13.778764753624873 
-13.2298212297504 
-13.114040357922203 
-13.11787708346837 
-11.752103397880527 
-11.733174427883615 
-11.737020904281684 
-11.7385111592102 
-11.986363902622827 
-11.997326451826615 
-11.999269090566901 
-12.428356183018046 
-12.407216840969948 
-10.672582056994926 
-11.154053609254488 
-13.165333763650517 
-13.571932619178234 
-12.231433100773053 
-12.435116159917047 
-11.695554409200144 
-9.801353296833238 
-8.546022859492648 
-7.980188116813777 
-8.293335913245588 
-7.8239611755510605 
-8.323083619728354 
-8.244645635930693 
-7.875049018973876 
-7.982433091731181 
-8.245687636227037 
-5.963273314592977 
-7.266987844133869 
-7.422111055540977 
-7.73387388089174 
-7.897875869623899 
-9.76366382645043 
-9.236688715955097 
-10.66189117665557 
-10.745339377469978 
-10.201742868154314 
-11.75846185083899 
-11.740750911529474 
-11.066912098643636 
-11.279684578806783 
-11.281295683084302 
-11.2807774505949 
-12.625180117845378 
-12.69135946822643 
-12.661088620078262 
-12.575529593915382 
-12.555205929679962 
-12.607424425730022 
-12.760558265779002 
-13.190240212889998 
-13.24006126357408 
-13.942236340401843 
-14.172154032499122 
-11.46249348189168 
-11.479294246174705 
-11.943846646414947 
-11.387342820222987 
-11.308747491670625 
-12.217887074714525 
-12.262398380841455 
-12.614383506651514 
-12.64952748829254 
-13.436266242938927 
-13.90084018784045 
-13.908162277237466 
-14.171437871669154 
-14.184720644618467 
-14.188320477049366 
-12.52246379951361 
-12.542879515878376 
-12.630185203751273 
-12.608595474955806 
-13.670844303616983 
-13.812853679226127 
-14.25327241421834 
-14.957838049927249 
-15.60880964446872 
-15.543211023225611 
-15.520900898108076 
-14.443591467033018 
-13.898691131154203 
-13.47173770973917 
-14.29739229158471 
-14.417467846684474 
-14.220197814793265 
-14.423694961858132 
-12.05260050090536 
-11.79806764868654 
-11.860038052931811 
-11.840456172000184 
-12.193381680462302 
-12.16267627579716 
-12.370624822671818 
-12.759774595117479 
-12.75561989597081 
-12.740565154247873 
-12.825679526470772 
-12.948858178115742 

 Time 
460.61973786354065 
