Energy 
 
2.3693496930821554 
2.3652954808125095 
2.0457349663974074 
1.9177796063723536 
0.01821883528464907 
-0.21114014349539878 
-0.22011974661326983 
-0.3846383206752084 
-0.7604668221197515 
-0.9970094918325496 
-1.00971579610966 
-1.4927477856687001 
-3.067635905666579 
-3.286034399140339 
-3.621655392261684 
-3.722504801835096 
-3.8382335383850386 
-4.0914174994058685 
-4.231133644227274 
-4.240645059781437 
-4.310781737318093 
-4.975350471666703 
-5.0034402458845175 
-5.0417435012587895 
-5.528816779501013 
-5.811980275230026 
-7.2598387124127655 
-7.573424364557462 
-7.697205925314611 
-7.697961080850697 
-7.857029496442197 
-8.482433503872741 
-8.486201146316343 
-8.507904534068155 
-8.53732681594098 
-8.71411973664436 
-9.26125392547674 
-9.800337955240353 
-9.795621911037582 
-9.901343406514048 
-9.976952007244812 
-9.984973585189802 
-9.99234964919437 
-10.444304609200914 
-10.4643891097125 
-10.492363561222833 
-11.812783253152656 
-11.811934326804488 
-11.810209188833074 
-11.810538821756817 
-11.906038774750916 
-11.929740841248261 
-11.947233737605115 
-11.975087767564984 
-12.09359447212525 
-12.093878047628097 
-12.122062816052173 
-12.285965939992293 
-12.292757220281791 
-12.368005781586582 
-12.381319486960148 
-12.38577851195849 
-12.385553152478291 
-12.389581420166447 
-12.397805031482644 
-12.39790855363795 
-12.398187411780142 
-12.401480894657283 
-12.403698613835168 
-12.405269135975672 
-12.407518277045352 
-12.407791015400198 
-12.413808588324686 
-12.422919819071291 
-12.425486566848887 
-12.425845780626663 
-12.43016226280524 
-12.431826448045301 
-12.431812637574929 
-12.432769957977364 
-12.432804251621176 
-12.434766879174461 
-12.436871254681293 
-12.43882569993178 
-12.438763007370826 
-12.438375444582421 
-12.45105679333984 
-12.459986802268796 
-12.46831477430147 
-12.476109121280736 
-12.476184993412655 
-12.475670798092313 
-12.477114258706195 
-12.477463783720957 
-12.477248728652965 
-12.477264443436393 
-12.48123203657821 
-12.482869351246194 
-12.493412631042242 
-12.494725255494268 
-12.496131721661708 
-12.49690682141545 
-12.49691179776973 
-12.500777909688027 
-12.499764941043582 
-12.505067002313265 
-12.507439790469054 
-12.513246838570948 
-12.513509449504706 
-12.514295037324993 
-12.514323856746728 
-12.515012484698467 
-12.515013520839352 
-12.514997039031899 
-12.515704309429289 
-12.516516270032334 
-12.51887665272113 
-12.520857906841808 
-12.521636011251504 
-12.521431706279396 
-12.521029430811078 
-12.524427920623728 
-12.525808002053424 
-12.526286617378828 
-12.528439906120738 
-12.528338091085526 
-12.529993683450307 
-12.53003946055447 
-12.530102977640722 
-12.530005948324138 
-12.530010438907958 
-12.532315167428141 
-12.533006240065362 
-12.533035541998396 
-12.5328926008508 
-12.53288787108543 
-12.533345182433584 
-12.533451493537296 
-12.535909188219136 
-12.5376290668035 
-12.53822234947626 
-12.538225996421174 
-12.538329660287829 
-12.538549890807708 
-12.538697281472295 
-12.539010446196603 
-12.54040760090215 
-12.540417268955231 
-12.541588022279186 
-12.542050336815096 
-12.54205079605921 
-12.544447611297167 
-12.544927192102577 
-12.545517977368444 
-12.545704446722645 
-12.546216485382155 
-12.546326660553664 
-12.546470730370404 
-12.546339124135626 
-12.546313757092623 
-12.546853906825817 
-12.547299914561286 
-12.548878161163598 
-12.549218830542104 
-12.549206495258968 
-12.552194162305007 
-12.552199533827723 
-12.552068326155187 
-12.552189428039231 
-12.552652175637991 
-12.556198617266103 
-12.556926831189237 
-12.558370850696072 
-12.559562546909936 
-12.55962119817541 
-12.56256484822033 
-12.562557507363294 
-12.563023432149272 
-12.563060649198134 
-12.563315783046132 
-12.563395219430198 
-12.563397384763691 
-12.563391783792188 
-12.563531397526473 
-12.564022389803084 
-12.564027531673895 
-12.564547568370775 
-12.564873183287794 
-12.565831825537963 
-12.566632937940227 
-12.568748851994977 
-12.568716467930503 
-12.568717983676768 
-12.56916839772962 
-12.569392193243335 
-12.569413197978273 
-12.56963159914845 
-12.570569226156351 
-12.570568099853581 
-12.571115406131891 
-12.571186227506058 
-12.57114356560271 
-12.57166238140277 
-12.572356921639347 
-12.572303967449653 
-12.572313765166362 
-12.572284024748637 
-12.575156830170078 
-12.575154830942914 
-12.575286952784108 
-12.575575518338859 
-12.575566243568606 
-12.575570788770293 
-12.576202301868811 
-12.576308692804027 
-12.576441325202785 
-12.576785065589059 
-12.57682717249033 
-12.576824175003985 
-12.57685251691461 
-12.577350943846316 
-12.577418227751318 
-12.577435597978914 
-12.577588722354882 
-12.577634830791478 
-12.577801354327212 
-12.577725368981103 
-12.577742401542656 
-12.577750992318196 
-12.57777887579943 
-12.57777723315015 
-12.578634473546813 
-12.578593328945798 
-12.579093569159014 
-12.579135839842543 
-12.57938384159794 
-12.579495283461041 
-12.581019943824204 
-12.58125155268055 
-12.581269807942727 
-12.581325815671967 
-12.582249165923422 
-12.582334461910063 
-12.582750020143365 
-12.582912305657317 
-12.58347519526909 
-12.583511478958174 
-12.5835864953243 
-12.584348659719208 
-12.58443603286813 
-12.585419332795864 
-12.585534999384546 
-12.586031859744665 
-12.58621324525605 
-12.586376792190531 
-12.586376948079725 
-12.58637317801697 
-12.586421439532467 
-12.586600403688873 
-12.586508906955194 
-12.586548889022446 
-12.586561296662685 
-12.586711160988502 
-12.587047069777707 
-12.587154898681057 
-12.587261381700735 
-12.587261678468089 
-12.588290068820122 
-12.588345438461214 
-12.588546038775151 
-12.5893357469393 
-12.589322164780608 
-12.589631843186401 
-12.589792983694545 
-12.590255664931183 
-12.590264469399923 
-12.590250455552486 
-12.590498827513539 
-12.590490371073503 
-12.59047872813497 
-12.590761600113513 
-12.590794434425048 
-12.590759759304152 
-12.590955504316433 
-12.591155131557333 
-12.591177776030445 
-12.59116013254351 
-12.591389028305086 
-12.591514112709362 
-12.591503785999102 
-12.591683910416014 
-12.591673428448638 
-12.591633319853077 
-12.591687751389767 
-12.591733196269285 
-12.59169423852734 
-12.59163836639438 
-12.591711402803345 
-12.592233729742588 
-12.593079176198925 
-12.59338745195421 
-12.593679343553301 
-12.593863088325751 
-12.59483918364212 
-12.59601515999271 
-12.596218449748005 
-12.596414316622468 
-12.597497278885372 
-12.597505219481345 
-12.597510239534653 
-12.597722851268857 
-12.598557947846974 
-12.598523851396843 
-12.598634140647539 
-12.598839549502081 
-12.598816361188295 
-12.59881195810407 
-12.598839758322015 
-12.598839118322394 
-12.598962556448692 
-12.599243889855828 
-12.599325714680237 
-12.599341148851032 
-12.599404379204517 
-12.600053836739157 
-12.600099217157805 
-12.600131590614565 
-12.600142075502216 
-12.600138120951035 
-12.600708780710846 
-12.600700041512422 
-12.600693769901511 
-12.600780850717017 
-12.600792610317631 
-12.60080583013511 
-12.600798565743688 
-12.600881884510258 
-12.600941810013392 
-12.601195488634676 
-12.601204834791442 
-12.6012278261879 
-12.601228827578895 
-12.601225558709135 
-12.60124827693344 
-12.601388549936958 
-12.601441279722474 
-12.601441309281515 
-12.601736535193263 
-12.60278919438782 
-12.60280770248639 
-12.602812853212066 
-12.60312221132641 
-12.60316144579446 
-12.603161532729985 
-12.603563471922179 
-12.603561677111628 
-12.603610882937247 
-12.603633101805611 
-12.60388282817192 
-12.6041029708066 
-12.604193520687968 
-12.60419413783352 
-12.604250527128826 
-12.604251208550199 
-12.604516481356047 
-12.604579070120254 
-12.604622028153265 
-12.604699053007675 
-12.60470167792224 
-12.604882415876927 
-12.60510871834477 
-12.605163582834784 
-12.60516560352308 
-12.605171655902632 
-12.605503157763124 
-12.605452547462683 
-12.605578948632036 
-12.605579124772618 
-12.605600340911781 
-12.6056865674162 
-12.605759601936935 
-12.605862382099042 
-12.605881684847876 
-12.605918727503006 
-12.606039341108946 
-12.606075212462049 
-12.606074685476612 
-12.606112884128441 
-12.606127314425716 
-12.606275158660683 
-12.606398578907722 
-12.606418767585781 
-12.606397730658156 
-12.60642617870262 
-12.606433918984695 
-12.606574870221479 
-12.606575801374527 
-12.606808263363533 
-12.606805009414348 
-12.60681064141485 
-12.606804141528912 
-12.606822903134834 
-12.607008404637895 
-12.607067002963657 
-12.607065606132721 
-12.607227849675496 
-12.607244225714785 
-12.607253311668877 
-12.607279963885402 
-12.60727223225188 
-12.607262963095849 
-12.6073230660496 
-12.607323143822969 
-12.607384503834327 
-12.607447561897672 
-12.607483698561266 
-12.607568035543132 
-12.608018340605438 
-12.608020136960043 
-12.60800728183456 
-12.608104211018233 
-12.608160355415414 
-12.608253824586386 
-12.608253903458493 
-12.608253983760472 
-12.608272381767174 
-12.608283040214982 
-12.608310552978125 
-12.608381619937061 
-12.608492919980707 
-12.608517319413876 
-12.608517639706493 
-12.60860443276556 
-12.608584713347048 
-12.608586318211312 
-12.60865098752937 
-12.608669419129559 
-12.608806167033562 
-12.608837450766458 
-12.608958745539706 
-12.608946743964719 
-12.608951796718012 
-12.609125540720077 
-12.609171477608353 
-12.609171314442966 
-12.609178608676306 
-12.609187969320264 
-12.609330998046321 
-12.60932894635631 
-12.609352019686112 
-12.609378585840965 
-12.60943387172072 
-12.609442209223438 
-12.609581822196706 
-12.609581250581678 
-12.609600643363397 
-12.609601318582992 
-12.609623642751187 
-12.609656200448995 
-12.609661715043297 
-12.609672236135617 
-12.609667929581715 
-12.60968079494111 
-12.609705087410655 
-12.609728537672382 
-12.609734473038989 
-12.609752312427585 
-12.609833001745002 
-12.609825454242015 
-12.609900685784044 
-12.610022862287076 
-12.610029438958719 
-12.610065455871263 
-12.61004869186743 
-12.610058615682117 
-12.610124196004103 
-12.61023275890896 
-12.610225497682999 
-12.610225820291118 
-12.610233711005097 
-12.610330044364625 
-12.610343098376244 
-12.610486478120885 
-12.610485297874293 
-12.61047193819558 
-12.610514845599148 
-12.610552323296945 
-12.61063737660154 
-12.61064608099479 
-12.610718986955026 
-12.610733650093312 
-12.610739916421714 
-12.610739131967325 
-12.610728842824752 
-12.610740410110708 
-12.610771380284511 
-12.610763254136456 
-12.610777114321996 
-12.61077613217308 
-12.610899649944702 

 Time 
29.234868049621582 
