Energy 
 
-0.3013136220446028 
-0.7708339913119013 
-1.3981195929146146 
-2.0264333358316637 
-2.7678221376330905 
-3.7851156315514247 
-4.948473683220659 
-5.754347478577308 
-6.3527772694937 
-6.760569781884178 
-7.052861984727619 
-7.2574315537404175 
-7.451184655978515 
-7.605077705160896 
-7.736569235242509 
-7.859226498737618 
-7.984308332575189 
-8.093391680175468 
-8.21732950769549 
-8.299273003676577 
-8.357707237833711 
-8.405798239570016 
-8.444816968287187 
-8.480385007226646 
-8.511434873255617 
-8.539584446804543 
-8.557421360882186 
-8.578411603568156 
-8.603045442652348 
-8.620975321160026 
-8.63634485782314 
-8.65124144748695 
-8.663221889665058 
-8.649770618863386 
-8.671032241145928 
-8.68226611366802 
-8.691182770421648 
-8.699066134618082 
-8.706135846579173 
-8.713035545483292 
-8.719659167979362 
-8.726351788818018 
-8.732669329592051 
-8.739782182918699 
-8.745886072630368 
-8.751401757368805 
-8.757098586585192 
-8.761978246062924 
-8.766637087201497 
-8.770797692629358 
-8.774802876500104 
-8.778227305241353 
-8.772843728303236 
-8.782983866553032 
-8.787513367241631 
-8.79060773874276 
-8.793197916421741 
-8.795657574384787 
-8.797991112688281 
-8.800202632075752 
-8.802309899654354 
-8.804336119886722 
-8.806380547085668 
-8.808210825144245 
-8.809933647626686 
-8.811610202067044 
-8.81321334545503 
-8.814709098200476 
-8.816121223366787 
-8.817448260649202 
-8.818716474910529 
-8.819926338189532 
-8.821110478451269 
-8.822234354857212 
-8.822630576418547 
-8.82407977173251 
-8.825255073020601 
-8.826245289723381 
-8.82714043487402 
-8.827950371107148 
-8.828718668735068 
-8.829449877816687 
-8.830118654235761 
-8.830788652646172 
-8.831428131647838 
-8.832027247980632 
-8.832554286228888 
-8.83298137929309 
-8.833216754609523 
-8.833328026587553 
-8.834289499882068 
-8.834842911829188 
-8.835252501265987 
-8.835636760187286 
-8.836003923831512 
-8.836356489709456 
-8.836701733247958 
-8.837049558893035 
-8.83737520768762 
-8.837683546856232 
-8.837982735245705 
-8.838271742359824 
-8.838544366871483 
-8.83880421668991 
-8.839050841294753 
-8.83928292542211 
-8.839498514956055 
-8.839702305987444 
-8.839896763852648 
-8.84008304094964 
-8.840260945083804 
-8.840431091063495 
-8.840593235517872 
-8.840748987962451 
-8.840899912086012 
-8.841044035404357 
-8.841182146107927 
-8.841315809835013 
-8.841442962245335 
-8.84156447214253 
-8.84168044129027 
-8.841790871168957 
-8.84189608566704 
-8.841997057055423 
-8.842089354466992 
-8.842175313198624 
-8.842257251356148 
-8.842335387131403 
-8.84241038325888 
-8.842482620767967 
-8.84255131257991 
-8.842616754749468 
-8.842677741329862 
-8.842735456133143 
-8.84279330433323 
-8.84284800851341 
-8.842899451662369 
-8.842948382430698 
-8.842995060140536 
-8.843040358584396 
-8.843083546185815 
-8.843124799113617 
-8.84316401082016 
-8.843201416286862 
-8.843237320363524 
-8.843271608492184 
-8.84330422618567 
-8.843335386403693 
-8.84336518169117 
-8.84339370922314 
-8.843420561648433 
-8.843446146041613 
-8.843470532299746 
-8.843493785066954 
-8.84351600119778 
-8.843537202660897 
-8.843557447963635 
-8.843576192753819 
-8.843592250030392 
-8.843599745423411 
-8.843607931843858 
-8.843643407329157 
-8.84366303686808 
-8.843679100589567 
-8.843693695732783 
-8.843707396806805 
-8.843720475340834 
-8.843732877393991 
-8.843744675604365 
-8.843755881023942 
-8.843766577762949 
-8.843776932713446 
-8.843786737480208 
-8.843796093056424 
-8.843805005658039 
-8.843813518025616 
-8.843821636676829 
-8.843829132463208 
-8.843836299290887 
-8.84384314735832 
-8.843849644908682 
-8.843855815906501 
-8.843861709120784 
-8.843867347298874 
-8.843872719081997 
-8.84387783942949 
-8.843882823168576 
-8.843887596148669 
-8.843892151329847 
-8.843896532774817 
-8.843900701490046 
-8.843904851844725 
-8.843908826767503 
-8.843912618342829 
-8.843916210402112 
-8.843919651614474 
-8.843922826650086 
-8.843925838104193 
-8.843928749653696 
-8.843931486909666 
-8.84393410270865 
-8.843936627919133 
-8.843939043724752 
-8.843941360069946 
-8.843943589692431 
-8.843945730436904 
-8.843947766365247 
-8.843949720589219 
-8.84395162762253 
-8.843953461527144 
-8.843955212433688 
-8.843956874194463 
-8.843958471400864 
-8.843960008765023 
-8.843961486324199 
-8.843962933045882 
-8.84396428297651 
-8.843965580851139 
-8.843966824008088 
-8.84396808146441 
-8.843969291268655 
-8.843970449587898 
-8.84397156545231 
-8.843972640696581 
-8.843973678211158 
-8.843974664510407 
-8.843975596364107 
-8.843976495095895 
-8.843977363468667 
-8.843978207392725 
-8.843979019172815 
-8.843979803121616 
-8.843980560711676 
-8.84398130118019 
-8.843982017368916 
-8.843982692408533 
-8.84398333800678 
-8.843983970333333 
-8.843984606487723 
-8.843985221011176 
-8.843985815434962 
-8.843986390135791 
-8.843986948464059 
-8.843987493145665 
-8.843988012766564 
-8.84398849125435 
-8.843988954820812 
-8.843989403476101 
-8.843989827488041 
-8.843990233645554 
-8.843990623560707 
-8.843991000976697 
-8.843991368151626 
-8.843991727580624 
-8.843992077476493 
-8.843992417474006 
-8.843992748727166 
-8.8439930718424 
-8.843993383494606 
-8.843993686931126 
-8.843993984022163 
-8.843994270816767 
-8.843994550518627 
-8.84399482383836 
-8.84399509038268 
-8.843995349875556 
-8.843995598983897 
-8.84399584228024 
-8.843996079841752 
-8.8439963116246 
-8.843996537836276 
-8.843996755488803 
-8.843996968158992 
-8.84399717630533 
-8.8439973793636 
-8.843997578028448 
-8.843997769302016 
-8.843997955819207 
-8.843998137410878 
-8.843998315051753 
-8.843998492345287 
-8.843998665435096 
-8.843998836005081 
-8.843999005008754 
-8.843999170314161 
-8.843999332346332 
-8.843999490361288 
-8.843999646880292 
-8.8439997999427 
-8.8439999496834 
-8.844000095185793 
-8.84400023731309 
-8.844000376079565 
-8.844000513999152 
-8.844000647894338 
-8.844000775051443 
-8.844000899278495 
-8.84400102026797 
-8.844001140406542 
-8.844001258149516 
-8.84400137356736 
-8.844001486982856 
-8.844001598080698 
-8.84400170688185 
-8.844001812897412 
-8.844001916861266 
-8.844002018534315 
-8.84400211828259 
-8.84400221614016 
-8.84400231161608 
-8.844002404786577 
-8.844002492451212 
-8.844002578883625 
-8.844002664423853 
-8.844002748485746 
-8.844002830991826 
-8.844002912591002 
-8.844002992546466 
-8.844003071187098 
-8.844003148491115 
-8.844003224495982 
-8.844003299325221 
-8.844003372679055 
-8.844003444861944 
-8.84400351637663 
-8.844003587079342 
-8.844003656572713 
-8.844003724939892 
-8.844003792383308 
-8.84400385734378 
-8.844003921098377 
-8.844003983133744 
-8.844004043672017 
-8.844004103979128 
-8.844004163493057 
-8.844004222026104 
-8.84400427958268 
-8.844004336103948 
-8.844004391789312 
-8.844004446523266 
-8.84400450013035 
-8.844004553153816 
-8.844004605393373 
-8.84400465688517 
-8.844004707818403 
-8.844004757733206 
-8.844004806379271 
-8.844004855254548 
-8.844004901791598 
-8.84400494749738 
-8.844004992552417 
-8.844005037301391 
-8.844005082338015 
-8.844005127011833 
-8.844005171301001 
-8.844005214678099 
-8.84400525747687 
-8.844005299384346 
-8.844005340743035 
-8.84400538176995 
-8.844005422469829 
-8.844005462794954 
-8.844005503225393 
-8.844005542947983 
-8.844005582188574 
-8.844005621307595 
-8.844005660027678 
-8.844005698483377 
-8.844005736512067 
-8.844005773954018 
-8.844005810374693 
-8.844005846302093 
-8.844005881933153 
-8.844005917310707 
-8.844005952308757 
-8.84400598696303 
-8.844006021252655 
-8.844006055223234 
-8.844006088841947 
-8.844006122154203 
-8.844006154732774 
-8.84400618693534 
-8.844006218867483 
-8.844006250385432 
-8.844006281596668 
-8.84400631263635 
-8.844006343503457 
-8.844006374328671 
-8.844006404681027 
-8.844006434644124 
-8.844006464320907 
-8.844006493724317 
-8.844006522854867 
-8.8440065516892 
-8.844006579976098 
-8.844006607999907 
-8.84400663579191 
-8.84400666328503 
-8.844006690555448 
-8.844006717570036 
-8.844006744061756 
-8.844006770329486 
-8.844006796077554 
-8.844006821617949 
-8.844006846958065 
-8.844006872084863 
-8.844006897378202 
-8.844006922470385 
-8.844006947252634 
-8.844006971870613 
-8.844006996312293 
-8.844007020691048 
-8.844007044946588 
-8.844007069056655 
-8.844007093018496 
-8.844007117005376 
-8.844007140876396 
-8.844007164962207 
-8.844007188905893 
-8.844007212711015 
-8.844007236312283 
-8.844007259786993 
-8.844007282788459 
-8.844007305676302 
-8.84400732844531 
-8.844007351088777 
-8.844007373621153 
-8.844007396145695 
-8.84400741854719 
-8.844007440823688 
-8.844007462614467 
-8.844007484309264 
-8.84400750590422 
-8.84400752740416 
-8.844007548829987 
-8.84400757020548 
-8.844007591477274 
-8.84400761298214 
-8.844007634366747 
-8.844007655657828 
-8.844007676834833 
-8.844007697894378 
-8.844007718864376 
-8.844007739746804 
-8.844007760541245 
-8.84400778125405 
-8.844007801881673 
-8.844007822428539 
-8.844007842900014 
-8.844007863394667 
-8.844007883811564 
-8.844007904104613 
-8.844007924300229 
-8.844007944217207 
-8.844007964062607 
-8.844007983723358 
-8.844008003315501 
-8.84400802283969 
-8.844008042155496 
-8.844008061556181 
-8.844008080939359 
-8.84400810019896 
-8.84400811944391 
-8.84400813862312 
-8.844008157724488 
-8.84400817676018 
-8.844008195732988 
-8.84400821464307 
-8.844008233480396 
-8.844008252266502 
-8.844008270975548 
-8.844008289444503 
-8.844008307853759 
-8.844008326154448 
-8.844008344414553 
-8.844008362620313 
-8.844008380773499 
-8.844008398881869 
-8.844008416936763 
-8.844008434936308 
-8.844008452883422 
-8.844008470753952 
-8.844008488546113 
-8.844008506414639 
-8.84400852422521 
-8.844008541996006 
-8.844008559721045 
-8.844008577404907 
-8.844008595035998 
-8.844008612619755 
-8.844008630195285 
-8.844008647720102 
-8.844008665197324 
-8.844008682609584 
-8.844008700045814 
-8.844008717353695 
-8.84400873476298 
-8.84400875231075 
-8.844008769909562 
-8.844008787460774 

 Time 
854.2842819690704 
