Energy 
 
3.132899243227253 
-4.581202670221198 
-5.07304227084355 
-7.406571621047966 
-7.481202903850434 
-7.5663729820968095 
-8.073686319687278 
-8.17348391412915 
-8.095753391251433 
-8.20827818076045 
-8.211364916591243 
-8.500460382194248 
-9.005382491338896 
-9.052854477689603 
-8.768041289650544 
-5.189200073616188 
-5.229338403511425 
-5.74614937462673 
-6.02194659378233 
-7.99008082904244 
-7.795330614497851 
-8.00143545418971 
-7.705057159668867 
-7.712341067821739 
-8.401572731658447 
-9.443638102393017 
-9.540503890954385 
-10.371222309650866 
-10.371467958049601 
-10.447509306911021 
-10.74948046975128 
-10.960060582527284 
-10.601866469858216 
-10.491283110001914 
-10.267833639537841 
-10.442598428400924 
-10.353110089967425 
-10.389907734556123 
-10.385813378603551 
-11.246964379594298 
-11.268956812775697 
-11.227404644922688 
-11.227303104214412 
-11.14527485411789 
-11.444617836185285 
-11.400367433277436 
-11.54431480876167 
-11.531114720005732 
-11.52297531749891 
-11.849005850326018 
-12.280378668833272 
-12.417060859817171 
-12.335205288469378 
-12.537111064215589 
-12.687852068313335 
-12.686411090424755 
-12.545319696458758 
-12.451170569660182 
-12.533929150873687 
-13.05827918713136 
-13.269511922088773 
-13.315250315287045 
-13.35583785988841 
-13.364396600011027 
-13.337165524133766 
-13.457056971399592 
-13.336896347046512 
-13.340222599048325 
-13.354063806561124 
-13.34879222843888 
-13.301016014583666 
-13.33197481658563 
-13.420472329388923 
-12.591078622809647 
-12.63720062665824 
-12.547520969730778 
-12.352053409210988 
-12.2496253995793 
-12.13667609431832 
-12.016955276318654 
-11.946534337146648 
-11.971252167766883 
-11.676878340067955 
-11.49630602835679 
-11.608940257255714 
-11.137834215829214 
-10.037524295439649 
-10.641644379729973 
-10.115633110757024 
-10.874515583080951 
-10.747339125729306 
-13.849304833054699 
-13.675006555054493 
-13.68332503070744 
-13.547974232986771 
-13.583892369354158 
-13.369949924954977 
-13.100920200983971 
-12.589449707675035 
-12.829915091449523 
-12.81531105060531 
-12.554541201066904 
-13.961187514194194 
-14.064295058019018 
-14.098248564692653 
-14.147121057133837 
-13.203712342743657 
-13.04130368328831 
-12.749043163125975 
-13.33976006723627 
-12.692830923417702 
-12.745035862056417 
-12.324298853292412 
-12.491844704674085 
-12.595563922772355 
-13.135434883974852 
-13.383072754316927 
-13.210666098226136 
-13.4339267401506 
-13.331533350683621 
-13.33069314287999 
-13.441751673855022 
-11.997251641795426 
-12.040938457141529 
-12.868169835903437 
-12.907035279209364 
-13.36137932191634 
-13.305943627449413 
-13.486214845838871 
-14.521244084115265 
-14.525247051104316 
-14.478383942439493 
-14.368123007402414 
-13.704616770023192 
-13.677981284977156 
-12.97530906913626 
-13.25090157244455 
-13.247841103462848 
-13.366308478574311 
-13.579126855215382 
-13.68600748153571 
-13.801603793601435 
-13.111260065966093 
-11.421447286315592 
-11.553160925590191 
-13.677223179712291 
-13.437159486850238 
-13.883328240685227 
-14.193930265220379 
-11.397979733463623 
-10.474117081041252 
-10.594794008952121 
-10.621192766032486 
-10.21334821049168 
-9.183046894937096 
-9.233663751329514 
-9.207011619948634 
-9.711653719704115 
-9.474230037726024 
-9.31450620662642 
-8.814822605869608 
-10.209501310466637 
-10.210227202622292 
-11.134021470945335 
-11.144190118526362 
-12.16331714013098 
-12.420795904239208 
-12.497095865808626 
-12.568178693759958 
-12.547129352042127 
-12.550764564081488 
-12.53601181782489 
-10.954518425154703 
-11.675239713516 
-11.911317817418388 
-11.869151818341347 
-11.34987205999692 
-10.06215121598277 
-10.146885692882963 
-10.292874652089932 
-11.094494120535227 
-11.042396536149406 
-11.563670035379578 
-11.61948211728616 
-9.92349171202437 
-11.088249724836157 
-11.010482939309787 
-11.39033795796865 
-11.596574135672594 
-11.639303820291653 
-12.289371565240083 
-12.138636029509914 
-12.599333104713551 
-12.597222470179338 
-12.689920394326471 
-13.24906275132512 
-13.486627366003983 
-13.499288899016523 
-13.709154703577443 
-13.715461485475101 
-13.761394382845351 
-13.769712409685534 
-13.818805139765772 
-13.813515107854455 
-13.82956736616636 
-13.818650813665315 
-13.817360896657478 
-13.811813385277445 
-14.020062208452122 
-14.119999731936336 
-14.33240975246345 
-14.367210535937208 
-14.296109694500371 
-14.308663063759266 
-14.314362087939262 
-14.63649652175356 
-14.656793349983145 
-14.665432226591093 
-14.675604216753014 
-14.694846506328727 
-14.698695953097737 
-14.694046287066266 
-14.700876608668617 
-14.701877788333308 
-14.702571201377376 
-14.697808815567827 
-14.684440713360205 
-14.863058233811087 
-14.790291530276066 
-14.746352514411885 
-14.86546057431676 
-14.915829655675525 
-14.906684077105412 
-14.909657783611728 
-14.756514700064946 
-14.84623826732506 
-14.839456091978215 
-14.843065633553051 
-14.80914726063698 
-14.786351898416571 
-14.803673093691746 
-14.814049775340457 
-14.932214989315533 
-15.180371774034208 
-15.015928196470927 
-15.104757480310063 
-15.096906260724843 
-15.107457931550947 
-15.219383174313915 
-15.427235196403444 
-15.44116257826992 
-15.626633858158359 
-15.68804891605586 
-15.563525045674673 
-15.584920689992337 
-15.595393272984737 
-15.378749742177414 
-15.312194348992541 
-15.318163695176853 
-15.309373154894732 
-15.599791680444104 
-15.603327804337637 
-15.562376067425452 
-15.642858774742594 
-15.580026760825609 
-14.93827655771171 
-15.040699562274627 
-13.509027662977301 
-13.825697940157585 
-14.74495355454312 
-14.924082051305712 
-15.011094500002308 
-15.017879157733262 
-15.09845310392383 
-15.076848434057233 
-15.065904920672594 
-15.125156810163602 
-15.370335610378415 
-15.352539033003001 
-13.117916746543923 
-11.292038244088234 
-12.98763669655121 
-14.189610437747273 
-14.180773402740162 
-13.47202896725832 
-13.887324198468853 
-11.40754367714674 
-11.39271918709686 
-9.454641809309418 
-8.134751953642997 
-8.495325785180992 
-8.751381719359593 
-11.47234533028433 
-12.057002447419082 
-11.557017084050813 
-11.356245023504302 
-9.457207761737644 
-9.433119592133488 
-9.64748024578169 
-9.917829183860746 
-10.132139567607123 
-10.12975637565856 
-9.679020012408786 
-10.056482650149603 
-9.15911114555206 
-10.89296650585366 
-10.72578894529181 
-11.059773322051209 
-11.445997564130582 
-11.59852366245537 
-11.799561883917768 
-11.805208610886698 
-12.291686518712256 
-12.453120871343494 
-12.462652085592401 
-12.501714325238312 
-12.524821263447471 
-12.524272347572996 
-12.721862437533083 
-12.445676278441995 
-12.39833296845163 
-13.800172052439226 
-13.887649836220435 
-13.865961497995979 
-14.003807059373127 
-14.007361427362643 
-14.065907289154165 
-14.096516426852114 
-14.157223741331594 
-14.226075351779373 
-14.157606945416974 
-14.17886819146534 
-14.291255489038997 
-14.459027123651168 
-14.414838406041145 
-14.41503275198944 
-14.504127500931812 
-14.602087019939113 
-15.060274009987982 
-15.257253723514276 
-14.98584366476135 
-14.968199159922156 
-15.081121802315973 
-14.621635483128042 
-14.548214624344942 
-14.684602343879812 
-14.719818075722083 
-14.531392269304364 
-14.525660138904701 
-14.537550013339049 
-13.91654086005577 
-13.766796807226287 
-13.924702354455588 
-13.956521272373374 
-14.150122705820232 
-14.00578846402143 
-14.014172819761477 
-14.148608913363434 
-15.443419506787638 
-15.664715366383081 
-15.309307575105986 
-15.453757333090564 
-14.256993931025884 
-14.457110185444298 
-15.038826794195739 
-15.12382357889933 
-14.77060641676784 
-13.346737289384581 
-15.954744070092277 
-14.685378235712767 
-13.977348423109586 
-14.571115619257482 
-14.504942461776244 
-14.577292587462217 
-15.279836908807939 
-15.36136815042876 
-15.356440030508182 
-15.59697476534503 
-14.26549694309524 
-14.466358712206677 
-13.559984249248702 
-13.562175537392273 
-11.628940384946995 
-13.640218251518391 
-13.498818999758102 
-13.544852057938296 
-13.952964694984153 
-14.88799818051731 
-14.792582452821186 
-14.490927144564163 
-14.494877228648408 
-14.508498647425306 
-15.758058067642171 
-15.812221665680491 
-15.783126228276249 
-15.656848078078761 
-15.681837974402255 
-15.704708926049033 
-15.060332294217659 
-14.359159231689137 
-14.900359060227506 
-15.10211399098965 
-15.14722102719763 
-15.161245257240612 
-14.937633994053026 
-14.97154823609503 
-14.632748276944843 
-14.44433046943539 
-13.839785936482988 
-13.93726477951878 
-13.559346204625022 
-12.808070849295062 
-14.215826593783833 
-14.177199728511281 
-14.20841066823683 
-14.286348714079214 
-14.315544765120421 
-14.203405395822674 
-14.142401799626143 
-13.335244791119012 
-13.312070163851303 
-13.813546738033953 
-14.237492353815458 
-14.23376628616774 
-14.566703492257188 
-15.381959271369439 
-15.320441131544058 
-15.313803066433469 
-15.492389171478054 
-15.001907990846526 
-15.003476328817587 
-15.081845948256811 
-15.959766576990924 
-15.946134269448754 
-16.052586039874722 
-16.23331697195117 
-16.244449258428464 
-16.162505116553387 
-16.208855445843806 
-16.55025717294049 
-16.60881863397698 
-16.640591203560938 
-16.6708651281269 
-16.132938211347582 
-15.621941416638023 
-15.764475672642192 
-15.362243662034562 
-15.73927593916764 
-15.675315491605833 
-16.056873488196846 
-16.251322388817723 
-16.2445529562715 
-16.269899774660576 
-16.134686502598385 
-15.959556772446664 
-16.095457265510007 
-16.088873883638595 
-16.055106837823857 
-15.324682301838774 
-15.69974495269628 
-15.84933969487218 
-16.02774805819621 
-15.575749101468704 
-15.430656781893664 
-15.275700062911438 
-15.172080401919052 
-15.507401424278854 
-15.35235869668137 
-15.71148331731293 
-16.062080649408706 
-16.071786329842382 
-15.816158763306381 
-15.898548980667579 
-15.895988750770274 
-15.822650600989508 
-16.03666025885011 
-16.109942656329032 
-15.807498912751097 
-15.785462273613506 
-16.06623456737155 
-16.044363046222795 
-16.075386345336028 
-15.504253199038558 
-15.385962231466122 
-15.372170536503322 
-15.301604316850334 
-15.490889896296888 
-15.401417975861234 
-15.399770259419487 
-15.321066053252475 
-15.020254627529138 
-14.994717206782074 
-13.621917994830078 
-14.188262878747805 
-13.877354416467572 
-13.848455309760801 
-14.131434042606424 
-14.58003723989192 
-14.370670514224301 
-14.36682630028749 

 Time 
55.74207305908203 
