Energy 
 
3.8998005448887016 
2.901224746645334 
1.4969922634757968 
-0.16337621305486438 
-2.071658130918145 
-4.070095739330173 
-5.860669901264862 
-7.379012649800217 
-8.748382725142015 
-9.885078225145373 
-10.82008497532422 
-11.644467367664303 
-12.18856042081579 
-12.637042603574654 
-13.018170882337172 
-13.306656693037947 
-13.567769678890684 
-13.79613487423085 
-14.029326236112372 
-14.25628098679912 
-14.476033819334123 
-14.690666144770827 
-14.891522223995988 
-15.093618555623296 
-15.3101888504427 
-15.52528430357794 
-15.736729206851251 
-15.94048735160899 
-16.1494808482445 
-16.359515657840035 
-16.563624382152376 
-16.757442479017275 
-16.925958154752777 
-17.17152200046169 
-17.378775594036544 
-17.57536854165359 
-17.768395397787753 
-17.400712224222936 
-18.192303984797498 
-18.353138441950904 
-18.609958007016804 
-18.806969094190507 
-18.992591918966088 
-19.191469267255403 
-19.345200204246098 
-18.857466204037312 
-19.537219121172306 
-19.929675441473552 
-20.09588521456162 
-20.240909807746352 
-19.924323561544984 
-20.094103590026087 
-20.19207223366711 
-20.740319631376526 
-20.867639383545022 
-20.984163901943923 
-21.09294857346396 
-21.19691812721896 
-21.299774200936735 
-21.20089291017161 
-21.425040502896756 
-21.557108954656297 
-21.64288799733983 
-21.705489370376554 
-21.722307848123556 
-21.83252747485434 
-21.9534777689149 
-21.987613170111562 
-22.109920944638944 
-22.182047546151267 
-22.24244095212056 
-22.3099965363109 
-22.380523381877104 
-22.45067503263117 
-22.513070768538018 
-22.572364148177233 
-22.623286905199237 
-22.68791493925812 
-22.74511985596078 
-22.799473522926682 
-22.86020599468184 
-22.91383393435788 
-22.966466395591368 
-23.01465114843167 
-23.050191996152243 
-23.056339199154174 
-23.13211373428692 
-23.159849352892824 
-23.220882740489845 
-23.27873334326746 
-23.32451467635302 
-23.36728553076772 
-23.407982283191558 
-23.447260336733052 
-23.48585575932113 
-23.523092406416474 
-23.55911962394604 
-23.594113475477442 
-23.62481145248779 
-23.62664646972025 
-23.656089298065325 
-23.71987014148718 
-23.757754586425825 
-23.788991463979823 
-23.818887511696616 
-23.847932550634045 
-23.8764202323605 
-23.90427314231635 
-23.931729410664406 
-23.958357329263407 
-23.984265363467536 
-24.009487005816364 
-24.03401675502231 
-24.056987395109665 
-24.077809937520865 
-24.05662452524404 
-24.0537226187828 
-24.142530880690455 
-24.16857408087064 
-24.188912946689747 
-24.2086139445018 
-24.226481985091173 
-24.245304401584697 
-24.22178597396819 
-24.28149527655254 
-24.299591744599997 
-24.31677185606727 
-24.333278551902016 
-24.35137795641356 
-24.368689986282373 
-24.384960183632533 
-24.40069169828694 
-24.41601393264041 
-24.43097945182474 
-24.445459501169648 
-24.459457387639738 
-24.472991186781005 
-24.486167280152877 
-24.498957999883984 
-24.507488914572086 
-24.523973992591756 
-24.53605443457327 
-24.547401716110155 
-24.558613471966087 
-24.569560384300775 
-24.58103136984865 
-24.5920543805852 
-24.602716888752667 
-24.612983165919225 
-24.6203115399556 
-24.617164394573443 
-24.609191010835737 
-24.607229838847434 
-24.59858272114632 
-24.635172257594544 
-24.663674983312383 
-24.658095120209442 
-24.6471116664948 
-24.613510097786488 
-24.629120032126256 
-24.69079806043478 
-24.718030630881042 
-24.731731080790606 
-24.739214611083234 
-24.74640723723969 
-24.75339979988935 
-24.760207817539435 
-24.766872515300342 
-24.773390871842125 
-24.779795465854434 
-24.786111806672594 
-24.79179133648995 
-24.79565428012237 
-24.799543164517058 
-24.804001289280833 
-24.81014271592963 
-24.81771017562502 
-24.82536575173643 
-24.832107997607363 
-24.83853585563805 
-24.844402399647823 
-24.849935580621867 
-24.85534523165465 
-24.86064596648811 
-24.865865901900108 
-24.87101479605819 
-24.876075298563315 
-24.88121627565747 
-24.88638859690123 
-24.89147877294292 
-24.896521368750264 
-24.901055208233394 
-24.90634106335211 
-24.911499439804924 
-24.916637094418356 
-24.92171313398426 
-24.926693705104466 
-24.931989846174314 
-24.937005881060465 
-24.941950893783755 
-24.946835786367007 
-24.951651206490624 
-24.95641308613891 
-24.961165304757 
-24.9658836323062 
-24.970552289704784 
-24.975086449618956 
-24.97955278631769 
-24.98388930291675 
-24.98819210925381 
-24.992400416216007 
-24.99658569790796 
-25.00061889879459 
-25.004594561384664 
-25.008527900997972 
-25.01235623408283 
-25.016105354165944 
-25.019798203891074 
-25.023424054038315 
-25.02727340397276 
-25.03096522854554 
-25.034590881163016 
-25.038166161901167 
-25.041666085488302 
-25.04509395501577 
-25.04846450618781 
-25.05177721655513 
-25.05502821685747 
-25.058208869768055 
-25.06125689817751 
-25.06424891158773 
-25.067152537347912 
-25.06999302415933 
-25.07274660821402 
-25.075445672294506 
-25.078093211913465 
-25.080677451605254 
-25.08323601479178 
-25.085727589227947 
-25.08816958747446 
-25.09053947262906 
-25.092826691193707 
-25.095064910704767 
-25.097255746544278 
-25.099398454427497 
-25.10150000011712 
-25.10355830949524 
-25.10561821998101 
-25.10763577151971 
-25.109632953485477 
-25.111583892279377 
-25.113503697791522 
-25.11538966151399 
-25.11723396030633 
-25.11903369504668 
-25.12080360483299 
-25.122531888515844 
-25.124215012837738 
-25.125862682646943 
-25.127477702495263 
-25.12906196254131 
-25.130610605430988 
-25.132133786266486 
-25.13361136543364 
-25.13507556711537 
-25.136512730890363 
-25.137944466212975 
-25.139310571944275 
-25.140638597410444 
-25.14194449634406 
-25.143196638698672 
-25.14441564343653 
-25.145610598678914 
-25.14678544284905 
-25.14793813887697 
-25.149090167806513 
-25.150222661624237 
-25.151326359227703 
-25.15240811740633 
-25.153472568296614 
-25.154527512781677 
-25.155567251619953 
-25.1565899317691 
-25.15759929692244 
-25.15860592857453 
-25.159594296902842 
-25.160565091636418 
-25.16153017695933 
-25.162476047609427 
-25.163402378090584 
-25.164327199263642 
-25.165247157734477 
-25.166177138784043 
-25.16710157884399 
-25.16800778568141 
-25.16889374499138 
-25.169764299379274 
-25.170622000777954 
-25.17147409392 
-25.172313484350965 
-25.173145518108036 
-25.173968562938125 
-25.174785572330805 
-25.175591063139567 
-25.176387470991884 
-25.177244712576126 
-25.178089960432505 
-25.17892983211211 
-25.17975569103783 
-25.18057164232893 
-25.181373944068255 
-25.18216363035604 
-25.182943932471108 
-25.183715712848368 
-25.18447703124919 
-25.18523148886646 
-25.18597755408622 
-25.186714519475622 
-25.187449631801087 
-25.18817387448584 
-25.18889039102311 
-25.189610288849124 
-25.190320392244384 
-25.191025496194943 
-25.191724204119257 
-25.19242541044404 
-25.19312036787321 
-25.19380278242408 
-25.194478739456894 
-25.195154432058665 
-25.195814540349478 
-25.196474985278428 
-25.19713501652964 
-25.197797946851765 
-25.198451796058222 
-25.199098902623945 
-25.1997413354031 
-25.200377632160354 
-25.201008610157036 
-25.20163344655351 
-25.20224965068708 
-25.20286069685139 
-25.20345687399007 
-25.204045540005488 
-25.20463128182854 
-25.20521244842531 
-25.20578726278345 
-25.20635666010883 
-25.206925326714796 
-25.207498063617802 
-25.20806681178938 
-25.20863174845151 
-25.209188903742938 
-25.209746545431564 
-25.210301637603862 
-25.21085169948777 
-25.211397722989137 
-25.21195458739338 
-25.21251518366491 
-25.213070748371557 
-25.2136217754512 
-25.214168958387404 
-25.214710525513745 
-25.21528045595644 
-25.215839517852643 
-25.216391368910934 
-25.216939404407697 
-25.217480806143982 
-25.218019390763473 
-25.21855514403936 
-25.219085974465628 
-25.219612040125583 
-25.22013021590441 
-25.220645585224304 
-25.221159663951322 
-25.22166975962282 
-25.22217626765926 
-25.22267871166987 
-25.22317572385492 
-25.223670075263264 
-25.224155449922787 
-25.224637410282863 
-25.22511179341855 
-25.225581397723772 
-25.226047755480057 
-25.226510159785487 
-25.22697134898493 
-25.22742663560853 
-25.227884860823046 
-25.228340573758025 
-25.228794123953854 
-25.229248025829005 
-25.229699592959314 
-25.23014969598983 
-25.23059253995663 
-25.2310314766514 
-25.23146845282126 
-25.231902846747616 
-25.232334764259885 
-25.232765598901118 
-25.233190931920443 
-25.233612192762664 
-25.234031537617508 
-25.234447718669806 
-25.23486272411531 
-25.23527710889467 
-25.235687849098852 
-25.23609660889067 
-25.236503506474396 
-25.236907755907097 
-25.237310793479924 
-25.237712336311247 
-25.238113350956734 
-25.238519587792375 
-25.23892409098872 
-25.239327779404903 
-25.239731962873567 
-25.240135055245 
-25.2405363777535 
-25.240938703054773 
-25.241338593431358 
-25.24173635021352 
-25.242132206627033 
-25.24252711638013 
-25.242920083017992 
-25.243311384209463 
-25.243701086993507 
-25.244093107219534 
-25.244482949633838 
-25.244871190619502 
-25.245257339766113 
-25.245643042213132 
-25.246027837624297 
-25.24641726470336 
-25.246805058872113 
-25.247190277419804 
-25.24757452348633 
-25.24795697380116 
-25.24833700287441 
-25.24871705355792 
-25.249095702252493 
-25.24947318443519 
-25.24984922055561 
-25.250217565602053 
-25.250584128185356 
-25.250948850119222 
-25.251310672538857 
-25.251670893565084 
-25.252029850956333 
-25.25238606846104 
-25.25274200414961 
-25.25309765396601 
-25.253454512097612 
-25.253809744295193 
-25.25416288560851 
-25.254512848464344 
-25.25486159194678 
-25.25521007491836 
-25.25555832083296 
-25.25590798594254 
-25.25625420655031 
-25.256598546324916 
-25.25694592625637 
-25.25729209315031 
-25.25763590474455 
-25.257978826571637 
-25.25832091598232 
-25.258663580676078 
-25.25900365408331 
-25.259342043955268 
-25.259685208035418 
-25.26002703073858 
-25.260366834292796 
-25.260705594224106 
-25.26104807921977 
-25.261390522988595 
-25.26173154216467 
-25.262075079278617 
-25.26241745971821 
-25.262760616578504 
-25.26310021125996 
-25.26343945228884 
-25.263777789929872 
-25.264116885499913 
-25.264453669442474 
-25.26479042132616 
-25.26512207005067 
-25.26545206060632 
-25.265781860355503 
-25.26611044774826 
-25.2664384350061 
-25.266770182205576 
-25.26709918585533 
-25.267426532536838 
-25.267750044634305 
-25.268072913542234 
-25.2683948270262 
-25.268715035019152 
-25.269034274425533 
-25.26935264740056 

 Time 
397.01473236083984 
