Energy 
 
3.644175773884647 
2.629707471359377 
2.5340937128712446 
-0.7186366309997549 
-0.6633240434328851 
-0.7900548935778511 
-2.1628491733540782 
-2.1535757552953156 
-3.5615282349072155 
-3.6479379074320235 
-3.5662474395681807 
-3.275955680564991 
-5.102073042247042 
-5.131406963178414 
-5.192682709124175 
-5.315299601452841 
-5.6683863923420414 
-5.905781752327935 
-7.035534223810776 
-6.982567443254222 
-7.6290990498969915 
-7.9171359126976 
-7.90273287167466 
-8.521817183733182 
-8.497524479884554 
-9.403115838203465 
-9.39330339393931 
-9.321899456802672 
-9.379526602190593 
-9.383326493799878 
-9.453354526814934 
-9.427474590148304 
-8.807657499428073 
-8.973884278546057 
-8.865096038397658 
-9.142557964906498 
-9.489007850227406 
-9.466175828197391 
-9.487669878418977 
-9.415796346071788 
-9.627812032783616 
-9.588472227063805 
-10.243782882292505 
-10.285653087919002 
-10.830854940290244 
-10.952701943218125 
-10.780437979870356 
-10.57986809365313 
-11.088186640788088 
-11.208892160746167 
-11.055945778375118 
-10.534475040861988 
-10.623084560054698 
-10.66174761515678 
-10.680549424563884 
-10.802565709891459 
-11.002109220814527 
-10.946411580550848 
-10.954658458262148 
-11.026639514030784 
-11.095956741144287 
-10.8874946166461 
-11.099858384552242 
-11.083016582944335 
-11.226845339820812 
-11.384917168646673 
-11.491088716485766 
-11.516350336096696 
-11.636250359655522 
-11.671705137675161 
-11.653098555744172 
-11.58440326043942 
-11.386367492476829 
-11.254983681831346 
-11.341837580231973 
-11.188566004122563 
-11.770441109772724 
-11.617865027984921 
-11.564218255391719 
-11.441902968959914 
-11.604772624957068 
-11.53231688394223 
-11.029135520783239 
-10.729266674557847 
-10.697106307635986 
-11.165729271423796 
-10.989300049381464 
-9.97733453571665 
-11.002816534447232 
-10.682075709974736 
-9.863133077553801 
-9.43078263797363 
-9.294641958172383 
-9.001253471581467 
-7.660492694445132 
-7.685403642237011 
-7.763672432059257 
-7.747603381854035 
-8.212833751473166 
-8.284188805268135 
-8.643309518626587 
-8.515898690955389 
-8.48952055733221 
-8.503472670251785 
-8.531544091654492 
-9.558021770543032 
-9.858369554846455 
-9.862443580691696 
-9.891570745296276 
-10.13264917994967 
-10.193307550996522 
-9.778884606101522 
-8.999367898829323 
-8.991840636778766 
-8.788774783530602 
-9.574965151225452 
-9.717647444836928 
-10.10874692838142 
-10.102080962266255 
-7.305275842207046 
-7.300361933084215 
-7.242823735665682 
-8.652702870682727 
-8.701207095576285 
-10.646386897470743 
-10.409968612142842 
-12.130251134593571 
-10.080707879598213 
-10.151193567278014 
-11.207985858239343 
-11.378558266523202 
-11.817376853815768 
-11.901731536871914 
-13.044025313050952 
-13.596312886189311 
-13.685422529988543 
-13.796267137724673 
-13.791139392668665 
-13.24779753323107 
-13.531135879292718 
-12.75943251302045 
-13.501158998659006 
-13.570560037289857 
-14.62501184648675 
-14.604937115384878 
-14.47339462149146 
-13.825193602716952 
-13.956140984486277 
-13.960262142231208 
-13.965042908792832 
-13.851413037385788 
-13.719611274141151 
-14.072193747438732 
-14.026457678566917 
-13.642668326538647 
-14.405408512185735 
-14.219228277403776 
-13.152580083788013 
-12.296066601674118 
-12.472943150494931 
-12.684741235840315 
-11.472497979126004 
-10.055129185380817 
-11.659149392450484 
-12.260784882859035 
-12.296912363744257 
-12.356352122585804 
-12.371908407948245 
-12.306067030635825 
-12.253014568979546 
-12.238287651633094 
-14.509069074420703 
-14.863569431062336 
-14.86394465276107 
-14.135473205464736 
-14.479080172395268 
-14.684858604928726 
-14.664950465360098 
-14.12019745759786 
-13.93368086676219 
-13.864014103692398 
-14.048460624373622 
-13.053988355977298 
-13.4484462636039 
-13.434435689888721 
-13.929884131006983 
-13.541005874121083 
-13.59488823908156 
-13.748994170500907 
-13.370513235925186 
-13.521952987031444 
-11.628255665624874 
-12.031356627491476 
-11.903015914613412 
-11.917458496141096 
-11.656470041947273 
-11.673495763520153 
-12.634255444414944 
-13.017307506861702 
-13.65934407572161 
-13.779829529402328 
-12.151382476058581 
-12.30807940765202 
-11.594390889131935 
-11.539677674848985 
-11.77508713412339 
-11.830827522364112 
-11.881839126522252 
-11.685846849994903 
-11.992983990269146 
-12.196733390700407 
-11.602568127317905 
-13.4480450847209 
-13.577212729400157 
-14.047942285283007 
-14.02566021957031 
-14.043276241498896 
-13.91363799210217 
-13.915138126085601 
-13.826809018718599 
-13.663468644651012 
-13.446215822371602 
-13.308348974612494 
-12.720089561092692 
-12.332563036205073 
-12.608666212165621 
-13.001991432474231 
-13.333391115001325 
-12.815548722704719 
-12.893243497984576 
-12.627859274325225 
-12.64149754307028 
-10.457651724361918 
-10.521861799121302 
-10.559400766849446 
-10.770756066017228 
-11.272983944491465 
-11.334916718494712 
-11.319129043605027 
-11.520308269188249 
-11.472882444427585 
-11.854837143338003 
-10.623432930663972 
-10.981355821378735 
-13.202746472034507 
-13.125574253264878 
-13.12605508330814 
-13.144678384447307 
-14.053178529078838 
-13.85325710794811 
-12.81125940256378 
-12.898571153960647 
-12.988198769794959 
-13.192081287179036 
-13.285428740515492 
-13.42528813822573 
-12.752923485166964 
-12.66481091012552 
-12.70271312540138 
-10.759664487102762 
-10.853514828445409 
-9.239634366205394 
-9.360209591077757 
-9.977590091363933 
-10.259992129410238 
-10.259228328157715 
-10.359528742542633 
-11.17857768732241 
-11.28039429840272 
-11.40312767583844 
-12.436729200630044 
-13.240234193477207 
-13.193896545166222 
-13.193302552380047 
-13.180618518346757 
-13.182559004207626 
-13.169500585972054 
-14.672879956928035 
-14.608584327932268 
-14.369508356759368 
-14.215487035483674 
-13.536143518391965 
-13.216081385006206 
-13.028499064766255 
-12.713669592725749 
-11.576794956695098 
-7.474347151176362 
-7.447112580101534 
-7.551454677152051 
-7.53405126152114 
-8.621871940390163 
-8.629886192435551 
-9.349028266823238 
-9.486704183790536 
-9.639314783710923 
-8.523949510653969 
-9.804695099115065 
-8.570770091816122 
-9.015069397366442 
-9.472252457895356 
-9.238454257800782 
-9.205657662997078 
-9.220529176975228 
-9.896989700443715 
-9.604795912915895 
-9.910391126902637 
-10.10311451987279 
-10.038941735108146 
-10.331407670858022 
-10.24979503017735 
-10.271258118022352 
-10.594885873653384 
-10.600578133569936 
-10.90879027050038 
-10.964765525520873 
-10.889077899882803 
-10.847968245891172 
-11.14942103829458 
-10.965274801355395 
-10.98079892207287 
-11.089510779339562 
-11.460584246836348 
-11.263137074354072 
-11.2447117619826 
-11.231942584044438 
-11.238297342258692 
-11.118709782492822 
-11.169303761574195 
-11.550574334493472 
-12.778931128543215 
-12.804199444703327 
-13.247944469092053 
-11.294902505442995 
-10.661079150724923 
-10.66068212817341 
-11.431024043102777 
-10.654871022110447 
-11.382253904630767 
-11.371473130245018 
-12.321357151916871 
-12.016049159595248 
-11.858214833178891 
-11.849808272431975 
-11.757284093456555 
-10.220065330420628 
-10.138806290345556 
-11.25887636164146 
-10.28905433510037 
-10.943616843780731 
-10.914689249366724 
-11.243210645723899 
-11.30573414327035 
-11.555906017179833 
-4.507483029258982 
-5.6659126772762285 
-6.579361304020148 
-6.775254715392077 
-10.481105219269526 
-10.511590149197154 
-10.507230506827913 
-11.189396807403272 
-10.904484030201077 
-11.438118436711656 
-11.478366156322819 
-10.671485418911507 
-10.810806211654045 
-12.481210668124193 
-12.521986492234651 
-12.590296877437451 
-12.570018518457173 
-12.700872688584056 
-12.190339264679778 
-12.582799137983095 
-12.499807850999897 
-11.754224370513546 
-12.355776468154776 
-12.381328611570332 
-12.706337321920895 
-11.882165247184584 
-11.722038932582764 
-11.705903398978913 
-12.214572081984645 
-11.770102449615047 
-11.952695491074785 
-12.04584832528014 
-12.03331660478571 
-12.013800834438902 
-12.169882828209651 
-12.096619511731834 
-12.160523289765177 
-11.196307960015933 
-10.099061710692023 
-10.119063543572162 
-11.05338941239131 
-11.480562167710627 
-11.534577192538103 
-11.421032469699664 
-11.69822616140919 
-11.812297223250743 
-11.92428147355223 
-11.51264345686527 
-10.969024247384313 
-12.688796491824176 
-12.87279255777197 
-12.93651716636344 
-12.898857736429145 
-12.905288773621423 
-12.904981067427554 
-13.081220458776222 
-13.327820715388654 
-13.38895707942478 
-13.350245858094876 
-13.64512045310989 
-16.356605147979874 
-16.399499437643108 
-16.536736227237547 
-15.259349842607577 
-15.265785135291258 
-15.76684501859865 
-15.767528237227369 
-15.761530894581346 
-15.732112932408171 
-15.641393060449776 
-15.546984322749648 
-16.248804676699738 
-16.242793869066332 
-14.205308377091372 
-14.198845920654655 
-13.894996159259646 
-14.293641284131844 
-14.847116667354983 
-12.884767200566378 
-12.408167208519805 
-12.402015940472989 
-12.325661559912405 
-12.376405129412486 
-12.40936392980884 
-13.124627407424649 
-12.91736376687354 
-12.79409982124593 
-12.84186361776485 
-12.839660367258322 
-12.79610838992975 
-13.39332922042606 
-13.271636801343458 
-13.325694210777353 
-12.441292203372495 
-12.995818006879855 
-12.404396844310758 
-12.368256099948306 
-12.275213695312774 
-12.251790137015568 
-12.15256462445341 
-11.746190336730166 
-10.51284163690704 
-10.257967051228555 
-10.51009714103542 
-11.000641999496588 
-10.520147868919963 
-11.3925135392611 
-11.547798998949903 
-11.799831512086435 
-12.167769061282694 
-11.768572100514666 
-11.789243875341318 
-13.06091030987341 
-12.934882805743324 
-10.207213805518348 
-10.220974851872016 
-10.266551997383194 
-10.357598532290448 
-11.732061485971768 
-11.712139634814525 
-13.016967613093936 
-13.137069252274593 
-13.031054725958345 
-13.014434946404972 
-13.059624641724964 
-12.738157811350781 
-12.730251536244372 
-12.472178674534518 
-14.24885175707249 
-14.293843567439543 
-14.544499582318531 
-15.183824488394341 
-15.055761421671043 
-15.01800163600213 
-14.4978890480206 
-14.64038889361393 
-14.508475375002256 
-14.455207981597393 
-14.55360928184199 
-14.458705558854819 
-13.921599185072688 
-13.915202306597468 
-13.692639365932386 
-13.61881577985388 
-13.714602540996836 
-14.354030656405893 
-14.339687240469493 

 Time 
100.8425920009613 
