Energy 
 
3.3888654472655504 
3.151259485287025 
3.1322917335159275 
2.064151950468533 
-0.0970258599979219 
-0.10034603486798299 
-0.6470462097072709 
-0.6416943551891541 
-0.9286407269717984 
-0.6542718621787903 
-0.8088609470323518 
-1.3645832298948282 
-1.3860729954268278 
-1.5971927172631908 
-2.373248773015353 
-2.749118928474715 
-3.177948731093215 
-4.336273045508527 
-4.155709321134365 
-4.402490430485702 
-6.066028680163492 
-6.16917826745064 
-6.151821154483976 
-5.970252861383202 
-6.096001004799661 
-5.857048132959793 
-6.557518276133995 
-6.638488552765751 
-6.898908367995158 
-7.128633387885142 
-7.059818153227713 
-7.0966304087147805 
-7.0896020140964735 
-7.643233132690514 
-7.65655390252169 
-7.504719044345197 
-7.544956508103228 
-7.596904478840674 
-7.640343192536676 
-7.638355308892464 
-8.065646679558231 
-8.081967963145873 
-8.07244757558285 
-8.289250074046008 
-8.615412376133923 
-8.101614737738823 
-8.144351462799268 
-8.341711298994074 
-8.366431535777938 
-8.636946431077117 
-8.692712810875285 
-8.680893101004783 
-8.690956549175672 
-8.70759205010237 
-8.535412454532505 
-9.277379868326392 
-9.480544165928947 
-9.600031149611596 
-10.136436418768405 
-10.10556291662741 
-10.105585057047392 
-10.127270651284514 
-10.01052495438708 
-9.923913076120131 
-10.147411082270821 
-10.0336854493777 
-9.973748344103711 
-10.090328902082128 
-10.427331278879246 
-10.239706798940308 
-10.19959822770729 
-11.349589826117818 
-10.216260844384895 
-10.258930286004112 
-10.855160635779843 
-11.11702149002997 
-10.952609543265595 
-11.2875155893139 
-11.297523777462224 
-11.855108141755197 
-12.738974836731634 
-13.237354799329378 
-12.588361661327971 
-12.866855056538963 
-12.892346727495998 
-12.69606458514901 
-12.865399757203539 
-12.739023161715334 
-12.746058913831142 
-12.814183843417993 
-12.640612893098963 
-13.118246591023084 
-13.13336695020755 
-13.408944410127704 
-13.628494791867897 
-13.745250711906552 
-12.995365262410727 
-12.158012423047843 
-12.809250061541817 
-12.917698219801984 
-11.975093313176576 
-12.18651770885472 
-12.24807612173211 
-13.161125210522266 
-12.414637249581762 
-12.695006152111123 
-10.968808336789978 
-10.908945372665828 
-11.094067445712323 
-11.15412368629069 
-11.269651371797403 
-11.282802711355009 
-11.087403458922584 
-10.613018406668353 
-12.060001240588878 
-12.373723575321629 
-12.611178651322067 
-12.428285187054705 
-12.483204501784746 
-12.685676051879446 
-13.360553745207485 
-13.777446970801156 
-13.742041978778678 
-13.667867890466795 
-14.229031921643898 
-14.254882177342878 
-14.123953557194284 
-13.560922134060792 
-13.568211284223246 
-13.497722347499991 
-12.73504388101778 
-12.313162562928195 
-12.843171422012059 
-13.307239869371427 
-13.318504014294179 
-13.290747326375236 
-13.155871184207331 
-13.246118927813239 
-12.845362592083427 
-12.824471190298752 
-12.814127150493583 
-13.385069540082602 
-13.782150098628737 
-13.65457156026357 
-14.156850011163979 
-14.360042604201915 
-14.442507533719755 
-14.397957232704986 
-14.16042953401732 
-13.84887386401563 
-13.748140511403351 
-13.535543473618063 
-13.606017570021912 
-13.60257770235111 
-13.502696761418255 
-12.953615890175374 
-12.823851935542995 
-13.394110525132861 
-12.347243903123253 
-12.297056831016 
-12.35154749674776 
-12.329062773959617 
-12.35664987249183 
-12.333179012443235 
-12.462845073336538 
-12.491465057639804 
-12.408085744619145 
-11.188789272555145 
-14.045992261210221 
-14.048887236406745 
-14.125980824615846 
-14.194620111510348 
-13.75791220897975 
-13.740802325043202 
-13.710176576187635 
-13.639167643065974 
-13.651786752541911 
-13.624544738361163 
-13.63669870226788 
-13.938983971574224 
-13.936105377992531 
-13.961374489872124 
-13.93341016976419 
-13.999126073323024 
-14.017716915809286 
-13.061107749959351 
-13.111473398099736 
-14.026277022907392 
-14.406684094373203 
-14.480054339309511 
-14.30956467794355 
-14.692628287663375 
-14.682969985798714 
-14.787426293918221 
-15.550393877342234 
-15.660624812424519 
-15.664746420093282 
-15.731667248044165 
-15.74838505362168 
-15.751002899929064 
-15.825107352421487 
-15.942385496352957 
-15.860727132679536 
-15.910178042541125 
-16.05266993097443 
-15.885740373251094 
-15.893108554324762 
-14.357950244982504 
-14.40156030905314 
-14.522457806535963 
-14.657940153705914 
-14.78853599621983 
-14.736902197462591 
-14.90895132083965 
-14.86301693862577 
-14.845010460521763 
-14.492527025641708 
-14.482016389077002 
-14.481348000815318 
-14.588651023950998 
-14.874847901129375 
-14.884217976944216 
-15.091755064456692 
-15.081718093839415 
-15.155548995054563 
-15.123150591413092 
-15.01118337252759 
-15.626378454128691 
-15.917708903386202 
-16.005191424761474 
-16.116879552055355 
-16.11833878433833 
-16.110684080208074 
-16.29915804529926 
-16.33555746326026 
-16.444001641259707 
-16.27680282364553 
-16.402889195990454 
-16.391844027095768 
-16.45019161154867 
-16.27048641933089 
-16.29967328613104 
-16.0620002468677 
-16.20907358763474 
-16.546541583641446 
-16.34759812412859 
-16.33492448649008 
-16.28287792410485 
-16.273118953625023 
-16.359187607569904 
-15.904984764398245 
-16.314280214178016 
-16.31633053500588 
-16.272026292758955 
-16.272374698915193 
-16.174795629865677 
-15.059800589648658 
-15.328312677844046 
-15.14558735445492 
-15.07271107270608 
-14.924711724591942 
-14.954462367475275 
-14.93312104738079 
-14.844506185409859 
-14.7217601145423 
-14.729086077810418 
-14.860156049389571 
-14.860100960295899 
-14.704893954521165 
-14.579028833370483 
-14.576972902586977 
-14.553204061105456 
-14.869728466225103 
-15.047810596759533 
-15.06711119723583 
-15.132331504255465 
-15.047516065458748 
-15.481958949989735 
-15.307754999235305 
-15.345280092869398 
-15.485670856607609 
-14.824130124745997 
-15.175855487948866 
-14.269749532109872 
-14.54702789562845 
-14.375605276674461 
-14.498937196941808 
-14.458468772726993 
-14.074124984320822 
-14.187796274856105 
-14.162650953777481 
-14.083971536856918 
-14.089555464413882 
-14.061334739222108 
-14.13620908203783 
-13.98690250274334 
-14.000757607971767 
-14.022525359011707 
-14.014783697075949 
-14.017749885298983 
-13.648262883507545 
-13.322451416310038 
-13.853392275993183 
-13.927303491070939 
-14.37519131518763 
-13.93095061517286 
-13.911711706000437 
-14.070433216434356 
-14.26418972896598 
-14.089822753414245 
-14.038398767944472 
-13.326847034887507 
-11.960051393536753 
-12.98818637268627 
-13.148275694164786 
-13.060566877735777 
-12.957444672966988 
-13.03249320659995 
-13.182740821232303 
-13.086121147602269 
-13.07922161072213 
-13.079384045747211 
-13.268962632263834 
-12.926953932867777 
-13.434825243403925 
-13.686725069278301 
-14.041073109299631 
-14.277951482968353 
-14.121030479219058 
-14.30655573966728 
-14.681014238465941 
-14.707665256213215 
-15.150048542688564 
-14.864445298479929 
-14.843913035954898 
-12.629790432505605 
-11.560333131874668 
-11.683089214430026 
-11.640404387024317 
-12.488847299562712 
-13.746506064537702 
-13.221325494430545 
-13.125502343319006 
-13.856317098252735 
-13.819025719599342 
-13.91155638527443 
-13.349291428848295 
-14.498345271081899 
-15.484062092638418 
-15.475577183607108 
-16.023736216227128 
-14.68997650491629 
-14.312356501978268 
-14.336949019286607 
-15.978304238462766 
-15.501357110490751 
-15.415569982758361 
-15.689141015751872 
-15.515802522871885 
-15.527548834002717 
-15.403729307902328 
-15.40439476406135 
-15.409204267153529 
-15.40562331704873 
-14.97125195456068 
-14.99029254330055 
-14.445467298543901 
-12.993152103938613 
-13.388367933332225 
-13.252294715807986 
-13.486997572651676 
-13.806862933386103 
-12.710232746152961 
-14.718446985885093 
-14.715844452159205 
-14.79528370533081 
-14.4681194071639 
-13.807312654362551 
-13.868143411832854 
-14.338063140162458 
-14.272973994365877 
-15.534567445083356 
-14.027675232682355 
-14.3118675108324 
-15.010532023902108 
-15.111227918596601 
-14.918597430226896 
-15.24194769584853 
-15.848212912147035 
-14.862567623729104 
-15.045941240991086 
-15.01380384760547 
-16.473091575141225 
-16.51880434810834 
-16.01926398231354 
-15.632194951022761 
-16.5631238601144 
-16.51844136810769 
-16.55367252760348 
-16.650549571482046 
-16.503109104570367 
-16.727323441744666 
-15.020499003704566 
-14.989991185395063 
-14.91461944164912 
-14.92835312647425 
-14.854418092817507 
-13.304070091181666 
-12.730186081584662 
-12.611554349895018 
-11.43306333074345 
-11.778700989288955 
-11.755291974379455 
-11.938714393348038 
-11.91845410018308 
-12.263505077784531 
-11.488155705263132 
-11.518594152273746 
-11.617988475248039 
-11.653615262406626 
-11.670536874889878 
-11.668784766290178 
-12.652742122173619 
-13.027335351890711 
-13.670689783125267 
-13.68085106155642 
-13.627577029136376 
-13.835883646819001 
-13.65244147105027 
-13.716556438220088 
-13.60774755352212 
-13.498667203822983 
-13.666799719149937 
-13.634922985893375 
-13.072758943485265 
-12.974956282829906 
-13.3478239781967 
-13.32204784883698 
-13.275863037652556 
-13.728270723430763 
-13.71797826992278 
-13.987007795651602 
-14.162649954926833 
-14.168016168719962 
-14.216644306082879 
-14.366274322612226 
-14.571254372714352 
-14.542832818068732 
-14.78621571123299 
-15.087372807994424 
-15.054214777475277 
-14.818779518633585 
-14.847336084503839 
-15.04429288065678 
-15.120695014140354 
-15.232171362077466 
-15.207149012020954 
-15.18185600265648 
-15.045042933880572 
-15.070042614496309 
-15.131890616553804 
-15.04747149431017 
-15.200824669938456 
-15.196708412370215 
-15.454348863964173 
-15.850819809992956 
-15.759842230369577 
-15.766878542721855 
-15.881186748024465 
-15.464958180513953 
-15.596488304864339 
-15.603865360737837 
-15.77811818727009 
-15.395059856112542 
-15.398758943054917 
-15.484455157458674 
-15.56585119456243 
-15.652359323887165 
-15.709081360219708 
-15.713368413744803 
-15.36547463706065 
-17.62375276426239 
-17.883925433397827 
-17.673178209402742 
-17.673316487834946 
-17.169458114741733 
-17.010960594674803 
-17.084849309837473 
-17.321151770496108 
-17.4190354586795 
-17.19969964043067 
-17.185353438626336 
-17.111550565536163 
-17.093988746913677 
-16.988015446358666 
-16.96275408401911 
-17.005060177632977 
-15.54854362085247 
-13.332186291243392 
-14.572907749013307 

 Time 
78.0644371509552 
