Energy 
 
3.8998005448887016 
2.506844806864958 
0.5011994862414014 
-2.014989488962019 
-5.416847334106441 
-8.278258497426314 
-10.332783765584113 
-12.218692929275106 
-13.35516913592225 
-14.113437663451558 
-14.73214522480695 
-15.211720518917485 
-15.680403885877263 
-16.115938696464 
-16.51837151992822 
-16.86970441342325 
-17.20348255010198 
-17.55713628763624 
-17.891459784409427 
-18.28180345167847 
-18.619306412783367 
-18.94021475751142 
-19.245834854223897 
-19.54394644045511 
-19.817464208485895 
-20.08437052245697 
-20.32930036664489 
-20.5616090821056 
-20.688834281273397 
-20.89054918236822 
-21.16176000087144 
-21.39090252479787 
-21.589556178112307 
-21.764464126228976 
-21.925895442677355 
-22.07676240999147 
-21.934911012867946 
-22.29219352301729 
-22.5386380895276 
-22.66125768537352 
-22.771286268377114 
-22.86184851554298 
-22.946444883942515 
-23.026894356732875 
-23.1039372740479 
-23.17771870855315 
-23.25755026913262 
-23.332563122687763 
-23.40251627383151 
-23.472337055505278 
-23.537622118621137 
-23.600114282515463 
-23.659709776384275 
-23.71648967825696 
-23.77017588554078 
-23.821211597511862 
-23.870136376156456 
-23.922651892392995 
-23.793711275703167 
-23.97412245134919 
-24.053892380293277 
-24.111683535419825 
-24.157399835290565 
-24.201502006078083 
-24.24524914231923 
-24.285200260882025 
-24.323020385443858 
-24.354708815602994 
-24.38211623028344 
-24.30477837582137 
-24.37449461458589 
-24.428419756456474 
-24.465676689532863 
-24.441577124574362 
-24.516975175238024 
-24.538968685779697 
-24.519919873867657 
-24.571102635811375 
-24.59390951066953 
-24.614398348559305 
-24.633728598104657 
-24.652420379531563 
-24.670855642203446 
-24.688710788766052 
-24.706050462879507 
-24.722829107305625 
-24.739183769437023 
-24.755475713284554 
-24.77165793328378 
-24.78767387058432 
-24.803050944697816 
-24.817596838660787 
-24.83167064311715 
-24.845221343723033 
-24.858289886824092 
-24.870912812419792 
-24.874948397708295 
-24.870570760936523 
-24.898316436936824 
-24.914983993183235 
-24.928206449638324 
-24.9401896175225 
-24.951272841558318 
-24.961897142336216 
-24.97215654858932 
-24.98212142121217 
-24.99183992627853 
-25.001460970298986 
-25.010730061158792 
-25.019663532326227 
-25.028334405596485 
-25.036944469651125 
-25.045210013030378 
-25.05356559487028 
-25.060946986212763 
-25.0706169633886 
-25.076369246854743 
-25.054506896400074 
-25.063358124496666 
-25.072519375794908 
-25.084367762923296 
-25.10164513460035 
-25.11971802144628 
-25.12668964469649 
-25.133378464090598 
-25.139837221405536 
-25.146135988141964 
-25.15223056960818 
-25.158128442403857 
-25.16403795359697 
-25.169663278935356 
-25.174962397044926 
-25.180093742601542 
-25.185080299000443 
-25.189949335991667 
-25.194693665518322 
-25.199338184175538 
-25.203890728381662 
-25.20832219885152 
-25.21197986544102 
-25.216893042567822 
-25.220967215495282 
-25.22491444510748 
-25.228781595502586 
-25.232541549238675 
-25.236341853189646 
-25.239990120422547 
-25.2435296812803 
-25.247023144420265 
-25.250413241754508 
-25.25374083378549 
-25.256967248990275 
-25.25983078068771 
-25.252765202664342 
-25.264462138925616 
-25.268732518752536 
-25.271506163444357 
-25.27419795014585 
-25.276819182052645 
-25.27936775404624 
-25.281817483855598 
-25.283700933949103 
-25.286677157091034 
-25.2890586542161 
-25.29130358263415 
-25.293461867611285 
-25.295551558948386 
-25.297575348272854 
-25.29955785437622 
-25.301479192980203 
-25.303351217627633 
-25.305202189329314 
-25.307000464152765 
-25.308810008841725 
-25.310553180245684 
-25.312248125864585 
-25.313908853725728 
-25.3154730554991 
-25.31698991658074 
-25.318478721278087 
-25.319918435949756 
-25.321346744699163 
-25.32271343514118 
-25.324042826431448 
-25.325337514499143 
-25.32666791398827 
-25.327945277225883 
-25.329183895553207 
-25.330386332384776 
-25.331557301092197 
-25.332713582140315 
-25.33383112545665 
-25.334915152680242 
-25.335968174604112 
-25.337058604566664 
-25.338106730881137 
-25.339123041845333 
-25.34011146126663 
-25.34108478035614 
-25.34203047564777 
-25.34296478309526 
-25.34386790576068 
-25.344741947364557 
-25.345590031833193 
-25.34641453172408 
-25.347218563164066 
-25.3480026295826 
-25.348760285231037 
-25.349496465343368 
-25.35022036315871 
-25.350930540186333 
-25.351616638141724 
-25.35228882896992 
-25.352934790134757 
-25.353560434551497 
-25.35416811022255 
-25.35475637128891 
-25.355324420211424 
-25.355875506588706 
-25.356409458466683 
-25.356955207994613 
-25.35748192837706 
-25.35798931785336 
-25.358481908238232 
-25.358954065547085 
-25.359417644928154 
-25.359863061230076 
-25.360296272310745 
-25.360711917941536 
-25.36111284546306 
-25.36150076341343 
-25.361876257506108 
-25.36223890364205 
-25.3625868669155 
-25.362924864100165 
-25.363251681728723 
-25.36356573501257 
-25.363869621058914 
-25.364162529382835 
-25.364443912886976 
-25.364716715245848 
-25.364984557205617 
-25.36524618129144 
-25.36550457579464 
-25.36575141123748 
-25.36598641516686 
-25.36621077154537 
-25.366427994197668 
-25.36663815864876 
-25.36684156978278 
-25.367041088629733 
-25.367234231091015 
-25.367420952800657 
-25.36759573322765 
-25.36776091643049 
-25.3679213345778 
-25.36807644604822 
-25.36822628384374 
-25.368371289093506 
-25.3685114144634 
-25.368647326226654 
-25.368777993884343 
-25.368902882330822 
-25.36902308890337 
-25.369139854730697 
-25.369253135428067 
-25.36936287186556 
-25.369471391615775 
-25.369575942700354 
-25.3696772796004 
-25.369774706693406 
-25.369869127168368 
-25.36996058187497 
-25.370049287533423 
-25.370135137250614 
-25.37021848804829 
-25.370299698184663 
-25.370378416794434 
-25.37045526809804 
-25.370529825725118 
-25.370602382549215 
-25.370672398388724 
-25.37074031820246 
-25.370806128506878 
-25.3708699381747 
-25.37093176056515 
-25.37099228227127 
-25.371052735375557 
-25.37111151865718 
-25.371168590847425 
-25.37122389345591 
-25.371277498811974 
-25.371329505600336 
-25.371379823675486 
-25.371428502390117 
-25.371475471841848 
-25.371520682729336 
-25.371564641368685 
-25.371606995969664 
-25.37164788631356 
-25.371687624828645 
-25.371726211570056 
-25.37176323074091 
-25.371797837581642 
-25.371831217093096 
-25.371863391958986 
-25.37189464181506 
-25.371924723157615 
-25.371953835206593 
-25.371982136144766 
-25.372009673320743 
-25.37203644062426 
-25.372062493641977 
-25.372087843057308 
-25.372112462774627 
-25.37213647414074 
-25.372159821732424 
-25.372182547719135 
-25.372204741251263 
-25.37222637601575 
-25.372247331330048 
-25.37226772410411 
-25.37228761133649 
-25.372306903648518 
-25.372325717752336 
-25.372343698752744 
-25.372361194318728 
-25.372378174305627 
-25.372394805296317 
-25.372410947676013 
-25.372426641865097 
-25.372441915360262 
-25.372456810744012 
-25.37247130136683 
-25.372485376075083 
-25.372499100243868 
-25.372512454352467 
-25.372525675950328 
-25.372538267375454 
-25.3725505056629 
-25.372562410639517 
-25.37257399882563 
-25.372585396830342 
-25.372596490127172 
-25.372607285945083 
-25.3726177986503 
-25.37262801464536 
-25.372637926690313 
-25.37264757548732 
-25.372657018694955 
-25.37266620954721 
-25.372675204159137 
-25.37268395952689 
-25.372692324536402 
-25.37270037302253 
-25.372708196623666 
-25.372715807465994 
-25.372723247054484 
-25.37273049192614 
-25.372737574910538 
-25.372744440450827 
-25.372751148855563 
-25.37275766088108 
-25.372764006618034 
-25.372770193879 
-25.372776215644905 
-25.372781846281402 
-25.37278732860051 
-25.372792673578598 
-25.37279790099425 
-25.372802999786636 
-25.372807974503516 
-25.37281279721349 
-25.37281747106817 
-25.372822026157106 
-25.37282646325293 
-25.372830808616847 
-25.3728350752369 
-25.372839252854664 
-25.372843320120012 
-25.372847293425707 
-25.37285116580479 
-25.372854939897408 
-25.372858625472187 
-25.37286222818454 
-25.372865704675785 
-25.37286907851063 
-25.372872371942293 
-25.37287559284425 
-25.37287874091471 
-25.37288182084473 
-25.37288483065686 
-25.372887794191698 
-25.37289070088664 
-25.372893552975363 
-25.37289634091158 
-25.372899070407616 
-25.372901739217824 
-25.372904347586 
-25.37290688932092 
-25.372909397619008 
-25.372911825426566 
-25.37291420121831 
-25.372916516405684 
-25.372918776237093 
-25.37292098513047 
-25.37292314290645 
-25.372925257463734 
-25.372927323185902 
-25.37292934415148 
-25.37293132161696 
-25.3729332544451 
-25.37293515066246 
-25.37293701057541 
-25.372938827020153 
-25.372940604219586 
-25.372942331243465 
-25.372944014908168 
-25.37294565958306 
-25.37294726660432 
-25.372948840742975 
-25.372950378756144 
-25.372951886161715 
-25.372953351990386 
-25.372954788343108 
-25.372956189087475 
-25.37295755520579 
-25.372958893547672 
-25.37296020266933 
-25.372961479113354 
-25.37296272635125 
-25.37296393891892 
-25.372965120162235 
-25.372966269476702 
-25.3729673927353 
-25.372968502470677 
-25.37296958683192 
-25.37297064651653 
-25.372971682073814 
-25.372972695400165 
-25.372973691264146 
-25.372974664435425 
-25.372975615343975 
-25.372976528640365 
-25.372977423924482 
-25.372978297907117 
-25.3729791517571 
-25.372979984893295 
-25.37298079502307 
-25.3729815868557 
-25.372982363182494 
-25.372983121672988 
-25.37298386341229 
-25.37298459314087 
-25.372985302807674 
-25.372985996744433 
-25.372986676477378 
-25.37298734239788 
-25.372987992878045 
-25.372988631090774 
-25.372989254684573 
-25.37298986238278 
-25.372990456911875 
-25.372991038977627 
-25.372991608111512 
-25.372992164480568 
-25.37299270867671 
-25.372993241048537 
-25.372993759949566 
-25.37299426726906 
-25.372994765115905 
-25.3729952512998 
-25.372995726673352 
-25.372996191648237 
-25.37299664573922 
-25.372997089990264 
-25.372997524839754 
-25.372997949840062 
-25.372998365957105 
-25.372998772592055 
-25.372999169946006 
-25.372999558534314 
-25.372999938378026 
-25.37300030991047 
-25.37300067536347 
-25.373001032022046 
-25.373001380752413 
-25.373001719113237 
-25.37300204956944 
-25.373002372821514 
-25.373002690140584 
-25.373003000386653 
-25.373003303786913 
-25.37300360077302 
-25.373003891107313 
-25.373004174757078 
-25.373004451566285 
-25.373004722144096 
-25.373004987252763 
-25.373005246240965 

 Time 
2007.0014250278473 
