Energy 
 
3.644175773884647 
1.6980942461366642 
-0.9479752392654588 
-1.0345086722698884 
-1.0540824124526238 
-0.9653951387371619 
-1.7709927783306043 
-2.081908021700372 
-2.1377467566056962 
-4.410444841759347 
-4.9020658405270225 
-4.870387914725104 
-5.659881068506552 
-5.597102446392038 
-6.185382055593646 
-6.211339389574568 
-6.191163939052283 
-6.8525276356640035 
-6.498692044948636 
-6.748865054152727 
-7.951397582694609 
-8.08865949033565 
-9.400803725610004 
-11.188596688075798 
-11.206676447432836 
-11.2084179507741 
-11.284858232644183 
-11.312439599470277 
-11.278384909260826 
-11.090966050447285 
-11.099338784949577 
-11.248481141016407 
-11.29331549616159 
-11.952333824793598 
-12.152460780279165 
-11.413287080370354 
-11.36422159974407 
-11.18389176903607 
-11.129605893937994 
-11.078996232305931 
-12.085999447323411 
-11.649734777677551 
-11.279654585290569 
-11.698309349288012 
-11.787196623333676 
-11.566015091531142 
-11.65078638375918 
-11.595647588754227 
-11.556824341367056 
-11.565737045841582 
-11.686377254039698 
-11.395614035041111 
-11.283835229358589 
-11.273794885715084 
-11.180214047049217 
-11.5584151737632 
-11.47230603880768 
-11.489843724914603 
-11.786114406906831 
-11.937292154124531 
-11.92815542845567 
-11.509867867979342 
-11.926489061043773 
-12.252245160880168 
-12.094903453047193 
-12.449487728071407 
-12.1400896206785 
-12.138518102248161 
-12.142759552143728 
-12.145022546095646 
-10.967448913172763 
-13.18669280977651 
-12.897413525367554 
-13.200281573370699 
-12.972542668619099 
-13.509802092822913 
-13.665553264628517 
-13.500115458867963 
-13.870202552220313 
-13.860425738866343 
-13.858595421231104 
-13.793293063416504 
-13.8055503547518 
-13.778692747082118 
-13.807006480535607 
-13.54614051720486 
-13.403753849377146 
-12.99077575009209 
-12.822770182560904 
-12.915981972589702 
-11.427029242231779 
-11.784606708552184 
-10.503716961650126 
-10.159461151648731 
-10.80765953790293 
-11.19331616543464 
-11.182520602491737 
-11.166072974876105 
-12.51622377940831 
-12.864815409421734 
-12.518146539074387 
-12.614725889859075 
-12.91417602801615 
-12.96084162694311 
-13.062427996380165 
-13.163216349824136 
-12.425380142818197 
-12.776497057697076 
-10.439377641160648 
-10.538859721714015 
-10.139537884711801 
-10.552712346913726 
-11.139350889831324 
-11.638889080276718 
-11.875102849200378 
-12.625572146070477 
-12.19681443777146 
-12.714520228277035 
-12.914174931790598 
-12.897668297590744 
-12.93397745857277 
-13.821931709110501 
-13.791069031313297 
-14.009116140238026 
-14.35418473195731 
-14.326246693203538 
-14.649764959177507 
-14.670445487873808 
-14.560018950789436 
-14.713953821545887 
-14.772254315016951 
-14.638370711328529 
-14.667868207782865 
-14.538802456501983 
-14.43732486169677 
-13.744561543120238 
-13.272651388651203 
-13.310958660112835 
-13.578782420205734 
-13.698586252850314 
-13.939521815161713 
-14.276874238028837 
-13.993314091017522 
-14.001357390673615 
-14.182852030902513 
-14.070319932442676 
-14.07003546799252 
-14.168104936096572 
-14.31435782304273 
-14.30479177565895 
-14.295309210777976 
-14.049417091632815 
-14.201467636725095 
-14.34018723271124 
-14.503161531094872 
-14.601261353645413 
-14.7294195366771 
-14.641609824308151 
-14.808684148355686 
-14.973275888748274 
-14.900832649604418 
-14.96427181620447 
-15.231733639594873 
-14.592280793504774 
-13.682431584942112 
-13.804310427517933 
-13.765127170397202 
-13.485976384834041 
-13.892216579355901 
-13.2699118632979 
-13.344705348638534 
-13.664764802250494 
-11.187918606782606 
-11.354470042996585 
-11.185938631097434 
-11.053362479315574 
-11.309685028070946 
-11.113171058621619 
-11.107439159522976 
-12.998381598753772 
-12.780402219258875 
-10.678861862855566 
-10.719123383537164 
-10.90920648044806 
-10.873414733523955 
-8.020149938661692 
-13.311777514958303 
-13.33489440554124 
-13.350044527671127 
-13.278433375041843 
-12.96899481921937 
-13.707827198763123 
-13.728368153717343 
-13.768328762025865 
-12.845770929341043 
-11.921030018004647 
-8.224247392554316 
-7.633546764952657 
-10.601540084238247 
-9.553867868130864 
-10.505894974349776 
-10.489901378246438 
-10.421006205427343 
-10.89011195597135 
-11.109270536078744 
-11.48026650997747 
-11.481045400517804 
-11.931062394038765 
-11.786149306029593 
-11.456213950939674 
-12.701797076385475 
-12.895091338251678 
-12.523378163905939 
-12.541695564163543 
-13.965210747659354 
-9.632310353606247 
-4.2139583519555375 
-4.594607047258024 
-5.568099634758674 
-7.190251228406984 
-7.3883084868616775 
-4.946132699314947 
-4.921421747939623 
-5.166986337476637 
-6.3553508983442635 
-6.415056315256773 
-6.466203911742759 
-6.473057495409003 
-6.3856508344378895 
-6.367893557714812 
-6.530458032303101 
-7.686465632556114 
-6.421209082608287 
-6.402926232511135 
-8.007619664970589 
-7.2367395812258675 
-6.329108555358665 
-6.554293701096205 
-6.977715948307168 
-7.1574251953191474 
-7.550616452072807 
-7.493682929097504 
-7.48525132851468 
-8.561921672744152 
-8.629884069626367 
-9.109902070343743 
-9.361553217443655 
-9.071608686046895 
-9.054925379647926 
-9.044603285946213 
-9.428972088394584 
-9.34911074538212 
-7.41442937572569 
-7.914375217125322 
-7.896749601457736 
-8.07433399581748 
-8.079558256170648 
-8.37132831736733 
-8.052095324413127 
-8.17033729873477 
-7.960776046885481 
-8.137224872550146 
-8.667313588204433 
-9.98323664334225 
-10.08897869995769 
-10.019539209409444 
-10.491313275451644 
-10.466590235195053 
-11.217018977447752 
-11.219257425840015 
-11.184921162444553 
-11.203069071706132 
-11.183175546403355 
-11.504387041590935 
-12.185094224713422 
-9.594360789376388 
-9.657559439932339 
-13.420903515453805 
-13.522778707581178 
-13.769966207888386 
-13.825946504212919 
-12.76548102471158 
-12.354295821339527 
-12.964906869262947 
-13.61186039137633 
-13.759967192006568 
-13.705760170900879 
-13.520309001702664 
-13.397472829281869 
-13.414014273353091 
-13.308966915603886 
-13.51177739495872 
-13.896032744033736 
-13.630884753051708 
-13.451877713241757 
-13.710058312510824 
-13.742489270167741 
-12.710885175497724 
-13.064001209624886 
-13.631213900741717 
-11.906366139285296 
-10.823692186727053 
-10.157791289556084 
-10.798927986423413 
-11.637762133273954 
-11.398390992872397 
-11.54513241493991 
-11.48829504353516 
-11.278744168646197 
-11.630609892457741 
-11.623259587213715 
-11.630200283904879 
-11.884908977993849 
-11.940462344561261 
-11.849225771582509 
-11.84909772412143 
-11.960795038823749 
-12.668551768533932 
-13.065758306374187 
-13.478625870322968 
-13.551502814022083 
-14.692044443871573 
-14.098365340195684 
-13.320664788053122 
-12.597970399002328 
-12.521172507401559 
-13.270415606924361 
-13.945082901939585 
-13.76696126195147 
-12.971455415593988 
-12.989180218251585 
-12.636473642709875 
-12.654206206578111 
-14.913461675165628 
-14.853269084249266 
-14.925936749252743 
-14.90960553037825 
-15.061939914174587 
-15.134484998323607 
-15.21809437882593 
-14.802870777715114 
-14.789867830856771 
-14.549976222250487 
-14.443136356523771 
-13.641975235250456 
-13.835024262155054 
-14.563209074596582 
-14.561740760996342 
-14.041092002636619 
-14.015918646861973 
-14.27455126358424 
-10.720439378926466 
-10.279433565691274 
-11.652515342397919 
-12.625954378924286 
-13.479867548187784 
-13.617131807885514 
-10.781583974558151 
-11.154127699952301 
-12.462062392317275 
-13.655608082714163 
-13.667153562960811 
-13.823383139356663 
-11.638735370650961 
-11.88057648267797 
-12.04957336672625 
-12.366740305343546 
-11.749334067956097 
-12.239965322155513 
-12.277388294813564 
-12.27792117921736 
-12.348260035438095 
-12.863320979572473 
-13.057668721678679 
-11.102978265400568 
-11.518409332899616 
-11.506099038820622 
-11.807081448551745 
-9.879478030792043 
-9.890285349931087 
-8.7796984102604 
-8.719351272445506 
-10.441107841316867 
-11.815814892697368 
-11.973132380381685 
-12.216583859138307 
-10.169744410568446 
-9.361708205640868 
-9.316835678160352 
-9.240698734347504 
-10.844112320202557 
-12.422864010471471 
-12.42599161811728 
-12.625548537922345 
-12.886772478773377 
-12.916489839370525 
-11.54269175488074 
-15.201833976612516 
-15.61602152020228 
-14.21582752085429 
-14.345576684782133 
-12.965106359497861 
-9.17304391360138 
-9.629187723280488 
-9.97110086498995 
-8.213890375642148 
-8.388709377850972 
-9.179443549945043 
-12.171620785704874 
-13.105181134456972 
-12.91581415455223 
-12.905643534511377 
-12.07245940180927 
-12.041162806876091 
-12.029618023776395 
-12.084454605650404 
-12.991003601329624 
-13.18785852579665 
-6.403284765508835 
-6.77787343695661 
-6.793574067288091 
-7.800891132268524 
-7.8013809269721355 
-8.360158855932347 
-8.277475450821367 
-8.807235088473275 
-7.562911823642668 
-8.849696682165316 
-10.987759732155517 
-11.075097566129708 
-11.234561680374071 
-11.252544163617568 
-11.086636097970974 
-10.599782858577829 
-11.416460559415613 
-11.501763770789324 
-11.667252668049148 
-11.78919475869459 
-12.225937548224248 
-12.300239572883923 
-11.23691843350361 
-10.048266110864963 
-9.907438309839929 
-10.187668552674543 
-11.63492959767039 
-11.309623331886307 
-11.053264255390301 
-12.7474811996482 
-11.879356319113038 
-11.708165922945678 
-10.492363476040504 
-10.443889023667843 
-12.274847182713039 
-12.160558010117164 
-13.232290356122064 
-13.232013386545097 
-12.869607761764945 
-12.8747702182054 
-13.555899880153119 
-13.71868429185179 
-14.051050720268336 
-13.374137201417183 
-13.76904615159656 
-13.607401017843205 
-13.514613198159802 
-12.971518956577508 
-12.969877355715361 
-13.646417420941454 
-13.98570208376069 
-13.749742638971991 
-13.904024915799349 
-13.910034160051351 
-13.671279259751888 
-13.710451577691286 
-13.541794170680344 
-13.589034908807145 
-13.62630442237866 
-13.438981234598401 
-12.612641069696801 
-12.135036364285446 
-11.216202298622925 
-12.70383098016655 
-13.116770658986075 
-12.921881271705725 
-8.053144274359903 
-8.039816805554741 
-8.366590799872126 
-8.570725329274106 
-8.628041852660235 
-8.48732113265656 
-8.539836754976738 
-9.58671083568078 
-9.601889541978297 
-9.515393795650034 
-10.045302153076191 
-9.642060785049491 
-9.93738686813653 
-10.09021635440926 
-11.225741547354122 
-11.089219825842383 

 Time 
104.11360383033752 
