Energy 
 
2.390142678989272 
1.2079522403648393 
-1.3900212571005908 
-1.8529088362008774 
-3.412109187128357 
-5.164140790006263 
-7.63568644850277 
-7.788635880704751 
-6.8470728343118425 
-7.061754870919498 
-9.361929508325735 
-9.296729351069047 
-9.245597661040444 
-9.31738511609746 
-9.349943924097085 
-9.19711856642139 
-9.20405845985826 
-9.211038820571721 
-9.309616445874008 
-10.420991334053289 
-10.440823034376127 
-10.13808943917968 
-9.694841396926718 
-8.078092629977835 
-8.385061403586443 
-8.348473672041985 
-8.310519572796512 
-8.474529676331716 
-8.72801057134216 
-8.948078394759424 
-8.871730278545217 
-9.693579995662102 
-9.85999767677894 
-8.394011642877299 
-7.832978518440859 
-7.649764554512083 
-7.825780393783723 
-8.104121734064059 
-7.9861161405747065 
-7.2385311207102125 
-7.396018371790657 
-7.2405038277327325 
-6.436063252988468 
-6.779488302993125 
-6.404966860284027 
-6.675482635600153 
-5.844873732575631 
-5.093568384829099 
-5.4270027764433815 
-5.526640335136906 
-5.37285943211373 
-5.188449609779458 
-5.55113939773123 
-5.813529311337831 
-6.21605860756581 
-5.3270001355407 
-4.315261734145574 
-4.278169152558144 
-8.45515501104891 
-8.725072108233505 
-8.561548249513086 
-8.422262983152352 
-8.285018133265764 
-9.626396052770476 
-9.110459004430552 
-9.037898990429431 
-9.468815578467 
-8.470345383295742 
-8.897337569944915 
-9.977804294346084 
-7.588079970207575 
-7.338702812863319 
-6.689088494592531 
-7.069691135225145 
-6.603614386755271 
-7.441670828008028 
-7.348011360972933 
-7.615998803314592 
-7.785237988161766 
-7.29437738627162 
-8.02834492623406 
-8.046793126173391 
-8.196023309393834 
-6.703130830302232 
-5.983211783598963 
-5.434803365808312 
-3.271170634316738 
-3.7243180257323525 
-4.22560323551542 
-3.6768739447467556 
-4.587029137564674 
-3.9037153244686658 
-4.927627552726645 
-5.165029005399313 
-5.34216318778224 
-5.6185134995944885 
-6.28777804110159 
-4.39335330691537 
-4.657530949016119 
-5.0983940383111666 
-5.27878688871146 
-5.514653571275273 
-5.264057160619356 
-5.620210188236258 
-5.50501487822185 
-5.2550157503089165 
-7.581957230072801 
-7.176205585626262 
-5.956925640675222 
-5.060099458950031 
-3.5508329477049316 
-3.5597232779519525 
-3.6293377265386355 
-5.147853797247357 
-5.296574575465238 
-5.465575934406608 
-5.494866932551638 
-5.123348880668514 
-4.0099848108642835 
-5.414645142165725 
-5.527986134733727 
-6.163903152289453 
1.5273495152161884 
1.5527496328525876 
1.1759983564336995 
-0.8681705863579742 
-0.7391287646807938 
-2.8524365945778247 
-3.664533192852033 
-4.375559306408562 
-4.129121542959425 
-3.7788418363494136 
-3.2573077558418655 
-3.7490350909230443 
-4.0283936375388425 
-3.988919786472487 
-4.152757632421536 
-2.8983324432074635 
-2.676950884768516 
-3.238258205091163 
-3.9869887647216298 
-5.547939315121022 
-5.778328650653302 
-5.222647632184182 
-5.715617454955334 
-5.673832644579558 
-5.4891442474173395 
-7.373002363162537 
-7.624800974361201 
-7.6983192640348985 
-7.8533665255697445 
-7.809989070396738 
-8.884255954895599 
-9.575193434256247 
-8.763346599311097 
-9.028691658828889 
-10.46259767983768 
-9.682630081981111 
-10.704839903047299 
-11.414026816198142 
-11.475256849654697 
-10.663313546361131 
-7.788428603129645 
-8.553112460959472 
-8.475829715932733 
-8.645895726005245 
-9.567947575368276 
-8.582836868778806 
-8.573198696905854 
-9.470238405035964 
-9.526323943199566 
-9.017266280360333 
-9.076828830228296 
-9.313438788253633 
-9.10173249884133 
-9.049792429114927 
-9.401847542294423 
-9.084517117689746 
-8.644521707306057 
-9.01839135546153 
-8.859720854577505 
-11.019642507005678 
-7.325268899648791 
-7.137647816378816 
-7.609089765572912 
-8.07815446118689 
-7.676027309150991 
-7.093341666000839 
-6.489242343393562 
-6.473770885333508 
-7.3658262812329 
-7.174200615102069 
-6.493295764576967 
-7.183282934991421 
-6.559833401871935 
-5.999641974267921 
-5.911633948665223 
-5.870540496179464 
-5.959435098902819 
-6.1338124272157355 
-5.88100957867756 
-5.503240264080043 
-5.02426546794424 
-1.4773895421209606 
-1.1702883375519524 
-1.4181711104104875 
-1.432054250687382 
-2.902768908140698 
-2.4351796232091254 
-6.739026117306824 
-6.805570008138145 
-6.764071323463523 
-6.895363879042426 
-5.940629030220814 
-6.048170482872649 
-5.308387085445715 
-5.130753133948328 
-5.1659084389427985 
-6.022674039016079 
-6.242408777881525 
-6.312810462909869 
-6.340696095791835 
-4.892667667969233 
-5.561846132517323 
-5.81280517019154 
-6.7218104975021244 
-6.850554267529207 
-6.891948243850935 
-6.640310970702526 
-6.916262075929657 
-5.902842457398501 
-5.925860260010243 
-7.0140468684445985 
-5.51256580124235 
-4.352675253393408 
-5.455163511646978 
-8.17385295378636 
-7.463977378547888 
-6.9809921234511405 
-6.424390880512365 
-7.69949024165308 
-6.159415613458987 
-7.381605253053245 
-7.857463722062357 
-7.976921284032852 
-7.607702871008692 
-7.968007019100502 
-7.971357982710165 
-9.393734977944971 
-9.292523192593865 
-9.14812026374254 
-9.185355472342149 
-7.54116720564934 
-7.3706120458118765 
-7.2762939692971695 
-8.022624647981521 
-7.769692192241332 
-9.215204794756028 
-7.951129981861359 
-8.118081370840882 
-8.001477288783072 
-8.014756729005075 
-8.36683437007217 
-7.651909817342227 
-7.541742609620314 
-7.64491300013136 
-7.556443037728378 
-7.487712935777977 
-8.492460489940472 
-8.077005636941394 
-8.541058554783435 
-8.090934761102766 
-7.641583469308738 
-9.362487155895412 
-7.8663347082858515 
-8.462426606004076 
-7.225144833505372 
-6.898802224284231 
-6.577043032599451 
-4.433261490125531 
-5.747667270343626 
-6.131103442558929 
-6.430409311311015 
-6.46500428246635 
-6.851217138925554 
-6.897649886286027 
-7.42501566239847 
-7.594012003024018 
-7.842505729498017 
-5.030957987885544 
-5.103522804016043 
-5.407075352251202 
-5.42488925986827 
-5.374854716505681 
-5.295575641503366 
-5.720784849587596 
-5.5173262842837225 
-6.561951713455312 
-7.4052007504171895 
-7.445571311925491 
-6.521824211745141 
-3.9720236799489417 
-4.201463552648572 
-4.01441488499196 
-6.2641935176105585 
-6.340194809793246 
-6.344473486947583 
-4.97679283111157 
-5.656658144839956 
-5.691454511325266 
-6.527194709895586 
-6.369432477445128 
-5.877349122069679 
-6.379008975019049 
-6.438461880045848 
-6.421766649044711 
-6.635445774598605 
-6.634706022698068 
-6.427181370304099 
-7.097995529037202 
-7.497572712575315 
-6.670744473895663 
-7.034391455736017 
-6.439374854791043 
-6.455744828544977 
-6.8320714833799325 
-5.766900860323724 
-6.257998128743119 
-6.2965578922500205 
-6.5977854513392495 
-6.4839948863101 
-6.1630406277142455 
-7.286891503857464 
-6.836555638824014 
-8.287163407805567 
-7.094832914220853 
-7.060466840868668 
-8.523858685490099 
-9.766757069148042 
-10.466377285262292 
-9.38893196110272 
-9.66608951049065 
-9.409641638862345 
-5.942622201789545 
-7.04851241449083 
-6.974044975549653 
-7.625784053823196 
-7.850919477852289 
-8.05686584378734 
-8.11420985514659 
-7.953648214989935 
-4.838888941430203 
-5.002592308461941 
-5.044402866670241 
-5.05469240945958 
-4.991649342150598 
-5.038778068751762 
-5.267152931090789 
-5.522887443179296 
-5.118096390783032 
-5.130855365073827 
-5.208129566429335 
-4.27806100041631 
-4.435714314278427 
-5.839150723177301 
-5.982579503984075 
-3.9375842378185038 
-3.572337036818329 
-4.431350203918722 
-4.4912167649481844 
-4.217468934496681 
-5.137158292266123 
-7.094788948625877 
-6.852906350765419 
-7.937657743451792 
-7.678538156837091 
-8.07034603771813 
-7.813737537412897 
-7.883096019325835 
-7.761485696977136 
-7.945495083834921 
-7.619835242204331 
-7.579384030134274 
-5.127445540425616 
-4.799087930040896 
-5.443662333159991 
-5.9392751749360375 
-6.267000985274636 
-5.412439838080745 
-6.673172895081853 
-7.083510021912087 
-5.9006358128806635 
-5.908023372047057 
-6.553220541711179 
-6.767229657963234 
-7.415150039907667 
-8.765627963089425 
-9.575325471659445 
-8.476130012552401 
-8.523941512039272 
-8.454777602919679 
-10.65633739632006 
-9.237746031037972 
-9.704709459975424 
-9.468629295832798 
-9.626062301819852 
-10.14805287626782 
-10.205594117758574 
-7.215999003144434 
-7.473344003475619 
-8.310965115077993 
-8.21779134950184 
-9.485060265897957 
-7.640857891732557 
-8.602175842095793 
-6.505683365139353 
-5.573295295798339 
-7.036548732780202 
-5.902818994786269 
-5.436480090506836 
-5.594361764731519 
-5.593288027000499 
-5.582636634553913 
-4.455157953308273 
-5.2065080122729395 
-6.302584612566586 
-6.7540730694516435 
-6.240678490382831 
-7.604806297796036 
-7.302764466129494 
-7.2378794847729235 
-7.636184754525022 
-8.306537443472433 
-7.245905309736074 
-7.620236973135486 
-8.884918473212094 
-8.734003169300802 
-8.431505271529007 
-7.580730731572703 
-7.5618405177350905 
-7.107870653190885 
-7.148014863731428 
-5.211667518873627 
-5.871818872671078 
-5.88941727532457 
-5.320851795264 
-5.778665612918701 
-6.5173924716391465 
-6.407675796062567 
-4.43248897250764 
-1.9129863755289913 
-4.583479238630742 
-4.725815940201312 
-5.329495192183693 
-5.881944917549005 
-5.43002614146595 
-5.440287254592157 
-5.976596343883637 
-5.715612683930303 
-3.5639194592701946 
-5.429162623935809 
-4.337599919640509 
-5.424979338893854 
-5.4786789294613065 
-8.634325346088525 
-8.222937074055926 
-9.541258898367335 
-8.672890809541492 
-9.55644924070791 
-8.176404384472614 
-7.9819556451981555 
-6.516183881249869 
-6.6217036997736525 
-8.639125484921845 
-8.585558059326873 
-8.558278086335557 
-5.426511268738414 
-8.062734273230333 
-8.219968951961814 
-8.118434293707725 
-7.730412642480394 
-8.24035695898217 
-8.007559828259236 
-7.791261853192726 
-7.858376099492329 
-8.40887676020097 
-8.43047874922187 
-7.8040702729310505 
-7.653511647643956 
-8.551225362308205 
-9.774311944945508 
-10.518430130686754 
-10.064971805519527 
-10.372112208114872 
-10.480788521470904 
-10.520210221040378 
-9.407553052149092 
-10.108374390993454 
-10.09913121054414 
-6.55770135358528 

 Time 
589.1451439857483 
